  -2.0000000e+00  -3.0000000e+00
  -2.0000000e+00   3.0000000e+00
  -2.0000000e+00   1.9006154e+00
  -2.0000000e+00  -2.4660118e+00
  -2.0000000e+00   7.9611702e-01
  -2.0000000e+00  -2.9591707e-01
  -2.0000000e+00  -1.3812485e+00
  -2.0000000e+00   2.4530416e+00
  -2.0000000e+00  -1.9283930e+00
  -2.0000000e+00  -8.4071083e-01
  -2.0000000e+00   2.5206582e-01
  -2.0000000e+00   1.3547512e+00
  -1.4848361e+00   1.3267049e+00
  -1.4819555e+00   2.4070036e-01
  -1.4815276e+00  -1.9109080e+00
  -1.4811322e+00  -8.3521101e-01
  -1.4748110e+00   3.0000000e+00
  -1.4565519e+00  -3.0000000e+00
  -1.4329335e+00   2.4059288e+00
  -1.2720886e+00  -2.4483506e+00
  -1.2630560e+00   7.7687166e-01
  -1.2624390e+00  -1.3698067e+00
  -1.2597238e+00  -2.9926568e-01
  -1.2595975e+00   1.8589592e+00
  -9.4751853e-01   3.0000000e+00
  -8.6070399e-01  -3.0000000e+00
  -8.5236074e-01  -1.9011223e+00
  -8.5045908e-01   1.3044925e+00
  -8.4697796e-01   2.3212184e-01
  -8.4559906e-01  -8.3364483e-01
  -8.2177329e-01   2.4055856e+00
  -5.7423081e-01  -2.4369230e+00
  -5.5886217e-01   1.8405652e+00
  -5.4964607e-01   7.6074333e-01
  -5.4961130e-01  -1.3637698e+00
  -5.4393854e-01  -3.0294321e-01
  -3.8963195e-01   3.0000000e+00
  -2.5176221e-01  -3.0000000e+00
  -2.0455118e-01   2.4032352e+00
  -1.8164884e-01  -1.8934788e+00
  -1.7816843e-01   1.2893763e+00
  -1.6708348e-01   2.2399009e-01
  -1.6596485e-01  -8.3305910e-01
   1.0335292e-01  -2.4291904e+00
   1.1735326e-01   1.8270592e+00
   1.4813232e-01  -1.3616100e+00
   1.4814448e-01   7.5126027e-01
   1.5749916e-01  -3.0586673e-01
   1.8988184e-01   3.0000000e+00
   3.4860282e-01  -3.0000000e+00
   3.9820815e-01   2.4016014e+00
   5.1140668e-01  -1.8918866e+00
   5.1398312e-01   1.2808343e+00
   5.3466874e-01   2.2297446e-01
   5.3528608e-01  -8.3583148e-01
   7.6885741e-01  -2.4241699e+00
   7.7792967e-01   1.8148567e+00
   7.8357113e-01   3.0000000e+00
   8.3238401e-01  -1.3673235e+00
   8.3372357e-01   7.5462623e-01
   8.4179039e-01  -3.0672480e-01
   9.2457763e-01  -3.0000000e+00
   9.7003730e-01   2.3966473e+00
   1.2326795e+00  -1.9011234e+00
   1.2352343e+00   1.2913606e+00
   1.2553593e+00   2.3181067e-01
   1.2554178e+00  -8.4403137e-01
   1.3859547e+00   3.0000000e+00
   1.4146790e+00  -2.4206603e+00
   1.4213611e+00   1.8170853e+00
   1.4639194e+00  -3.0000000e+00
   1.4799310e+00  -3.0565743e-01
   1.4804099e+00  -1.3836586e+00
   1.4827898e+00   7.7403835e-01
   1.4955382e+00   2.4226229e+00
   2.0000000e+00   2.4558509e+00
   2.0000000e+00   7.9535075e-01
   2.0000000e+00  -1.3926985e+00
   2.0000000e+00  -3.0256022e-01
   2.0000000e+00   1.8944223e+00
   2.0000000e+00  -2.4677496e+00
   2.0000000e+00  -8.4693618e-01
   2.0000000e+00   2.4154266e-01
   2.0000000e+00   1.3397824e+00
   2.0000000e+00  -1.9331401e+00
   2.0000000e+00  -3.0000000e+00
   2.0000000e+00   3.0000000e+00
