1371715145.8346	1.57172 0.221009	1.145806405049e-09 1.6111872838258e-10	0.056845 -0.049231	0 0
1371715145.8688	1.548877 0.214237	-0.66813915210008 -0.19807548649572	0.024703 -0.096707	0 0
1371715145.8994	1.567734 0.213297	0.61630282568006 -0.030721994810377	0.035373 -0.086674	0.56555479746082 -0.028179816192326
1371715145.9314	1.570668 0.212309	0.091744732401926 -0.030894272533436	0.046532 -0.06933	0.37136271872331 -0.036702721283131
1371715145.9677	1.562356 0.208856	-0.22908790032986 -0.095168493724619	0.036874 -0.076954	0.21092745733901 -0.06996571514523
1371715145.9982	1.571056 0.206685	0.28523758930665 -0.071178253607442	0.042824 -0.072034	0.18246361461242 -0.074162539217141
1371715146.0337	1.569426 0.207397	-0.045923139320092 0.020059678034297	0.043901 -0.051843	0.15104171952644 -0.057220860701196
1371715146.0654	1.557595 0.20358	-0.37287674892734 -0.12030010571006	0.020749 -0.066289	0.096051134927021 -0.073262835419878
1371715146.1026	1.561381 0.20251	0.10161600645033 -0.028718733994152	0.011082 -0.061602	0.071734130241218 -0.069274575104851
1371715146.1337	1.558701 0.199721	-0.086182126197961 -0.089687294763474	-0.001234 -0.066163	0.04891510256466 -0.073541514447748
1371715146.1714	1.560261 0.200341	0.041363944773176 0.016439516512415	-0.005198 -0.047843	0.037154325983247 -0.054448751086489
1371715146.2021	1.577587 0.202827	0.56546766192011 0.081135438504755	0.02214 -0.002317	0.057375667021317 -0.0078266496270967
1371715146.2343	1.565304 0.199579	-0.38121007830109 -0.10080357683969	0.016545 -0.014007	0.045203055302455 -0.018370450445502
1371715146.2705	1.577466 0.200964	0.33651607172166 0.038322213397015	0.032949 0.001104	0.055144867370639 -0.0021581126621754
1371715146.3025	1.570264 0.199364	-0.22455677526018 -0.049887647933393	0.029446 -0.009437	0.046330413680507 -0.011810834333603
1371715146.3349	1.566127 0.196707	-0.12761893155642 -0.081963621258256	0.017675 -0.032264	0.030074678000056 -0.03391408536337
1371715146.3711	1.566036 0.197026	-0.0025183203177595 0.0088279580369753	0.010051 -0.032277	0.018601016630601 -0.033366332481181
1371715146.4025	1.565324 0.196369	-0.02263410980749 -0.020885688403821	0.00332 -0.029899	0.0086744813392061 -0.030546853941489
1371715146.4393	1.564622 0.195263	-0.019083429415844 -0.03006591586029	-0.00283 -0.029912	-3.3772989459069e-05 -0.030227977560495
1371715146.4688	1.566323 0.198817	0.057615833964579 0.12038017278667	-0.001153 0.001399	-0.00031809036891961 0.0013126973353097
1371715146.5027	1.576486 0.199566	0.30043141665434 0.022141408154491	0.015558 0.02505	0.015001939953547 0.025136908667981
1371715146.5354	1.576939 0.195158	0.01383039534139 -0.13457921118067	0.023096 -0.000492	0.021601110827038 -0.00028464945627684
1371715146.57	1.567274 0.195501	-0.27942367267038 0.0099164324600043	0.012471 -0.015334	0.010358870024348 -0.015055651323487
1371715146.6069	1.563676 0.192884	-0.097554564443352 -0.070956168746041	-0.002121 -0.037313	-0.0045617486756735 -0.037001072293729
1371715146.6367	1.563781 0.193461	0.0035173624688526 0.019328744233595	-0.01008 -0.033516	-0.012620056430585 -0.033196013191531
1371715146.6712	1.565809 0.194675	0.058836885328904 0.035220896838901	-0.01042 -0.014849	-0.012893542340735 -0.01453833714469
1371715146.7038	1.565618 0.196527	-0.0058668038374238 0.056886495847675	-0.00956 0.008279	-0.011858343321264 0.0085670303901092
1371715146.7367	1.565618 0.196527	0 0	-0.00956 0.008279	-0.011601119359824 0.016241176041612
1371715146.7738	1.563676 0.192884	-0.05243251239467 -0.098358209399481	0 0	-0.016736273419053 -0.0092774452762442
1371715146.8407	1.561285 0.195556	-0.035700461231218 0.039896123968972	-0.071703 0.080166	-0.020585956102006 -0.0008493083943455
1371715146.8729	1.567533 0.194596	0.19411572711515 -0.029825719915261	0.032112 0.026782	-0.012960822105969 0.00090737513741004
1371715146.9445	1.56404 0.192558	-0.048803306713213 -0.028474417143295	0.011814 -0.010579	-0.013904546612334 -0.014248564870523
1371715146.971	1.564242 0.194813	0.0076174367992737 0.085036237536524	0.007654 0.00235	-0.011228550996779 -0.0018818627731143
1371715147.0411	1.577884 0.196956	0.19469955685616 0.030585042540884	0.048026 0.027093	0.014027250767724 0.026226071924629
1371715147.0747	1.573702 0.193665	-0.12427875589313 -0.097800426983328	0.048731 0.004699	0.020661111376112 0.0064144341097998
1371715147.1086	1.539679 0.18724	-1.0035147288876 -0.18950657299776	-0.027176 -0.068759	-0.035225064997419 -0.068038666950928
1371715147.1398	1.506635 0.180448	-1.0608721516181 -0.21805603600625	-0.129914 -0.146165	-0.12833732833763 -0.14617335718152
1371715147.2161	1.468387 0.175537	-0.50139626131256 -0.064378713640086	-0.250093 -0.195771	-0.24968916763139 -0.19548817967432
1371715147.2398	1.442001 0.172623	-1.1102841684625 -0.12261684480026	-0.353266 -0.197807	-0.36028267492417 -0.1966570742642
1371715147.2745	1.361457 0.155876	-2.325568415018 -0.48354060198532	-0.553734 -0.312497	-0.57222487961843 -0.30993737037458
1371715147.3104	1.319153 0.148038	-1.1768487279866 -0.21804416438065	-0.726044 -0.343488	-0.75344941929178 -0.33998402915487
1371715147.341	1.283955 0.142855	-1.1501064340347 -0.16935626023075	-0.857515 -0.308363	-0.88885723459066 -0.30456011183785
1371715147.3756	1.248658 0.136851	-1.0205307048281 -0.17359170331155	-0.957941 -0.261961	-0.98899315836445 -0.2583310178477
1371715147.4108	1.209002 0.132244	-1.1262361999377 -0.13083947380253	-1.040441 -0.214372	-1.0685310034312 -0.21117925023405
1371715147.4434	1.182831 0.124794	-0.80316328982739 -0.22863346869489	-1.079319 -0.191466	-1.1029931694198 -0.18887328420221
1371715147.4797	1.144033 0.110129	-1.0686977513102 -0.40395001090169	-1.115627 -0.251647	-1.1345595253977 -0.24971649202988
1371715147.5099	1.204274 0.097902	1.9938690471659 -0.40469176872391	-0.947397 -0.24924	-0.96252396829552 -0.24789697278803
1371715147.5467	2.260222 0.160303	28.723900358594 1.6974321711643	-0.947397 -0.24924	-0.96252396829552 -0.24789697278803
1371715147.5766	1.082548 0.085288	-39.339939223447 -2.505859466072	-0.947397 -0.24924	-0.96252396829552 -0.24789697278803
1371715147.6117	1.050968 0.07698	-0.89966053100952 -0.23668080087483	-0.947397 -0.24924	0 0
1371715147.6448	2.476336 0.256655	43.105468220256 5.4336669565155	0 0	0 0
1371715147.678	2.476336 0.256655	0 0	0 0	0 0
1371715147.7146	2.476336 0.256655	0 0	0 0	0 0
1371715147.8787	0.957116 0.0018	-9.2590791922662 -1.5532461575973	0 0	0 0
1371715151.458	1.131434 -0.572906	0.04870114123419 -0.16056195042472	0 0	0 0
1371715151.4937	1.142476 -0.566791	0.30965676745741 0.17148624642294	0 0	0 0
1371715151.5274	1.150054 -0.562684	0.22514050342834 0.12201795296651	0.227303 0.123191	0.22729646202288 0.12318850192426
1371715151.5587	1.15763 -0.558578	0.24205157836043 0.13118582111245	0.227303 0.123191	0.22730647789668 0.12319320232353
1371715151.5987	1.165206 -0.554471	0.18906436070685 0.10249304770631	0.227303 0.123191	0.22730015350314 0.12320117601407
1371715154.1108	2.591893 0.035263	0.56792561099619 0.23475719781229	0.227303 0.123191	0.22730015350314 0.12320117601407
1371715154.1422	2.605145 0.039547	0.42264199438839 0.1366283054603	0 0	0 0
1371715154.2086	2.652439 0.045177	0.71206672975874 0.084766263977285	0 0	1.4177710147904 0.16891144676074
1371715154.2427	2.73595 0.080177	2.4514499369694 1.0274185172484	2.503401 1.050017	1.8768318950658 0.56648605468138
1371715154.2737	2.739415 0.102805	0.11160117765407 0.72880561268574	1.531796 0.877502	1.5382077421325 0.63808644656611
1371715154.3101	2.770447 0.133039	0.85198987836537 0.83008062588614	1.301527 0.865232	1.3854937461669 0.70521967921266
1371715154.3449	2.748362 0.153059	-0.63603295710626 0.57656236365259	0.974036 0.803635	1.1351965518023 0.70356302835429
1371715154.3782	2.815943 0.183058	2.0287378945319 0.90055057039794	0.974036 0.803635	1.102994021731 0.73585341888528
1371715154.408	2.848411 0.209846	1.0875920413376 0.89732707907326	0.974036 0.803635	1.0806772598116 0.76004631847451
1371715154.919	3.170028 0.469811	0.62942076132245 0.50876467418448	0.974036 0.803635	1.0806772598116 0.76004631847451
1371715154.944	3.204086 0.489119	1.3642794238399 0.77343082727994	0 0	0 0
1371715154.9825	3.19874 0.499887	-0.13863453186597 0.27923992501546	-0.160161 0.322991	-0.16015750767315 0.32299214220777
1371715155.0109	3.228731 0.510942	1.0579949810254 0.38998814695196	0.265125 0.332836	0.26512463829157 0.33282732786216
1371715155.0476	3.233197 0.529209	0.12157639617328 0.49727631636746	0.286973 0.387953	0.2869750503984 0.38794666448882
1371715155.0876	3.221072 0.534485	-0.30292126157787 0.13181134648122	0.197807 0.354497	0.19780832534356 0.35449495996424
1371715155.115	3.237119 0.54836	0.58691800699355 0.50747724478317	0.197807 0.354497	0.19780812198952 0.35449459728415
1371715155.1462	3.243713 0.560177	0.21096776109294 0.37807188851004	0.197807 0.354497	0.1978091350984 0.35449656631919
1371715158.579	2.73141 0.8401	-0.14923886927717 0.081544304844344	0.197807 0.354497	0.1978091350984 0.35449656631919
1371715158.61	2.746082 0.840601	0.47376190038031 0.016177393135944	0 0	0 0
1371715158.6801	2.688499 0.820859	-0.82110207733679 -0.28151011949331	0 0	-1.7263061203298 -0.59258123078809
1371715158.7092	2.760261 0.850277	2.469006493815 1.0121405902156	2.151357 0.88295	-0.13563289383071 0.10589804167219
1371715158.7763	2.774106 0.858114	0.20626039426295 0.11675425856545	0 0	0.16099314701773 0.2291908873354
1371715158.8109	2.7861 0.858205	0.34710882616434 0.0026335587111005	0.359522 0.002814	0.25081563274396 0.21923413070744
1371715158.8811	2.760626 0.851728	-0.36287273673772 -0.092263747972449	0 0	0.171015358758 0.13342829669789
1371715158.9506	2.799202 0.862225	0.55436407621332 0.15084922511435	0 0	0.2172037666953 0.14369902019763
1371715159.0116	2.748484 0.850219	-0.83144114109274 -0.19681932134468	0 0	0.11733019829015 0.039072671550263
1371715159.0437	2.766177 0.853626	0.55106575284036 0.1061143401304	0.530368 0.102305	0.090910606285524 0.007008497307082
1371715159.1159	2.789364 0.859207	0.32137642498885 0.077353768398791	0 0	0.10925732769238 0.028699399425998
1371715159.1793	2.780338 0.859135	-0.14225138522468 -0.001134732964346	0 0	0.10265549831643 0.024489037828618
1371715159.2467	2.797878 0.860406	0.26046135873933 0.018873796291773	0 0	0.11615824520491 0.037092153531665
1371715159.4498	2.821956 0.869207	0.11856066854816 0.043336342050518	0 0	0.15517099994193 0.09074265031828
1371715159.4873	2.839267 0.874518	0.46090111686366 0.14140406860741	0.518942 0.159459	0.19554451334104 0.13741014343046
1371715159.5842	2.809494 0.866746	-0.30746146912386 -0.080260321030149	0 0	0.16967780839721 0.078882434338216
1371715159.6146	2.806532 0.858587	-0.097334851555588 -0.26811446787374	-0.088844 -0.24476	0.1354453559334 -0.00079267804113861
1371715159.6506	2.798698 0.860261	-0.21777977926536 0.046536041676058	-0.143793 -0.11635	0.10235642856886 -0.046317779748946
1371715159.6863	2.799202 0.862225	0.014094364838924 0.05492327885641	-0.112019 -0.054184	0.080742507224114 -0.057726739228375
1371715159.7181	2.764059 0.848514	-1.104851328756 -0.43105644277876	-0.243935 -0.122365	0.010224666740643 -0.14418781386404
1371715159.75	2.769474 0.847772	0.17005208265948 -0.02330168888889	-0.243935 -0.122365	-0.026531365206675 -0.16454759202588
1371715159.789	2.821956 0.869207	1.3452141492581 0.5494200924002	-0.043884 0.043553	0.033710714332933 -0.020860184752136
1371715159.8158	2.794582 0.864017	-1.0201958175259 -0.19342501252865	-0.043884 0.043553	0.032091540307308 0.010983892479714
1371715159.8497	2.793119 0.865469	-0.043139929781152 0.042815569406852	-0.043884 0.043553	0.026536974985596 0.03019844219138
1371715159.8877	2.812942 0.868261	0.52156153006342 0.073460111584373	0.005829 0.066673	0.044487784652561 0.065288812902631
1371715159.9197	2.80433 0.871318	-0.26977367375928 0.095761509600809	0.005829 0.066673	0.044741792327251 0.077244836461406
1371715159.9492	2.804525 0.87354	0.0066054698756165 0.075268482377643	0.005829 0.066673	0.042196393339108 0.081155181545921
1371715159.9852	2.767773 0.848117	-1.0202128502465 -0.70572679831894	-0.086837 -0.091727	-0.029780937024082 -0.062853984485945
1371715160.0179	2.808729 0.863786	1.2534342798853 0.47954052474662	-0.036085 -0.016586	-0.0091320009611688 -0.026299199740186
1371715160.057	2.790975 0.857927	-0.45385696132819 -0.14977739869449	-0.036085 -0.016586	-0.021036458030309 -0.043163099800327
1371715160.0846	2.789772 0.857375	-0.043645316171886 -0.020026778492838	-0.036085 -0.016586	-0.028527857500329 -0.048448100745653
1371715160.1182	2.799202 0.862225	0.28007964083899 0.14404944412185	-0.013983 0.020373	-0.015605769183806 -0.0161751493263
1371715160.1528	2.788392 0.860455	-0.31294294911792 -0.051240427376385	-0.021819 0.008952	-0.021432509765697 -0.013798068387575
1371715160.1838	2.790711 0.861312	0.074655115061363 0.027589233983436	-0.021819 0.008952	-0.021162023508463 -0.0041809056472223
1371715160.2211	2.787964 0.858777	-0.073644012783469 -0.067960528724464	-0.02758 -0.005903	-0.026246034241798 -0.010192456234658
1371715160.2518	2.839267 0.874518	1.6750377782864 0.51394206319329	0.046954 0.097989	0.044664964655773 0.095848094435493
1371715160.285	2.839267 0.874518	0 0	0.046954 0.097989	0.086424670361419 0.13582606406357
1371715160.3197	2.807924 0.876963	-0.90325244272827 0.070460779838262	0.046954 0.097989	0.073324950419095 0.11529152726333
1371715160.3525	2.809489 0.880229	0.047619324313549 0.099376813551452	0.046954 0.097989	0.063600974534986 0.10208642717121
1371715160.8541	2.817517 0.791667	0.016006252174533 -0.17657519993535	0 0	0.013567912243376 -0.26776315810242
1371715160.896	2.810967 0.786749	-0.15619778490368 -0.1172794971231	-0.19636 -0.147562	-0.027024054803569 -0.44606403619018
1371715160.9205	2.812926 0.77418	0.079949417998883 -0.51295775131601	-0.094348 -0.246776	-0.044941818018071 -0.52637083118868
1371715160.9571	2.808159 0.767362	-0.1303771407109 -0.18647185763936	-0.094348 -0.246776	-0.04992181785948 -0.52827474016336
1371715160.9912	2.805014 0.759136	-0.092121026027807 -0.24094993961995	-0.094348 -0.246776	-0.047932614977747 -0.4928766989585
1371715161.0572	2.802309 0.733738	-0.041036445550424 -0.3853026410683	-0.093401 -0.353851	-0.056221298664926 -0.51080207836038
1371715161.0951	2.7666 0.713833	-0.94129655617636 -0.5246998782013	-0.190587 -0.408795	-0.10090169757029 -0.55954066499483
1371715161.1597	2.785463 0.704139	0.29206485443115 -0.15009684031467	-0.170026 -0.401863	-0.10132085890126 -0.52779691676791
1371715161.1874	2.793312 0.699469	0.28289773307782 -0.16831856459083	-0.134303 -0.354826	-0.081867734699441 -0.44988456910376
1371715161.2268	2.776548 0.683745	-0.42578259681843 -0.39936802388291	-0.134303 -0.354826	-0.086943414940416 -0.423385440866
1371715161.2546	2.787367 0.676822	0.38914479869651 -0.24901094753452	-0.10738 -0.318214	-0.072468367608888 -0.3693024092218
1371715161.3226	2.774501 0.665272	-0.18922291431237 -0.16986823102035	-0.10738 -0.318214	-0.074897321918289 -0.34633985836504
1371715161.3565	2.781463 0.654334	0.20534404410566 -0.32261608078535	-0.092763 -0.310993	-0.067478063178392 -0.32445591431191
1371715161.4281	2.728956 0.627502	-0.73308208299796 -0.37461783097494	-0.155263 -0.412354	-0.1276160039837 -0.41809093542506
1371715161.4557	2.752029 0.61954	0.83543548914863 -0.28829096192959	-0.155263 -0.412354	-0.13493102013308 -0.41752420246786
1371715161.5345	2.777312 0.618932	0.32108647532307 -0.0077214166434525	-0.107802 -0.324941	-0.10062550464571 -0.34067392679822
1371715161.556	2.754163 0.605168	-1.0755471486364 -0.63950196353324	-0.107802 -0.324941	-0.10049258366776 -0.3258235622315
1371715161.5901	2.75057 0.594337	-0.10536050360054 -0.31760634970706	-0.107802 -0.324941	-0.10134873102706 -0.31811078307352
1371715161.7599	2.745762 0.563386	-0.028323174633851 -0.18232749128376	0 0	-0.11438834227562 -0.4005326452325
1371715161.8289	2.696085 0.541205	-0.71904959695209 -0.32105882219124	0 0	-0.1754419044704 -0.5121884014874
1371715161.9592	2.712882 0.526327	0.12896254830348 -0.11422901670889	0 0	-0.19155872679049 -0.54105259082189
1371715161.9965	2.721728 0.522232	0.2371332267103 -0.10977397279885	0.265133 -0.12281	-0.17935197143477 -0.48618332515602
1371715162.1706	2.749339 0.495235	0.1586019558633 -0.15507504264393	0 0	-0.14428157911897 -0.48370764539208
1371715162.1955	2.763043 0.490699	0.55046775475493 -0.18220386278228	0.410783 -0.136014	-0.093575550003029 -0.42387035554412
1371715162.2341	2.699183 0.495264	-1.6550086408265 0.11830746077941	-0.53464 -0.032785	-0.10726931159659 -0.35132831267403
1371715162.2639	2.71458 0.503093	0.51621223062597 0.26248136348449	-0.408639 0.059666	-0.088646294705299 -0.21955865863463
1371715162.2989	2.689405 0.486211	-0.71924475474938 -0.48231539025537	-0.43287 -0.034437	-0.1109759946857 -0.20573756757135
1371715162.3294	2.728972 0.498974	1.2973118701719 0.41846971969075	-0.282752 0.022505	-0.071469328168726 -0.088938916711353
1371715162.3756	2.691818 0.49688	-0.80495036475961 -0.045367014690386	-0.282752 0.022505	-0.082272153261834 -0.046471398682439
1371715162.3994	2.694088 0.491247	0.095098484588176 -0.23598668003756	-0.259124 -0.003765	-0.089699335522132 -0.038515316821713
1371715162.438	2.722411 0.496106	0.73457378303241 0.12602104338363	-0.185447 0.027114	-0.059509586169585 0.010802716662948
1371715162.4667	2.690656 0.493053	-1.1065979022931 -0.10639091153207	-0.186885 0.010783	-0.071868747493005 0.0025564251166516
1371715162.5004	2.715065 0.496463	0.72338170776101 0.10105828274264	-0.148672 0.032795	-0.050719451023492 0.029311133582799
1371715162.5348	2.704728 0.494596	-0.30067769180838 -0.054306399400816	-0.13279 0.027663	-0.046610078837574 0.024907636728731
1371715162.5777	2.688692 0.497898	-0.37341693839662 0.076890916100378	-0.13279 0.027663	-0.057110599922595 0.02410568018595
1371715162.6007	2.727588 0.493665	1.6929027102773 -0.18423635264818	-0.08407 0.032585	-0.025729225555215 0.027387043625975
1371715162.6381	2.692172 0.494145	-0.9481908214117 0.012851016328145	-0.090365 0.009357	-0.038304880096572 0.0048464137071616
1371715162.6703	2.719222 0.497213	0.83829057646555 0.095078576288218	-0.060594 0.028279	-0.015328968156335 0.023465592033579
1371715162.7018	2.678342 0.484858	-1.3013786764829 -0.39331050753292	-0.087755 -0.043511	-0.048921433611653 -0.049232372405799
1371715162.7381	2.673944 0.492345	-0.12096652955873 0.20592915116104	-0.10103 -0.041717	-0.068667735341996 -0.047302765204451
1371715162.7709	2.698511 0.492639	0.74945243887147 0.008968902064893	-0.081437 -0.01566	-0.054138260502767 -0.021028860735416
1371715162.8047	2.704728 0.494596	0.18384734351888 0.057871843536503	-0.057112 0.013126	-0.034300563988037 0.0081819106712643
1371715162.8474	2.712761 0.496046	0.18807792675126 0.033949084251129	-0.029172 0.037275	-0.010377112972115 0.032991862925236
1371715162.8714	2.713064 0.49722	0.012626165994403 0.048921184413933	-0.007637 0.048968	0.0073839549966042 0.045508224246295
1371715162.9028	2.696894 0.499951	-0.5150312919467 0.086985186042449	-0.007637 0.048968	0.0038041917331015 0.046334286664137
1371715162.9408	2.691686 0.492241	-0.13707460706083 -0.20292726966955	-0.020399 -0.001142	-0.010036640148953 0.0040174160732047
1371715162.9766	2.715716 0.488804	0.67122942220092 -0.096005639787953	0.000595 -0.016271	0.0047324853690822 -0.017524761671041
1371715163.0112	2.642789 0.482186	-2.1069751319658 -0.19120437455743	-0.070129 -0.093272	-0.065935048949148 -0.10130192096652
1371715163.0404	2.687919 0.488237	1.545127539814 0.20716965972557	-0.058886 -0.061282	-0.057764155357575 -0.070513591770976
1371715163.0757	2.681151 0.483073	-0.19169041024256 -0.14626023618389	-0.058886 -0.061282	-0.059734032127508 -0.069873357450608
1371715163.1096	2.690123 0.490961	0.26457499657604 0.23260895820239	-0.038122 -0.003761	-0.04326780509691 -0.019022201911344
1371715163.1423	2.690544 0.483721	0.012880885744096 -0.22151451968458	-0.030601 -0.016236	-0.03543473280372 -0.020693458205497
1371715163.1754	2.683199 0.485477	-0.22214567983848 0.053109300721084	-0.030601 -0.016236	-0.034422916972394 -0.015102464955801
1371715163.2223	2.708404 0.488306	0.536903801485 0.060261886705062	0.004777 0.018077	-0.0045906352340238 0.017723787209045
1371715163.246	2.690983 0.489187	-0.7360555447613 0.037223175187113	0.004777 0.018077	-0.0010974638667942 0.024371637471355
1371715163.2802	2.691142 0.48979	0.0046481894698697 0.017628039310259	0.004777 0.018077	0.0012963131442392 0.02685488486847
1371715163.3806	2.730258 0.490397	0.38981461436331 0.0060491223775063	0 0	0.042788728718052 0.050007148980397
1371715163.4479	2.778457 0.506697	0.71532134944943 0.24190829677017	0 0	0.12930876480677 0.14907036549526
1371715163.4863	2.769887 0.504649	-0.22325786028831 -0.053352636857697	-0.256901 -0.061459	0.17385858623298 0.16075239923584
1371715163.5498	2.739858 0.495858	-0.47334604156551 -0.13857221523868	0 0	0.16236603154771 0.083265958442153
1371715163.5805	2.737675 0.496483	-0.07105403945306 0.02034300259192	-0.065458 0.01874	0.14779412119494 0.03032816648579
1371715163.6163	2.750919 0.506864	0.36967598692976 0.28976188616111	0.125611 0.153454	0.15351491788526 0.048023956232518
1371715163.6488	2.752204 0.510222	0.03949583503099 0.10321168407322	0.125611 0.153454	0.1541121227302 0.06207396801285
1371715163.6882	2.661628 0.475532	-2.3015792799312 -0.88148941464419	-0.436428 -0.165122	0.031761060223003 -0.14907131035568
1371715163.7159	2.676525 0.472972	0.53806746829251 -0.092465108332472	-0.411931 -0.178814	-0.034921911269731 -0.22953307636526
1371715163.7523	2.687089 0.474211	0.28996464465633 0.034008537933471	-0.345059 -0.142799	-0.064566754057471 -0.22265243221622
1371715163.7864	2.678727 0.464021	-0.24534304774963 -0.29897699791541	-0.312797 -0.147752	-0.095230760215921 -0.23324254022427
1371715163.817	2.710017 0.477102	1.0233838800384 0.42783267928354	-0.225461 -0.052171	-0.069503347569253 -0.1283283951778
1371715163.8506	2.707296 0.466414	-0.080871742575526 -0.31766158935949	-0.176256 -0.039842	-0.059395715323651 -0.10236289216353
1371715163.8851	2.72667 0.464668	0.56145071059123 -0.050598376209986	-0.117746 -0.022323	-0.030232811172815 -0.070207470311996
1371715163.9178	2.673223 0.453138	-1.6358094722601 -0.35288946461278	-0.138433 -0.090309	-0.068676903547882 -0.12485322377243
1371715163.9538	2.680274 0.458207	0.19567054494448 0.1406685565627	-0.1339 -0.081947	-0.080345829292695 -0.10563546091223
1371715163.9892	2.6606 0.454127	-0.55711860823537 -0.11553542348279	-0.147382 -0.092599	-0.10834625769627 -0.10746051514167
1371715164.0173	2.656941 0.454275	-0.12980705525717 0.0052504630166873	-0.153643 -0.082687	-0.12717829672958 -0.091021734257489
1371715164.051	2.644723 0.44741	-0.36323046037822 -0.20409044937768	-0.168287 -0.099428	-0.15268535508014 -0.10304237903065
1371715164.0877	2.633321 0.443947	-0.31051973046081 -0.094310632045763	-0.184701 -0.111386	-0.17816620142974 -0.11186937786307
1371715164.1186	2.666018 0.449133	1.0576085469226 0.16774498958133	-0.152148 -0.055729	-0.15135097615161 -0.054549572958414
1371715164.1519	2.649505 0.44297	-0.49596160339137 -0.18510333444565	-0.143596 -0.053682	-0.14776408328582 -0.051483249536984
1371715164.2204	2.686948 0.447486	0.5467326888427 0.06594142624292	-0.091109 -0.001941	-0.098249131112718 0.00063305178938452
1371715164.2506	2.708119 0.448463	0.70102638380648 0.032350988473806	-0.028335 0.040445	-0.037595835534396 0.043115926792537
1371715164.3334	2.663686 0.439903	-0.53676702082949 -0.10340795576037	-0.031367 -0.007862	-0.042638639814303 -0.0051614146130614
1371715164.3551	2.66585 0.438742	0.099526013531129 -0.053396350143095	-0.028815 -0.034268	-0.041265309660726 -0.031642445112473
1371715164.3912	2.646989 0.443912	-0.52321997767136 0.14342014127358	-0.041182 -0.030541	-0.054166025902129 -0.028055651471228
1371715164.4268	2.678228 0.450172	0.87695510779733 0.17573350538786	-0.012257 0.021664	-0.025236914939874 0.023990589201283
1371715164.4564	2.668063 0.447593	-0.34302920717676 -0.087031217443077	-0.004707 0.027698	-0.017271457603887 0.029850370574623
1371715164.4897	2.674135 0.450903	0.18246818095061 0.099467997191453	0.008633 0.044357	-0.0032307052689871 0.046331330128406
1371715164.5347	2.655228 0.44745	-0.42048455814545 -0.076793419330208	-0.005053 0.019904	-0.015956504414484 0.021689560192382
1371715164.5556	2.685429 0.452603	1.4422591069464 0.24608328128522	0.019913 0.044688	0.010014666775244 0.046298846591017
1371715164.5967	2.661382 0.445154	-0.58551276145361 -0.18137333389063	0.007062 0.003484	-0.0016978022110462 0.0049053703160852
1371715164.626	2.679532 0.449399	0.61907161642365 0.14479113012223	0.020021 0.011164	0.012372600227584 0.012408393348326
1371715164.6599	2.639925 0.444909	-1.1685938682443 -0.13247624077604	-0.016061 -0.029893	-0.022559677420177 -0.028828443438376
1371715164.6946	2.657535 0.443478	0.50752190855746 -0.041241558838485	-0.022092 -0.040513	-0.027543831647995 -0.039617934089468
1371715164.7297	2.674066 0.454418	0.47012265263585 0.31112103441028	-0.000779 0.017257	-0.0052735746889754 0.01800941322021
1371715164.7627	2.68979 0.463014	0.47728150828262 0.26092036664954	0.034071 0.089617	0.030442807154694 0.090236669369013
1371715164.801	2.687906 0.455659	-0.049129080755768 -0.1917963847976	0.047678 0.079208	0.044829790426861 0.079694162115544
1371715164.832	2.703555 0.463352	0.50485469149534 0.24818500489959	0.075823 0.103104	0.073656651513647 0.10347564852433
1371715164.8645	2.671725 0.454026	-0.98049865099883 -0.2872802519389	0.053091 0.039103	0.051526210908523 0.039372137540085
1371715164.8975	2.65637 0.451998	-0.46524935648857 -0.061447456526136	0.018413 -0.017036	0.017357133812954 -0.016855546001651
1371715164.9324	2.677465 0.454944	0.60379865071621 0.08432286442332	0.018413 -0.017036	0.017772049160304 -0.016925187114222
1371715164.9661	2.720476 0.466379	1.2772400001699 0.33956986356846	0.077818 0.070679	0.068562083134594 0.058204299957696
1371715165.0009	2.73636 0.46766	0.45635792732229 0.03680398545076	0.125543 0.098305	0.11702908176666 0.10013320593347
1371715165.0348	2.672484 0.454153	-1.8828031870467 -0.39813110788778	0.074815 0.000431	0.072435139323066 0.007731120219921
1371715165.0668	2.735033 0.458343	1.9548998956491 0.13095382120849	0.107662 0.004942	0.10689751031877 0.014281009326222
1371715165.0995	2.730813 0.461402	-0.1292817389526 0.09371394299905	0.125478 0.014241	0.12663851096248 0.023073413013503
1371715165.1345	2.694953 0.45656	-1.0239551051474 -0.13825963801238	0.09383 -0.027688	0.096447329889348 -0.020235947355584
1371715165.17	2.739025 0.456115	1.2426230741535 -0.012546906607332	0.114147 -0.022376	0.11772496636213 -0.017013172394681
1371715165.2039	2.701458 0.457646	-1.1076484202061 0.045140941020991	0.088227 -0.034167	0.092186123453732 -0.03064078026778
1371715165.2408	2.679105 0.453613	-0.60516557890593 -0.10918591597224	0.040944 -0.066139	0.044936477687808 -0.064104163631293
1371715165.2707	2.685723 0.458496	0.22179707448662 0.16364991156213	0.016592 -0.046909	0.020534129494975 -0.046084060104898
1371715165.3093	2.788393 0.476144	2.6545507830579 0.4562921225227	0.110047 0.10004	0.11400879878749 0.1000200701545
1371715165.3371	2.704612 0.449634	-3.0208724128433 -0.9558650250591	0.072236 -0.002047	0.076063548981536 -0.0025458000443353
1371715165.3748	2.700512 0.457697	-0.10860376776997 0.21357858037299	0.044405 -0.020883	0.048053446428891 -0.021631982134891
1371715165.4067	2.652125 0.446826	-1.5160214211399 -0.34060117116606	-0.035115 -0.102482	-0.031588671326725 -0.10333632124664
1371715165.4405	2.702567 0.445309	1.4920982161884 -0.044873577454458	-0.035115 -0.102482	-0.031894855324046 -0.10330198275422
1371715165.4744	2.674509 0.452376	-0.82874735307954 0.20873752741511	-0.061438 -0.067506	-0.05419871303939 -0.073214308272221
1371715165.5129	2.717056 0.453262	1.1047180698655 0.023004682113917	-0.029081 -0.017463	-0.025065056003296 -0.017969939526971
1371715165.5448	2.698107 0.449713	-0.59354363197515 -0.11116609582985	-0.029081 -0.017463	-0.025163440366454 -0.013109169074214
1371715165.5785	2.697138 0.44913	-0.02874700685382 -0.017295670790276	-0.029081 -0.017463	-0.025651226421537 -0.011314437103322
1371715165.613	2.673761 0.449432	-0.67940412566693 0.0087770050028417	-0.060457 -0.027263	-0.049380775059871 -0.020234239147254
1371715165.65	2.645859 0.439388	-0.75258173556949 -0.270910004733	-0.11255 -0.078895	-0.099913942374716 -0.079633457083235
1371715165.6801	2.668505 0.438452	0.75423800073054 -0.031174016103673	-0.11255 -0.078895	-0.10691285747104 -0.085294627725126
1371715165.7146	2.684767 0.450016	0.4702460005929 0.3343945855895	-0.078018 0.00356	-0.082856636909812 -0.014669941251033
1371715165.7489	2.693093 0.449322	0.24308797293592 -0.020262197119569	-0.050032 0.030661	-0.056759560188762 0.026142714258561
1371715165.7789	2.666207 0.443263	-0.89673535111409 -0.20208731281709	-0.063369 -0.002084	-0.068533536565782 0.0019445974134473
1371715165.8116	2.695256 0.282552	0.88623400248762 -4.9030105261382	0.012639 -0.719764	0.0086412011343358 -0.71204387941143
1371715165.8488	2.648231 0.437877	-1.2670127743767 4.1849815880928	0.042711 -0.313035	0.042002374632882 -0.31106141467821
1371715165.8806	2.711598 0.371563	1.9898513234308 -2.0823930541447	0.042711 -0.313035	0.045009230301738 -0.31195036636825
1371715165.9172	2.743107 0.450801	0.8601985507137 2.1632045688994	0.144694 0.152217	0.14771055497789 0.080623214620226
1371715165.9498	2.736159 0.422965	-0.21352127511853 -0.85543727895782	0.144694 0.152217	0.15772294355638 0.1500705318961
1371715165.9819	2.740982 0.428039	0.15032867285942 0.15815212234889	0.144694 0.152217	0.16253520584698 0.18546414960234
1371715166.0859	2.645577 0.438258	-0.91684421188175 0.098204821563016	0 0	0.058611240550964 0.16544361160554
1371715166.115	2.709218 0.445313	2.1920989813828 0.24300778293326	1.907809 0.211876	0.050269421424953 0.20054857267396
1371715166.1516	2.612069 0.434395	-2.6511583860087 -0.29794796918593	-0.07161 -0.072448	-0.07625821170605 0.085598117312086
1371715166.181	2.677062 0.445589	2.2100465347235 0.38064500653447	0.174922 0.027111	-0.086068845637193 0.10833387728546
1371715166.2202	2.669385 0.443205	-0.19581172576348 -0.060806975930723	0.174922 0.027111	-0.10296644790864 0.091882029497878
1371715166.2511	2.698986 0.445646	0.9574956828183 0.078958378492599	0.269457 0.044308	-0.081326253938781 0.09987974683065
1371715166.2876	2.699436 0.447069	0.012351122599217 0.039056994352649	0.269457 0.044308	-0.062969523687717 0.096736715205593
1371715166.316	2.656224 0.436732	-1.5195749620451 -0.36350658110385	0.128256 -0.036456	-0.099382129773856 0.011765847154756
1371715166.3568	2.68261 0.437972	0.64725505362459 0.030417504225516	0.128256 -0.036456	-0.091712412774633 -0.0091224678871457
1371715166.3857	2.686885 0.436757	0.14775978244747 -0.0419948855377	0.128256 -0.036456	-0.078048568620352 -0.020084026418786
1371715166.4182	2.631717 0.432763	-1.6967534854553 -0.1228399329486	0.009711 -0.081259	-0.12508394851685 -0.07072893898782
1371715166.4501	2.657833 0.428613	0.81947529542377 -0.13021988344343	0.009711 -0.081259	-0.12654331928272 -0.084905271924876
1371715166.4887	2.691062 0.441296	0.85923164134496 0.32795554808084	0.067037 0.01009	-0.079827724302065 -0.0045651631639464
1371715166.5189	2.676001 0.437807	-0.49875972163753 -0.11554164190912	0.067037 0.01009	-0.062398059847818 0.014107710096361
1371715166.5522	2.678236 0.438144	0.067272364440113 0.010143528776874	0.067037 0.01009	-0.045614301451567 0.024748454096215
1371715166.759	2.634173 0.436397	-0.21299547435484 -0.0084447970791344	0 0	-0.079978722528524 -0.0057919305217903
1371715166.7929	2.612069 0.434395	-0.65195701679278 -0.059048948046469	-0.662647 -0.060124	-0.12650213430992 -0.038933634070758
1371715166.8593	2.63501 0.439772	0.34559599479926 0.081002121269153	0 0	-0.12664884958367 -0.0090268899345136
1371715166.9897	2.650336 0.439686	0.11753330548796 -0.00065952396398024	0 0	-0.10753635317351 0.018247039981817
1371715167.0565	2.668227 0.44012	0.26780210723463 0.006496345343459	0 0	-0.072202607072632 0.042660969141449
1371715167.1639	2.680393 0.443939	0.11331123669099 0.035569259651725	0 0	-0.02998265883505 0.072359590159459
1371715167.3635	2.700058 0.449803	0.098523936275557 0.029379321755397	0 0	0.023865307978249 0.11230481442376
1371715167.4004	2.693316 0.450186	-0.18262603294993 0.010374632248564	-0.202132 0.011475	0.053581215132671 0.11210427676572
1371715167.4283	2.648121 0.448442	-1.620655312484 -0.06253839727784	-0.671947 -0.026877	0.02319525603047 0.059842171681139
1371715167.4611	2.633088 0.447803	-0.45804406628069 -0.019469843567708	-0.671947 -0.026877	-0.015718453022078 0.013936499529945
1371715167.4968	2.643964 0.440594	0.30524644886379 -0.20232821348465	-0.479191 -0.064697	-0.03431693914217 -0.034480520981447
1371715167.5295	2.633507 0.439988	-0.31969908323433 -0.018527077024003	-0.433934 -0.06035	-0.056277884500566 -0.061510263647427
1371715167.5634	2.613061 0.438055	-0.60277034380864 -0.056986944858754	-0.433934 -0.06035	-0.091712439322416 -0.084688707173848
1371715167.5977	2.700058 0.449803	2.5341472677825 0.34220906585179	-0.185908 0.053928	-0.016468190717046 0.018005987340887
1371715167.6291	2.666882 0.442926	-1.0563210596139 -0.21896310365821	-0.150583 0.036106	-7.7588961338242e-06 0.018489366862931
1371715167.6676	2.692916 0.44863	0.67664652944675 0.14825197065239	-0.089009 0.062089	0.041956142451946 0.054614494047815
1371715167.7007	2.697418 0.445697	0.13612333372742 -0.088682749405267	-0.048641 0.057149	0.072810231794931 0.052666524167959
1371715167.734	2.604264 0.43672	-2.793064414503 -0.26916009241679	-0.134493 -0.047382	-0.013081079541782 -0.052768278568476
1371715167.7808	2.645561 0.440169	0.88212883822832 0.07367272109474	-0.134493 -0.047382	-0.023198046197399 -0.054158851479256
1371715167.803	2.723015 0.450617	3.4878531920723 0.47048687157244	-0.030354 0.066307	0.05485436819952 0.040700381036421
1371715167.8462	2.666316 0.452608	-1.3139920020775 0.04614116785369	-0.030354 0.066307	0.052367724980041 0.058207895403521
1371715167.8699	2.662659 0.447593	-0.15443430621923 -0.21178234774116	-0.038453 0.02886	0.039931217680718 0.033937047854284
1371715167.9043	2.635848 0.443151	-0.77819249404177 -0.12892958332526	-0.073226 -0.018339	-0.0016816393257455 -0.018641485853915
1371715167.9372	2.684107 0.447432	1.4659423128834 0.13004204483006	-0.038005 0.009625	0.022686595072107 0.0052111711849164
1371715167.968	2.65936 0.447702	-0.80337180894885 0.008765118536234	-0.038005 0.009625	0.013847997460288 0.0025993197355633
1371715168.0057	2.642549 0.438692	-0.44691071694143 -0.23952564152295	-0.063191 -0.048298	-0.015918786979288 -0.048043383344333
1371715168.0378	2.647554 0.446176	0.15580693455253 0.23297884079742	-0.062662 -0.021239	-0.02529492150361 -0.029749053449944
1371715168.0744	2.647898 0.442282	0.009383779655178 -0.10622220342224	-0.062662 -0.021239	-0.033593127152949 -0.031922950124566
1371715168.1074	2.645809 0.441574	-0.063412541205597 -0.021491660686241	-0.062662 -0.021239	-0.040583585334847 -0.031685585716518
1371715168.1384	2.676617 0.446107	0.99243579358386 0.1460241317942	-0.0134 0.026901	-0.0093761329315003 0.011013236216315
1371715168.1755	2.679955 0.442221	0.089943959244253 -0.10471007358392	0.012354 0.016116	0.013913439250254 0.015340140114334
1371715168.2044	2.663984 0.44613	-0.55385606244057 0.13555966114083	0.012354 0.016116	0.016364937651628 0.022180394580901
1371715168.2366	2.664396 0.446667	0.012781553473024 0.016659451978194	0.012354 0.016116	0.01764349229266 0.024614262049037
1371715168.2708	2.642188 0.437241	-0.6486521906672 -0.27531500131615	-0.026624 -0.049562	-0.011121022311936 -0.032043258151631
1371715168.3064	2.648549 0.43915	0.17905177437302 0.053735236170113	-0.032099 -0.042383	-0.021810083140034 -0.042707635355278
1371715168.3369	2.651248 0.436476	0.088393182550025 -0.08757442391211	-0.032099 -0.042383	-0.026487850654649 -0.05123137680502
1371715168.3729	2.69979 0.448763	1.3482812370817 0.34127830662155	0.038786 0.056414	0.028986252061188 0.032222703646837
1371715168.4092	2.669334 0.448097	-0.83935687380248 -0.018354730691898	0.038786 0.056414	0.034578581564703 0.048617552449943
1371715168.4468	2.65783 0.443116	-0.30616095847107 -0.13256152070101	0.017573 0.014117	0.020997253081926 0.02081581644851
1371715168.4747	2.630191 0.431305	-0.98908219934134 -0.42266543132604	-0.03128 -0.065271	-0.024670975665345 -0.063967743974023
1371715168.5085	2.653257 0.434012	0.68179830627634 0.080015087795459	-0.03128 -0.065271	-0.027946254463826 -0.070070749779698
1371715168.5387	2.652215 0.431837	-0.034541210062515 -0.072098974938551	-0.03128 -0.065271	-0.030214510234435 -0.07243050816092
1371715168.5741	2.667225 0.436135	0.42453843742836 0.1215633713569	-0.004634 -0.02155	-0.011446065183682 -0.035458898712291
1371715168.609	2.643635 0.443048	-0.67494547126437 0.19779135408438	-0.017036 0.006233	-0.018017821014743 0.00515705572329
1371715168.6398	2.652818 0.439043	0.2987009572379 -0.13027304080778	-0.017036 0.006233	-0.01718240433113 0.013475883228611
1371715168.6724	2.65225 0.439251	-0.017385462315369 0.0063665073267554	-0.017036 0.006233	-0.017017249141625 0.01664756476032
1371715168.7099	2.639967 0.437748	-0.3278539129815 -0.040117595962809	-0.035009 -0.010058	-0.030568907923008 0.002605934171823
1371715168.7406	2.638965 0.433609	-0.03262023027547 -0.13474564182649	-0.04478 -0.028454	-0.042421946286689 -0.02246968261303
1371715168.7755	2.648231 0.437877	0.26550181283091 0.12229243871814	-0.035554 -0.008521	-0.036332773596551 -0.0067973199575918
1371715168.807	2.632074 0.434207	-0.51316368359358 -0.11656314407306	-0.047818 -0.021847	-0.050143578503408 -0.022584963360547
1371715168.841	2.684613 0.445727	1.543677105602 0.33847542314347	0.006768 0.056331	0.0032271072477853 0.053192817704492
1371715168.8709	2.650863 0.443296	-1.1294802521344 -0.081356044235218	0.006768 0.056331	0.0032490105006758 0.053315326628315
1371715168.9064	2.639967 0.437748	-0.30730270503037 -0.15647167836898	-0.012039 0.010616	-0.012450806339513 0.01500932451694
1371715168.9437	2.653235 0.439507	0.35544358874589 0.047122797151342	-0.005051 0.011397	-0.0076107326367262 0.0095101373215183
1371715168.9741	2.700735 0.449471	1.5613714841025 0.32752643089679	0.055765 0.077185	0.050498700059358 0.074522659376569
1371715169.0108	2.656866 0.439284	-1.1949831609656 -0.27749192962585	0.041945 0.028658	0.038098763921702 0.025250788764789
1371715169.0408	2.691762 0.44414	1.1627667894118 0.1618063826623	0.070807 0.040156	0.067678965477935 0.037099489325146
1371715169.0777	2.660364 0.438491	-0.85140490824105 -0.15318129583584	0.052641 -0.004694	0.050933441689352 -0.0069172894206432
1371715169.116	2.636613 0.437443	-0.62064765808557 -0.02738574147083	0.012831 -0.045391	0.012355900275176 -0.046811056893232
1371715169.139	2.630816 0.433829	-0.25178245905002 -0.15696770864356	-0.022799 -0.077018	-0.022457155651206 -0.077885975551011
1371715169.1757	2.622868 0.434552	-0.21654840846022 0.019698603336277	-0.054112 -0.08124	-0.053207456572399 -0.081817312910747
1371715169.2084	2.666647 0.441994	1.3390977131356 0.22763345853388	-0.02346 -0.012551	-0.02255710918325 -0.012945558429227
1371715169.2435	2.659845 0.4391	-0.19385510503501 -0.082478193762316	-0.010768 0.007682	-0.0098215155560262 0.0074555862849881
1371715169.2778	2.69185 0.444485	0.93281563454176 0.15695085742876	0.034165 0.057484	0.034886705305656 0.05739778858836
1371715169.3088	2.671015 0.444429	-0.67173216166772 -0.0018054716128338	0.042566 0.060765	0.043295826693864 0.060732062376965
1371715169.3405	2.654011 0.439931	-0.53740389125324 -0.14215729845078	0.025627 0.023207	0.026458960696509 0.023172759278084
1371715169.3788	2.630949 0.438027	-0.60240665405334 -0.049734726793755	-0.012893 -0.020699	-0.011900076104933 -0.020769513930413
1371715169.413	2.615199 0.425272	-0.45927825633539 -0.37194248632113	-0.062195 -0.103194	-0.061106250628394 -0.10329876571151
1371715169.4446	2.505204 0.40093	-3.4889095730296 -0.77209906656382	-0.230272 -0.302748	-0.22880634712773 -0.3029298886461
1371715169.4807	2.463221 0.389371	-1.1621916300828 -0.31998125555886	-0.387433 -0.419711	-0.38580981530247 -0.41993675911915
1371715169.5106	2.41781 0.373134	-1.5180567072401 -0.54279110249625	-0.537823 -0.499616	-0.53621798964853 -0.4998472095976
1371715169.5581	2.366512 0.358398	-1.0811161242915 -0.31056429505165	-0.685003 -0.542418	-0.68353772610008 -0.5426326686962
1371715169.5787	2.307811 0.341001	-2.8492881589612 -0.84443307782574	-0.835433 -0.573895	-0.83418399034897 -0.57407238350591
1371715169.6155	2.285601 0.334801	-0.60330351106477 -0.16841430745617	-0.930449 -0.515887	-0.92947780245374 -0.51602541954736
1371715169.6478	2.202768 0.310459	-2.5600488039437 -0.75231740955413	-1.072039 -0.548585	-1.0713350615894 -0.54867685725384
1371715169.6808	2.129979 0.296512	-2.2071948659341 -0.42291756714864	-1.22151 -0.556939	-1.2210607619248 -0.55699461370743
1371715169.7178	2.1016 0.287518	-0.76689745000967 -0.24304858047806	-1.307495 -0.497097	-1.3072724640601 -0.49711776827524
1371715169.7494	2.04929 0.275826	-1.6563295856988 -0.37021230196884	-1.381383 -0.444296	-1.3813451183678 -0.44429298366823
1371715169.7839	2.021464 0.264177	-0.80678203746665 -0.33774901007867	-1.41074 -0.389634	-1.4108428492422 -0.38961414801571
1371715169.8192	1.997941 0.25719	-0.66580701820022 -0.19776362012349	-1.399307 -0.317585	-1.3995091459957 -0.31754955935347
1371715169.8645	1.936575 0.244269	-1.3548358973139 -0.28526927988125	-1.414451 -0.30642	-1.4147196508322 -0.30638126029127
1371715169.8917	1.895311 0.234572	-1.5180177721488 -0.35673270493716	-1.417228 -0.294668	-1.4175322613482 -0.29462340834499
1371715169.9238	1.85352 0.231461	-1.3034799177834 -0.097033476686943	-1.408071 -0.247095	-1.4083877173484 -0.24705527397464
1371715169.9568	1.85424 0.186179	0.021802277620153 -1.3711815766607	-1.344168 -0.423095	-1.3444797084655 -0.42305624033206
1371715169.9915	1.810305 0.188495	-1.2671251692579 0.066795536406081	-1.294389 -0.401034	-1.2946835816786 -0.40099691712644
1371715170.0209	1.759657 0.201807	-1.720092217812 0.45209815991773	-1.252295 -0.233692	-1.2525611671502 -0.23365972894015
1371715170.0571	1.659059 0.210903	-2.7808697993923 0.25144428015739	-1.310149 -0.090609	-1.3103799094965 -0.090582131290145
1371715170.0978	1.601135 0.189832	-1.4207819091217 -0.51683750443865	-1.393396 -0.152922	-1.3935913497941 -0.15290035999864
1371715170.1233	1.536707 0.158435	-2.528284368066 -1.232081459989	-1.485876 -0.360764	-1.4860345661455 -0.36074961470759
1371715170.1671	1.488064 0.135803	-1.110138802886 -0.51651134565953	-1.549197 -0.511209	-1.5493223842222 -0.51119511545205
1371715170.1915	1.461319 0.126744	-1.0959782368861 -0.37122702740516	-1.547126 -0.498947	-1.5472212545222 -0.49893577638249
1371715170.2305	1.425243 0.128228	-0.92616286933901 0.038098062371081	-1.509855 -0.357356	-1.5099256694303 -0.35735015794336
1371715170.2631	1.389573 0.12146	-1.0950792607286 -0.20777954686322	-1.460838 -0.260171	-1.4608858271567 -0.26016696896911
1371715170.298	1.365269 0.110989	-0.69563033155226 -0.29970149776513	-1.387125 -0.227665	-1.3871551595465 -0.22765947774858
1371715170.3265	1.326291 0.100011	-1.3685611789248 -0.38544985946525	-1.324625 -0.240145	-1.3246420541148 -0.24013989043139
1371715170.3606	1.286414 0.091385	-1.1704508821475 -0.2531862805478	-1.274069 -0.2493	-1.2740744658669 -0.24930118949231
1371715170.3971	1.24679 0.083203	-1.0854053847098 -0.22412646016797	-1.234357 -0.251743	-1.2343555792193 -0.25174699587057
1371715170.4339	1.203082 0.071908	-1.1856540220283 -0.30639613294615	-1.213484 -0.278034	-1.2134788175938 -0.27803626511966
1371715170.4645	1.167608 0.064947	-1.1600466244299 -0.22763388827469	-1.188842 -0.266798	-1.18883407266 -0.26680224275153
1371715170.4982	1.118482 0.053123	-1.4560147142655 -0.35044412289776	-1.19322 -0.291378	-1.1932094599459 -0.29137581645184
1371715170.5315	1.077782 0.043248	-1.2238724193803 -0.29694693222064	-1.198034 -0.300924	-1.1980231489999 -0.30092720345488
1371715170.5691	1.036991 0.032451	-1.0856506324179 -0.28736166993248	-1.20307 -0.310831	-1.2030597403338 -0.31082742271269
1371715170.5988	0.995477 0.020861	-1.395568865863 -0.38961899974352	-1.209523 -0.325171	-1.2095141541276 -0.32516808288903
1371715170.6342	0.953182 0.012505	-1.1971069895876 -0.23650611195163	-1.218869 -0.306589	-1.2188623894092 -0.30658661569994
1371715170.6687	0.913126 0.002028	-1.1596929774145 -0.30332792401568	-1.223125 -0.303442	-1.2231213457557 -0.30344256197723
1371715170.6977	0.868182 -0.00931	-1.5478819146529 -0.39048338261691	-1.236296 -0.314342	-1.236292444368 -0.314343441944
1371715170.7414	0.824469 -0.01894	-1.0009805900222 -0.22051662164375	-1.251945 -0.308394	-1.2519420153244 -0.30839204002218
1371715170.7734	0.785972 -0.029306	-1.2021689554924 -0.3237053119109	-1.251945 -0.308394	-1.251942085593 -0.30840041393659
1371715170.81	0.74424 -0.039585	-1.1394134522067 -0.28064868386929	-1.251945 -0.308394	-1.2519449637419 -0.30839156388551
1371715181.2961	0.114923 1.343001	-0.060014703179363 0.13185006667537	-1.251945 -0.308394	-1.2519449637419 -0.30839156388551
1371715181.3263	0.116666 1.327369	0.057703834244986 -0.51751367579897	0 0	0 0
1371715181.3597	0.119876 1.345747	0.096223008819199 0.55089920750132	0.096297 0.551207	0.096307492059078 0.55122817547452
1371715181.3976	0.123441 1.343633	0.093949331540554 -0.055710767707357	0.093832 0.300257	0.093837643893329 0.30026654453015
1371715181.4265	0.124161 1.336644	0.024951449463361 -0.24220233374921	0.060924 0.157483	0.060919256059629 0.15748731175332
1371715181.4611	0.127314 1.344091	0.090940376644364 0.21479003643215	0.065575 0.135915	0.065569229661115 0.13591863950712
1371715181.4977	0.130424 1.339599	0.0849934545265 -0.12276225007493	0.070099 0.100758	0.070098268472225 0.1007614348131
1371715181.5282	0.132502 1.346745	0.068131292403421 0.23429558013227	0.071825 0.095443	0.071826775097218 0.09544493167869
1371715181.5607	0.134772 1.346117	0.0699322796683 -0.01934690380251	0.069595 0.084623	0.069597904173567 0.084625593391405
1371715181.5978	0.134597 1.344475	-0.0047178809479431 -0.044267202951553	0.048142 0.068658	0.048144821093608 0.068659549048923
1371715181.6293	0.136303 1.337514	0.054098365621315 -0.22073782127196	0.036033 0.04247	0.036027996829431 0.042471551017229
1371715181.6599	0.135351 1.336818	-0.03115400298044 -0.022776455960491	0.015205 0.021112	0.015200209238219 0.021112571310391
1371715181.6974	0.13789 1.32879	0.067742586693639 -0.21419357462644	0.018012 -0.007016	0.018008743804415 -0.0070148863068753
1371715181.729	0.140083 1.334104	0.069359489288542 0.16806946013649	0.034989 -0.014988	0.034986387039543 -0.014986145903641
1371715181.7631	0.142208 1.334432	0.062267418383529 0.0096111591669667	0.049116 -0.018915	0.049114234752118 -0.018913186978261
1371715181.796	0.142214 1.336612	0.00018259259205532 0.066341975113364	0.044087 -0.018015	0.044089577326695 -0.018014499178879
1371715181.865	0.143913 1.327543	0.024616381723532 -0.13139844958841	0.038739 -0.032731	0.038740469559386 -0.03273135761094
1371715181.8924	0.147877 1.343077	0.14456577851975 0.56651987979967	0.067113 -0.010228	0.067110977725699 -0.010228907285665
1371715181.9665	0.148404 1.343443	0.0071131763395946 0.0049400807216142	0.064791 0.00425	0.064788483494041 0.0042480402833433
1371715181.9983	0.150621 1.341684	0.069611486423967 -0.055230764375168	0.062699 0.010726	0.062703110978536 0.010725158248301
1371715182.0287	0.153324 1.347946	0.08907573864672 0.20636044225148	0.069936 0.026406	0.069938400098199 0.026404249709494
1371715182.0591	0.153836 1.350684	0.016853848341679 0.090128587420926	0.059915 0.038953	0.059916098352556 0.038951608114072
1371715182.1339	0.151447 1.348085	-0.031906054888825 -0.034710689265825	0.021012 0.038043	0.021014532745822 0.038043156428726
1371715182.1622	0.15552 1.349222	0.14402394462758 0.040205063845212	0.031283 0.040627	0.031280466165746 0.040626625509912
1371715182.2433	0.153682 1.345514	-0.022663648676776 -0.045721876655865	0.010627 0.030819	0.010627280845394 0.03081800497185
1371715182.2608	0.154545 1.340972	0.049199211004185 -0.25893721480998	0.003446 0.014918	0.0034427117368061 0.014916668126399
1371715182.2957	0.153452 1.326603	-0.031319808106686 -0.41174228973923	-0.017282 -0.024253	-0.017281465549064 -0.024253619327783
1371715182.3329	0.154639 1.343199	0.031932569530052 0.44646413135699	0.000759 -0.016247	0.00075780241863543 -0.016247865503913
1371715182.3648	0.154378 1.345483	-0.0081954343894116 0.071717900940287	0.006931 -0.006465	0.0069319499020105 -0.006464465222949
1371715182.4048	0.153552 1.344533	-0.020647435256536 -0.023747050234515	0.000631 -0.002048	0.00063083763037762 -0.0020469579158731
1371715182.4316	0.152538 1.343324	-0.037861199444503 -0.045142199337678	-0.010213 -0.001574	-0.010215197122958 -0.0015721790140857
1371715182.4666	0.154148 1.34255	0.045950118671747 -0.022090305498096	-0.000362 -0.000947	-0.00036363278238417 -0.00094607137134543
1371715182.4998	0.15465 1.343491	0.015126444782896 0.028354550877901	0.007677 0.001231	0.007679164309966 0.0012326351295841
1371715182.5308	0.152309 1.341738	-0.075564611851624 -0.056584692257962	-0.009686 -0.002491	-0.0096846692374414 -0.0024894309596609
1371715182.5631	0.152823 1.350394	0.015886812692517 0.26754134370901	-0.00429 0.012019	-0.0042920063284656 0.012020157445054
1371715182.5951	0.149681 1.346954	-0.098202665991042 -0.10751660439503	-0.027292 0.012933	-0.027287633852604 0.01293408002616
1371715182.6321	0.151557 1.339036	0.05069167780548 -0.2139534674114	-0.020614 0.000602	-0.020614977945468 0.00060248600680641
1371715182.6664	0.151672 1.331895	0.0033537634019831 -0.20825412568313	-0.016349 -0.02078	-0.016346647269461 -0.020780585474542
1371715182.6992	0.151111 1.332317	-0.017107783510252 0.012868956579902	-0.013405 -0.033221	-0.013401807179469 -0.03322079636669
1371715182.7342	0.153416 1.346481	0.065885256170862 0.40485846785427	0.018026 -0.011931	0.018025015610073 -0.011930871264113
1371715182.7676	0.150669 1.339015	-0.082120504108964 -0.22319318663179	-0.000147 -0.013585	-0.00015008599406711 -0.013585882830523
1371715182.797	0.149319 1.348243	-0.046049645009393 0.31477490677532	-0.010632 0.002752	-0.010634291198823 0.0027520933926557
1371715182.8301	0.15158 1.345735	0.06828772579263 -0.075747729450654	0.002563 0.011132	0.0025605726361799 0.011130762550021
1371715182.8666	0.154281 1.342447	0.073998112974866 -0.090079894654333	0.0241 0.011377	0.024096485949095 0.011376726335139
1371715182.9125	0.155864 1.343702	0.034484892342211 0.027339570366062	0.038369 0.012826	0.038372812096877 0.012827482695038
1371715182.9313	0.159683 1.335402	0.20299906188298 -0.44118675402689	0.056586 -0.001112	0.05658691938624 -0.0011120011556941
1371715182.967	0.161596 1.331427	0.05353311284135 -0.11123581993955	0.061383 -0.018619	0.061383120443423 -0.018619768628505
1371715182.9997	0.16356 1.330353	0.060134707605157 -0.032884254566161	0.062871 -0.031488	0.062869209975647 -0.031488641811572
1371715183.0367	0.164939 1.323644	0.037217808709976 -0.18106909255636	0.054639 -0.051435	0.054642098119207 -0.051435649518302
1371715183.0684	0.167147 1.322363	0.069802849329936 -0.040497033510713	0.055504 -0.063381	0.055503297341305 -0.063381998503393
1371715183.1026	0.166718 1.304112	-0.012524057686953 -0.53281253343727	0.027634 -0.104235	0.02763521141523 -0.10423527453756
1371715183.1368	0.171904 1.31977	0.15167358531772 0.4579454297927	0.064529 -0.090457	0.064528743155796 -0.090457314825215
1371715183.1681	0.174433 1.312828	0.080695281977938 -0.22150519869152	0.07769 -0.089878	0.077692902119381 -0.08987771536025
1371715183.2043	0.17658 1.310884	0.059449095823128 -0.053828151970271	0.080015 -0.088442	0.080016032885155 -0.088441179845312
1371715183.2361	0.177995 1.301468	0.044411570022823 -0.29553310483032	0.066506 -0.101069	0.066508120860297 -0.10106889877277
1371715183.2758	0.17884 1.30263	0.021285768475421 0.02927108043602	0.055359 -0.101245	0.055357222265071 -0.10124470748893
1371715183.3057	0.180488 1.299963	0.055231426224531 -0.089382411250499	0.050344 -0.09968	0.05034216651887 -0.099679931385598
1371715183.3379	0.183243 1.298753	0.085413288194726 -0.037513640187156	0.058161 -0.093418	0.058160590576057 -0.093418041242238
1371715183.369	0.18374 1.296152	0.015990987104841 -0.083687238349483	0.05039 -0.089803	0.050390462314404 -0.089803351154697
1371715183.4077	0.185408 1.291143	0.043126431344507 -0.12950856990686	0.045669 -0.090959	0.04566948531864 -0.090959336014244
1371715183.4371	0.186584 1.288489	0.039944134947565 -0.090146032441185	0.041706 -0.091066	0.041702530560303 -0.091066691103494
1371715183.4704	0.188615 1.286745	0.060925264616903 -0.052315933772465	0.046132 -0.087874	0.046134554489489 -0.087873068524248
1371715183.5054	0.191854 1.282415	0.092542630200067 -0.12371398232982	0.05922 -0.087154	0.05922063918155 -0.087153857790432
1371715183.5397	0.193774 1.277823	0.056048605790646 -0.13404958218263	0.062126 -0.090726	0.062129423608487 -0.090725451726548
1371715183.5779	0.193979 1.273332	0.0053622890213788 -0.11747336582932	0.048018 -0.097832	0.048018857477012 -0.097832100196332
1371715183.6008	0.197514 1.276724	0.15441433701312 0.14816787302646	0.063583 -0.086924	0.063579946205789 -0.086924573142414
1371715183.6378	0.199501 1.269049	0.053669242867999 -0.20730319024252	0.063558 -0.090058	0.063554652680695 -0.090058436897036
1371715183.6688	0.198734 1.26609	-0.024760297459343 -0.095522451345761	0.041924 -0.094682	0.041921240686456 -0.094681592993409
1371715183.7076	0.201725 1.256487	0.077227143119209 -0.24794792891132	0.040454 -0.108252	0.040456756470242 -0.10825126784644
1371715183.7366	0.201992 1.259647	0.0091916180470635 0.10878469299146	0.038603 -0.104511	0.038604841097841 -0.10451020188732
1371715183.7766	0.205249 1.262322	0.081527125052219 0.066958876117496	0.058352 -0.08767	0.0583542886266 -0.087669236799404
1371715183.8065	0.205024 1.254684	-0.0075243450112412 -0.25542643198163	0.043873 -0.08909	0.043872874064996 -0.089090728475655
1371715183.8398	0.209336 1.25983	0.12941936690853 0.1544508492837	0.067919 -0.070078	0.067915221392204 -0.070078279955083
1371715183.8691	0.208203 1.256189	-0.038640049046632 -0.12417336149937	0.048735 -0.064689	0.048734718214907 -0.064689979387896
1371715183.9061	0.227038 1.216596	0.50905158734455 -1.070075895818	0.13395 -0.118143	0.13394916322483 -0.1181436766714
1371715183.9397	0.253739 1.167676	0.79538721824974 -1.4572616275337	0.28273 -0.228308	0.28273067905739 -0.22830811733559
1371715183.9769	0.276856 1.120945	0.62090385804212 -1.2551567327147	0.394233 -0.388383	0.3942320445927 -0.38838450109544
1371715184.002	0.299458 1.070911	0.89936777451213 -1.9909285563198	0.459535 -0.58448	0.45953820604755 -0.58447939437981
1371715184.0376	0.32163 1.023375	0.62373727011637 -1.3372711019417	0.500034 -0.781664	0.50003202134564 -0.78166463638626
1371715184.0724	0.342668 0.975749	0.60478377793465 -1.3691145644983	0.520997 -0.965903	0.52100052329741 -0.96590124033858
1371715184.1126	0.363518 0.932891	0.51814358743438 -1.0650646460558	0.547397 -1.106225	0.54739576929594 -1.1062243306329
1371715184.1374	0.383338 0.886273	0.80041503254381 -1.882631079068	0.558511 -1.225357	0.55850566202218 -1.2253602796292
1371715184.1706	0.402355 0.840982	0.57225009267855 -1.3628742150447	0.565532 -1.312683	0.5655269398372 -1.3126860321463
1371715184.2068	0.423753 0.794169	0.59102246874979 -1.2929963001021	0.587954 -1.367399	0.58795409659921 -1.3674003427711
1371715184.2551	0.444224 0.743658	0.42416498547116 -1.0466023927084	0.594612 -1.422599	0.59461293197088 -1.4225990018553
1371715184.2734	0.467476 0.69893	1.2709448961751 -2.444814352147	0.63591 -1.423767	0.63591587590376 -1.4237633115977
1371715184.3115	0.488968 0.646491	0.56326610909909 -1.374330518102	0.638836 -1.462438	0.63883848426769 -1.4624369778138
1371715184.3445	0.514992 0.600494	0.78820192583927 -1.3931341831705	0.684017 -1.441711	0.68402124229407 -1.4417095400168
1371715184.3769	0.5359 0.546621	0.64598578323868 -1.6644916826295	0.671099 -1.494817	0.67110196678667 -1.4948161960342
1371715184.414	0.556356 0.500261	0.55115038429518 -1.2490873981191	0.671099 -1.494817	0.67109971687714 -1.494819500407
1371715184.4402	0.578726 0.450434	0.85473277108214 -1.9038341432593	0.671099 -1.494817	0.67110002885611 -1.4948174894042
1371715190.5678	3.165264 4.410276	0.42210887934767 0.64622459403799	0.671099 -1.494817	0.67110002885611 -1.4948174894042
1371715190.7392	3.145637 4.369971	-0.11455401008868 -0.23524223654274	0 0	0 0
1371715190.8665	2.981435 4.138275	-1.28925412145 -1.8191923540729	0 0	-4.9297459624351 -6.9444981057497
1371715190.9322	3.265086 4.544166	4.3188835183051 6.1801155297474	0 0	-4.9297459624351 -6.9444981057497
1371715191.0356	3.138411 4.359051	-1.2248002729394 -1.7898472668259	0 0	0 0
1371715191.337	2.929774 4.066673	-0.69238249550036 -0.97028527667386	0 0	0 0
1371715191.3978	3.127817 4.340263	3.254933608696 4.4965855193223	0 0	0 0
1371715191.6363	3.17384 4.412596	0.19300087084048 0.30333381114886	0 0	0 0
1371715191.6705	2.839475 3.938618	-9.7559561808961 -13.829523421138	0 0	0 0
1371715191.7384	3.301794 4.282004	6.8145224331887 5.0614653523712	0 0	0 0
1371715191.8062	3.230942 4.488513	-1.0443676928765 3.0439695123388	0 0	0 0
1371715191.8688	3.1921 4.116243	-0.62076869074573 -5.9495793343266	0 0	0 0
1371715191.9686	3.191043 4.434789	-0.010596385462227 3.19341173458	0 0	0 0
1371715192.0689	3.369839 4.36764	1.7820262910507 -0.6692615238471	0 0	0 0
1371715192.1364	2.913936 3.780689	-6.7532960498393 -8.6945114854459	0 0	0 0
1371715192.3461	3.273028 4.240497	1.7123761735591 2.1926533133901	0 0	0 0
1371715192.3781	3.208017 4.161793	-2.0309540990913 -2.4587256220468	0 0	0 0
1371715192.5439	3.260115 4.208043	0.31426561016167 0.27898929843712	0 0	1.5630240297576 1.3870546723817
1371715192.5748	3.159837 4.403216	-3.2467205720946 6.3191546921301	-2.997077 5.839295	-0.32924342075662 3.2123550221643
1371715192.6474	3.127908 4.327711	-0.43990241603516 -1.0402716001984	0 0	-0.71491290897 2.1891745941325
1371715192.8138	3.124228 4.041575	-0.022108738222311 -1.7190505217334	0 0	-0.57193048279667 0.0044438852761691
1371715192.8466	3.260886 4.215322	4.1615978569396 5.2910560878227	4.102095 5.208323	-0.18954432250434 0.22595611905492
1371715192.8837	3.171294 4.411898	-2.4143461894721 5.2973760664084	1.076424 5.787549	-0.056930872871371 0.57656228774374
1371715192.924	3.235101 4.622645	1.5835012060186 5.2301178344822	1.076424 5.787549	0.30162982254662 1.0392756385224
1371715192.9429	3.270982 4.815563	1.9048175099231 10.241453258809	1.076424 5.787549	0.6589543444646 1.5233282383869
1371715193.0154	3.034648 4.20714	-3.2574872955922 -8.3861407704608	0 0	0.6589543444646 1.5233282383869
1371715193.0788	3.138475 4.349665	1.6387090029539 2.2494823181447	0 0	0 0
1371715193.1167	2.971836 4.125122	-4.3964512115337 -5.9241374731691	-5.002498 -6.730399	-5.002502818368 -6.7304154154366
1371715193.3465	3.234622 4.173071	1.1433382512077 0.20861813721872	0 0	-0.55787608772963 -2.2842367021136
1371715193.384	2.958759 4.117946	-7.3642312424547 -1.4715755546787	-8.269962 -1.660803	-1.4523673451771 -2.1453066289492
1371715193.4124	3.121298 4.33058	5.7161613034503 7.477899104817	-2.954331 1.685642	-0.49835396934689 -1.088274865594
1371715193.4471	2.912414 4.021356	-6.0196848816913 -8.9113145949719	-2.954331 1.685642	-0.49835396934689 -1.088274865594
1371715193.4854	2.829823 4.390035	-2.1565416923297 9.6266134879882	-2.954331 1.685642	-0.49835396934689 -1.088274865594
1371715193.5154	3.362123 4.343904	17.736161576104 -1.5370784701621	-2.954331 1.685642	-0.49835396934689 -1.088274865594
1371715193.5541	2.632868 4.502411	-18.855015401762 4.0982261709375	-2.954331 1.685642	-0.49835396934689 -1.088274865594
1371715193.5788	2.53439 4.558599	-3.9934513763959 2.2785195265636	-2.954331 1.685642	0 0
1371715193.6156	3.080776 4.282372	14.824048703986 -7.4943400844017	0 0	0 0
1371715193.6462	3.080776 4.282372	0 0	0 0	0 0
1371715193.6843	3.035593 4.201506	-1.1844156248094 -2.1198006753831	-0.677949 -1.212645	-1.3571803652649 -2.4232341919027
1371715193.7256	3.101304 4.325063	1.5934179543386 2.9961184913366	-0.009156 -0.096921	0.073426276023972 0.013084224942718
