1371715145.834608 1.571720 0.221009 0.056845 -0.049231
1371715145.868797 1.548877 0.214237 0.024703 -0.096707
1371715145.899394 1.567734 0.213297 0.035373 -0.086674
1371715145.931374 1.570668 0.212309 0.046532 -0.069330
1371715145.967657 1.562356 0.208856 0.036874 -0.076954
1371715145.998158 1.571056 0.206685 0.042824 -0.072034
1371715146.033652 1.569426 0.207397 0.043901 -0.051843
1371715146.065381 1.557595 0.203580 0.020749 -0.066289
1371715146.102639 1.561381 0.202510 0.011082 -0.061602
1371715146.133736 1.558701 0.199721 -0.001234 -0.066163
1371715146.171450 1.560261 0.200341 -0.005198 -0.047843
1371715146.202090 1.577587 0.202827 0.022140 -0.002317
1371715146.234311 1.565304 0.199579 0.016545 -0.014007
1371715146.270452 1.577466 0.200964 0.032949 0.001104
1371715146.302524 1.570264 0.199364 0.029446 -0.009437
1371715146.334941 1.566127 0.196707 0.017675 -0.032264
1371715146.371076 1.566036 0.197026 0.010051 -0.032277
1371715146.402533 1.565324 0.196369 0.003320 -0.029899
1371715146.439319 1.564622 0.195263 -0.002830 -0.029912
1371715146.468842 1.566323 0.198817 -0.001153 0.001399
1371715146.502670 1.576486 0.199566 0.015558 0.025050
1371715146.535424 1.576939 0.195158 0.023096 -0.000492
1371715146.570013 1.567274 0.195501 0.012471 -0.015334
1371715146.606895 1.563676 0.192884 -0.002121 -0.037313
1371715146.636747 1.563781 0.193461 -0.010080 -0.033516
1371715146.671215 1.565809 0.194675 -0.010420 -0.014849
1371715146.703771 1.565618 0.196527 -0.009560 0.008279
1371715146.736729 1.565618 0.196527 -0.009560 0.008279
1371715146.773767 1.563676 0.192884 0.000000 0.000000
1371715146.840741 1.561285 0.195556 -0.071703 0.080166
1371715146.872928 1.567533 0.194596 0.032112 0.026782
1371715146.944501 1.564040 0.192558 0.011814 -0.010579
1371715146.971019 1.564242 0.194813 0.007654 0.002350
1371715147.041086 1.577884 0.196956 0.048026 0.027093
1371715147.074736 1.573702 0.193665 0.048731 0.004699
1371715147.108640 1.539679 0.187240 -0.027176 -0.068759
1371715147.139788 1.506635 0.180448 -0.129914 -0.146165
1371715147.216071 1.468387 0.175537 -0.250093 -0.195771
1371715147.239836 1.442001 0.172623 -0.353266 -0.197807
1371715147.274470 1.361457 0.155876 -0.553734 -0.312497
1371715147.310417 1.319153 0.148038 -0.726044 -0.343488
1371715147.341021 1.283955 0.142855 -0.857515 -0.308363
1371715147.375608 1.248658 0.136851 -0.957941 -0.261961
1371715147.410819 1.209002 0.132244 -1.040441 -0.214372
1371715147.443404 1.182831 0.124794 -1.079319 -0.191466
1371715147.479708 1.144033 0.110129 -1.115627 -0.251647
1371715147.509921 1.204274 0.097902 -0.947397 -0.249240
1371715147.546683 2.260222 0.160303 -0.947397 -0.249240
1371715147.576619 1.082548 0.085288 -0.947397 -0.249240
1371715147.611721 1.050968 0.076980 -0.947397 -0.249240
1371715147.644788 2.476336 0.256655 0.000000 0.000000
1371715147.678012 2.476336 0.256655 0.000000 0.000000
1371715147.714628 2.476336 0.256655 0.000000 0.000000
1371715147.878707 0.957116 0.001800 0.000000 0.000000
1371715151.458048 1.131434 -0.572906 0.000000 0.000000
1371715151.493707 1.142476 -0.566791 0.000000 0.000000
1371715151.527366 1.150054 -0.562684 0.227303 0.123191
1371715151.558665 1.157630 -0.558578 0.227303 0.123191
1371715151.598736 1.165206 -0.554471 0.227303 0.123191
1371715154.110838 2.591893 0.035263 0.227303 0.123191
1371715154.142193 2.605145 0.039547 0.000000 0.000000
1371715154.208611 2.652439 0.045177 0.000000 0.000000
1371715154.242677 2.735950 0.080177 2.503401 1.050017
1371715154.273725 2.739415 0.102805 1.531796 0.877502
1371715154.310148 2.770447 0.133039 1.301527 0.865232
1371715154.344871 2.748362 0.153059 0.974036 0.803635
1371715154.378183 2.815943 0.183058 0.974036 0.803635
1371715154.408036 2.848411 0.209846 0.974036 0.803635
1371715154.919009 3.170028 0.469811 0.974036 0.803635
1371715154.943973 3.204086 0.489119 0.000000 0.000000
1371715154.982535 3.198740 0.499887 -0.160161 0.322991
1371715155.010882 3.228731 0.510942 0.265125 0.332836
1371715155.047616 3.233197 0.529209 0.286973 0.387953
1371715155.087643 3.221072 0.534485 0.197807 0.354497
1371715155.114984 3.237119 0.548360 0.197807 0.354497
1371715155.146240 3.243713 0.560177 0.197807 0.354497
1371715158.579012 2.731410 0.840100 0.197807 0.354497
1371715158.609981 2.746082 0.840601 0.000000 0.000000
1371715158.680110 2.688499 0.820859 0.000000 0.000000
1371715158.709175 2.760261 0.850277 2.151357 0.882950
1371715158.776299 2.774106 0.858114 0.000000 0.000000
1371715158.810853 2.786100 0.858205 0.359522 0.002814
1371715158.881054 2.760626 0.851728 0.000000 0.000000
1371715158.950640 2.799202 0.862225 0.000000 0.000000
1371715159.011640 2.748484 0.850219 0.000000 0.000000
1371715159.043747 2.766177 0.853626 0.530368 0.102305
1371715159.115896 2.789364 0.859207 0.000000 0.000000
1371715159.179347 2.780338 0.859135 0.000000 0.000000
1371715159.246689 2.797878 0.860406 0.000000 0.000000
1371715159.449775 2.821956 0.869207 0.000000 0.000000
1371715159.487334 2.839267 0.874518 0.518942 0.159459
1371715159.584169 2.809494 0.866746 0.000000 0.000000
1371715159.614600 2.806532 0.858587 -0.088844 -0.244760
1371715159.650572 2.798698 0.860261 -0.143793 -0.116350
1371715159.686331 2.799202 0.862225 -0.112019 -0.054184
1371715159.718139 2.764059 0.848514 -0.243935 -0.122365
1371715159.749982 2.769474 0.847772 -0.243935 -0.122365
1371715159.788996 2.821956 0.869207 -0.043884 0.043553
1371715159.815828 2.794582 0.864017 -0.043884 0.043553
1371715159.849741 2.793119 0.865469 -0.043884 0.043553
1371715159.887748 2.812942 0.868261 0.005829 0.066673
1371715159.919671 2.804330 0.871318 0.005829 0.066673
1371715159.949192 2.804525 0.873540 0.005829 0.066673
1371715159.985216 2.767773 0.848117 -0.086837 -0.091727
1371715160.017891 2.808729 0.863786 -0.036085 -0.016586
1371715160.057009 2.790975 0.857927 -0.036085 -0.016586
1371715160.084572 2.789772 0.857375 -0.036085 -0.016586
1371715160.118241 2.799202 0.862225 -0.013983 0.020373
1371715160.152784 2.788392 0.860455 -0.021819 0.008952
1371715160.183847 2.790711 0.861312 -0.021819 0.008952
1371715160.221148 2.787964 0.858777 -0.027580 -0.005903
1371715160.251776 2.839267 0.874518 0.046954 0.097989
1371715160.284983 2.839267 0.874518 0.046954 0.097989
1371715160.319683 2.807924 0.876963 0.046954 0.097989
1371715160.352548 2.809489 0.880229 0.046954 0.097989
1371715160.854102 2.817517 0.791667 0.000000 0.000000
1371715160.896036 2.810967 0.786749 -0.196360 -0.147562
1371715160.920539 2.812926 0.774180 -0.094348 -0.246776
1371715160.957102 2.808159 0.767362 -0.094348 -0.246776
1371715160.991242 2.805014 0.759136 -0.094348 -0.246776
1371715161.057159 2.802309 0.733738 -0.093401 -0.353851
1371715161.095095 2.766600 0.713833 -0.190587 -0.408795
1371715161.159680 2.785463 0.704139 -0.170026 -0.401863
1371715161.187425 2.793312 0.699469 -0.134303 -0.354826
1371715161.226797 2.776548 0.683745 -0.134303 -0.354826
1371715161.254599 2.787367 0.676822 -0.107380 -0.318214
1371715161.322593 2.774501 0.665272 -0.107380 -0.318214
1371715161.356497 2.781463 0.654334 -0.092763 -0.310993
1371715161.428122 2.728956 0.627502 -0.155263 -0.412354
1371715161.455740 2.752029 0.619540 -0.155263 -0.412354
1371715161.534482 2.777312 0.618932 -0.107802 -0.324941
1371715161.556005 2.754163 0.605168 -0.107802 -0.324941
1371715161.590107 2.750570 0.594337 -0.107802 -0.324941
1371715161.759862 2.745762 0.563386 0.000000 0.000000
1371715161.828949 2.696085 0.541205 0.000000 0.000000
1371715161.959196 2.712882 0.526327 0.000000 0.000000
1371715161.996500 2.721728 0.522232 0.265133 -0.122810
1371715162.170590 2.749339 0.495235 0.000000 0.000000
1371715162.195485 2.763043 0.490699 0.410783 -0.136014
1371715162.234071 2.699183 0.495264 -0.534640 -0.032785
1371715162.263898 2.714580 0.503093 -0.408639 0.059666
1371715162.298900 2.689405 0.486211 -0.432870 -0.034437
1371715162.329399 2.728972 0.498974 -0.282752 0.022505
1371715162.375556 2.691818 0.496880 -0.282752 0.022505
1371715162.399426 2.694088 0.491247 -0.259124 -0.003765
1371715162.437983 2.722411 0.496106 -0.185447 0.027114
1371715162.466679 2.690656 0.493053 -0.186885 0.010783
1371715162.500422 2.715065 0.496463 -0.148672 0.032795
1371715162.534801 2.704728 0.494596 -0.132790 0.027663
1371715162.577745 2.688692 0.497898 -0.132790 0.027663
1371715162.600721 2.727588 0.493665 -0.084070 0.032585
1371715162.638072 2.692172 0.494145 -0.090365 0.009357
1371715162.670340 2.719222 0.497213 -0.060594 0.028279
1371715162.701753 2.678342 0.484858 -0.087755 -0.043511
1371715162.738110 2.673944 0.492345 -0.101030 -0.041717
1371715162.770890 2.698511 0.492639 -0.081437 -0.015660
1371715162.804706 2.704728 0.494596 -0.057112 0.013126
1371715162.847417 2.712761 0.496046 -0.029172 0.037275
1371715162.871415 2.713064 0.497220 -0.007637 0.048968
1371715162.902811 2.696894 0.499951 -0.007637 0.048968
1371715162.940805 2.691686 0.492241 -0.020399 -0.001142
1371715162.976605 2.715716 0.488804 0.000595 -0.016271
1371715163.011217 2.642789 0.482186 -0.070129 -0.093272
1371715163.040425 2.687919 0.488237 -0.058886 -0.061282
1371715163.075732 2.681151 0.483073 -0.058886 -0.061282
1371715163.109643 2.690123 0.490961 -0.038122 -0.003761
1371715163.142327 2.690544 0.483721 -0.030601 -0.016236
1371715163.175391 2.683199 0.485477 -0.030601 -0.016236
1371715163.222336 2.708404 0.488306 0.004777 0.018077
1371715163.246004 2.690983 0.489187 0.004777 0.018077
1371715163.280211 2.691142 0.489790 0.004777 0.018077
1371715163.380556 2.730258 0.490397 0.000000 0.000000
1371715163.447937 2.778457 0.506697 0.000000 0.000000
1371715163.486323 2.769887 0.504649 -0.256901 -0.061459
1371715163.549763 2.739858 0.495858 0.000000 0.000000
1371715163.580486 2.737675 0.496483 -0.065458 0.018740
1371715163.616312 2.750919 0.506864 0.125611 0.153454
1371715163.648847 2.752204 0.510222 0.125611 0.153454
1371715163.688201 2.661628 0.475532 -0.436428 -0.165122
1371715163.715887 2.676525 0.472972 -0.411931 -0.178814
1371715163.752319 2.687089 0.474211 -0.345059 -0.142799
1371715163.786402 2.678727 0.464021 -0.312797 -0.147752
1371715163.816977 2.710017 0.477102 -0.225461 -0.052171
1371715163.850623 2.707296 0.466414 -0.176256 -0.039842
1371715163.885130 2.726670 0.464668 -0.117746 -0.022323
1371715163.917803 2.673223 0.453138 -0.138433 -0.090309
1371715163.953838 2.680274 0.458207 -0.133900 -0.081947
1371715163.989152 2.660600 0.454127 -0.147382 -0.092599
1371715164.017340 2.656941 0.454275 -0.153643 -0.082687
1371715164.050977 2.644723 0.447410 -0.168287 -0.099428
1371715164.087696 2.633321 0.443947 -0.184701 -0.111386
1371715164.118612 2.666018 0.449133 -0.152148 -0.055729
1371715164.151907 2.649505 0.442970 -0.143596 -0.053682
1371715164.220392 2.686948 0.447486 -0.091109 -0.001941
1371715164.250592 2.708119 0.448463 -0.028335 0.040445
1371715164.333371 2.663686 0.439903 -0.031367 -0.007862
1371715164.355114 2.665850 0.438742 -0.028815 -0.034268
1371715164.391162 2.646989 0.443912 -0.041182 -0.030541
1371715164.426784 2.678228 0.450172 -0.012257 0.021664
1371715164.456417 2.668063 0.447593 -0.004707 0.027698
1371715164.489694 2.674135 0.450903 0.008633 0.044357
1371715164.534659 2.655228 0.447450 -0.005053 0.019904
1371715164.555599 2.685429 0.452603 0.019913 0.044688
1371715164.596669 2.661382 0.445154 0.007062 0.003484
1371715164.625987 2.679532 0.449399 0.020021 0.011164
1371715164.659880 2.639925 0.444909 -0.016061 -0.029893
1371715164.694578 2.657535 0.443478 -0.022092 -0.040513
1371715164.729741 2.674066 0.454418 -0.000779 0.017257
1371715164.762686 2.689790 0.463014 0.034071 0.089617
1371715164.801034 2.687906 0.455659 0.047678 0.079208
1371715164.832031 2.703555 0.463352 0.075823 0.103104
1371715164.864494 2.671725 0.454026 0.053091 0.039103
1371715164.897498 2.656370 0.451998 0.018413 -0.017036
1371715164.932435 2.677465 0.454944 0.018413 -0.017036
1371715164.966110 2.720476 0.466379 0.077818 0.070679
1371715165.000916 2.736360 0.467660 0.125543 0.098305
1371715165.034842 2.672484 0.454153 0.074815 0.000431
1371715165.066838 2.735033 0.458343 0.107662 0.004942
1371715165.099480 2.730813 0.461402 0.125478 0.014241
1371715165.134501 2.694953 0.456560 0.093830 -0.027688
1371715165.169968 2.739025 0.456115 0.114147 -0.022376
1371715165.203884 2.701458 0.457646 0.088227 -0.034167
1371715165.240821 2.679105 0.453613 0.040944 -0.066139
1371715165.270659 2.685723 0.458496 0.016592 -0.046909
1371715165.309336 2.788393 0.476144 0.110047 0.100040
1371715165.337070 2.704612 0.449634 0.072236 -0.002047
1371715165.374822 2.700512 0.457697 0.044405 -0.020883
1371715165.406739 2.652125 0.446826 -0.035115 -0.102482
1371715165.440545 2.702567 0.445309 -0.035115 -0.102482
1371715165.474401 2.674509 0.452376 -0.061438 -0.067506
1371715165.512915 2.717056 0.453262 -0.029081 -0.017463
1371715165.544840 2.698107 0.449713 -0.029081 -0.017463
1371715165.578548 2.697138 0.449130 -0.029081 -0.017463
1371715165.612956 2.673761 0.449432 -0.060457 -0.027263
1371715165.650031 2.645859 0.439388 -0.112550 -0.078895
1371715165.680056 2.668505 0.438452 -0.112550 -0.078895
1371715165.714638 2.684767 0.450016 -0.078018 0.003560
1371715165.748889 2.693093 0.449322 -0.050032 0.030661
1371715165.778871 2.666207 0.443263 -0.063369 -0.002084
1371715165.811649 2.695256 0.282552 0.012639 -0.719764
1371715165.848764 2.648231 0.437877 0.042711 -0.313035
1371715165.880609 2.711598 0.371563 0.042711 -0.313035
1371715165.917239 2.743107 0.450801 0.144694 0.152217
1371715165.949779 2.736159 0.422965 0.144694 0.152217
1371715165.981862 2.740982 0.428039 0.144694 0.152217
1371715166.085920 2.645577 0.438258 0.000000 0.000000
1371715166.114952 2.709218 0.445313 1.907809 0.211876
1371715166.151596 2.612069 0.434395 -0.071610 -0.072448
1371715166.181004 2.677062 0.445589 0.174922 0.027111
1371715166.220210 2.669385 0.443205 0.174922 0.027111
1371715166.251125 2.698986 0.445646 0.269457 0.044308
1371715166.287559 2.699436 0.447069 0.269457 0.044308
1371715166.315996 2.656224 0.436732 0.128256 -0.036456
1371715166.356762 2.682610 0.437972 0.128256 -0.036456
1371715166.385694 2.686885 0.436757 0.128256 -0.036456
1371715166.418208 2.631717 0.432763 0.009711 -0.081259
1371715166.450077 2.657833 0.428613 0.009711 -0.081259
1371715166.488750 2.691062 0.441296 0.067037 0.010090
1371715166.518947 2.676001 0.437807 0.067037 0.010090
1371715166.552170 2.678236 0.438144 0.067037 0.010090
1371715166.759043 2.634173 0.436397 0.000000 0.000000
1371715166.792947 2.612069 0.434395 -0.662647 -0.060124
1371715166.859328 2.635010 0.439772 0.000000 0.000000
1371715166.989725 2.650336 0.439686 0.000000 0.000000
1371715167.056532 2.668227 0.440120 0.000000 0.000000
1371715167.163900 2.680393 0.443939 0.000000 0.000000
1371715167.363496 2.700058 0.449803 0.000000 0.000000
1371715167.400413 2.693316 0.450186 -0.202132 0.011475
1371715167.428300 2.648121 0.448442 -0.671947 -0.026877
1371715167.461120 2.633088 0.447803 -0.671947 -0.026877
1371715167.496750 2.643964 0.440594 -0.479191 -0.064697
1371715167.529459 2.633507 0.439988 -0.433934 -0.060350
1371715167.563379 2.613061 0.438055 -0.433934 -0.060350
1371715167.597709 2.700058 0.449803 -0.185908 0.053928
1371715167.629116 2.666882 0.442926 -0.150583 0.036106
1371715167.667591 2.692916 0.448630 -0.089009 0.062089
1371715167.700664 2.697418 0.445697 -0.048641 0.057149
1371715167.734016 2.604264 0.436720 -0.134493 -0.047382
1371715167.780831 2.645561 0.440169 -0.134493 -0.047382
1371715167.803038 2.723015 0.450617 -0.030354 0.066307
1371715167.846188 2.666316 0.452608 -0.030354 0.066307
1371715167.869868 2.662659 0.447593 -0.038453 0.028860
1371715167.904321 2.635848 0.443151 -0.073226 -0.018339
1371715167.937241 2.684107 0.447432 -0.038005 0.009625
1371715167.968045 2.659360 0.447702 -0.038005 0.009625
1371715168.005661 2.642549 0.438692 -0.063191 -0.048298
1371715168.037784 2.647554 0.446176 -0.062662 -0.021239
1371715168.074443 2.647898 0.442282 -0.062662 -0.021239
1371715168.107386 2.645809 0.441574 -0.062662 -0.021239
1371715168.138429 2.676617 0.446107 -0.013400 0.026901
1371715168.175541 2.679955 0.442221 0.012354 0.016116
1371715168.204377 2.663984 0.446130 0.012354 0.016116
1371715168.236611 2.664396 0.446667 0.012354 0.016116
1371715168.270848 2.642188 0.437241 -0.026624 -0.049562
1371715168.306374 2.648549 0.439150 -0.032099 -0.042383
1371715168.336908 2.651248 0.436476 -0.032099 -0.042383
1371715168.372911 2.699790 0.448763 0.038786 0.056414
1371715168.409196 2.669334 0.448097 0.038786 0.056414
1371715168.446771 2.657830 0.443116 0.017573 0.014117
1371715168.474715 2.630191 0.431305 -0.031280 -0.065271
1371715168.508546 2.653257 0.434012 -0.031280 -0.065271
1371715168.538713 2.652215 0.431837 -0.031280 -0.065271
1371715168.574069 2.667225 0.436135 -0.004634 -0.021550
1371715168.609020 2.643635 0.443048 -0.017036 0.006233
1371715168.639763 2.652818 0.439043 -0.017036 0.006233
1371715168.672434 2.652250 0.439251 -0.017036 0.006233
1371715168.709899 2.639967 0.437748 -0.035009 -0.010058
1371715168.740616 2.638965 0.433609 -0.044780 -0.028454
1371715168.775516 2.648231 0.437877 -0.035554 -0.008521
1371715168.807001 2.632074 0.434207 -0.047818 -0.021847
1371715168.841036 2.684613 0.445727 0.006768 0.056331
1371715168.870917 2.650863 0.443296 0.006768 0.056331
1371715168.906374 2.639967 0.437748 -0.012039 0.010616
1371715168.943702 2.653235 0.439507 -0.005051 0.011397
1371715168.974124 2.700735 0.449471 0.055765 0.077185
1371715169.010835 2.656866 0.439284 0.041945 0.028658
1371715169.040846 2.691762 0.444140 0.070807 0.040156
1371715169.077724 2.660364 0.438491 0.052641 -0.004694
1371715169.115992 2.636613 0.437443 0.012831 -0.045391
1371715169.139016 2.630816 0.433829 -0.022799 -0.077018
1371715169.175719 2.622868 0.434552 -0.054112 -0.081240
1371715169.208412 2.666647 0.441994 -0.023460 -0.012551
1371715169.243500 2.659845 0.439100 -0.010768 0.007682
1371715169.277810 2.691850 0.444485 0.034165 0.057484
1371715169.308827 2.671015 0.444429 0.042566 0.060765
1371715169.340468 2.654011 0.439931 0.025627 0.023207
1371715169.378751 2.630949 0.438027 -0.012893 -0.020699
1371715169.413044 2.615199 0.425272 -0.062195 -0.103194
1371715169.444571 2.505204 0.400930 -0.230272 -0.302748
1371715169.480695 2.463221 0.389371 -0.387433 -0.419711
1371715169.510609 2.417810 0.373134 -0.537823 -0.499616
1371715169.558058 2.366512 0.358398 -0.685003 -0.542418
1371715169.578660 2.307811 0.341001 -0.835433 -0.573895
1371715169.615474 2.285601 0.334801 -0.930449 -0.515887
1371715169.647830 2.202768 0.310459 -1.072039 -0.548585
1371715169.680808 2.129979 0.296512 -1.221510 -0.556939
1371715169.717813 2.101600 0.287518 -1.307495 -0.497097
1371715169.749395 2.049290 0.275826 -1.381383 -0.444296
1371715169.783885 2.021464 0.264177 -1.410740 -0.389634
1371715169.819215 1.997941 0.257190 -1.399307 -0.317585
1371715169.864509 1.936575 0.244269 -1.414451 -0.306420
1371715169.891692 1.895311 0.234572 -1.417228 -0.294668
1371715169.923753 1.853520 0.231461 -1.408071 -0.247095
1371715169.956777 1.854240 0.186179 -1.344168 -0.423095
1371715169.991450 1.810305 0.188495 -1.294389 -0.401034
1371715170.020895 1.759657 0.201807 -1.252295 -0.233692
1371715170.057070 1.659059 0.210903 -1.310149 -0.090609
1371715170.097839 1.601135 0.189832 -1.393396 -0.152922
1371715170.123322 1.536707 0.158435 -1.485876 -0.360764
1371715170.167139 1.488064 0.135803 -1.549197 -0.511209
1371715170.191542 1.461319 0.126744 -1.547126 -0.498947
1371715170.230494 1.425243 0.128228 -1.509855 -0.357356
1371715170.263067 1.389573 0.121460 -1.460838 -0.260171
1371715170.298005 1.365269 0.110989 -1.387125 -0.227665
1371715170.326486 1.326291 0.100011 -1.324625 -0.240145
1371715170.360556 1.286414 0.091385 -1.274069 -0.249300
1371715170.397062 1.246790 0.083203 -1.234357 -0.251743
1371715170.433926 1.203082 0.071908 -1.213484 -0.278034
1371715170.464506 1.167608 0.064947 -1.188842 -0.266798
1371715170.498246 1.118482 0.053123 -1.193220 -0.291378
1371715170.531501 1.077782 0.043248 -1.198034 -0.300924
1371715170.569074 1.036991 0.032451 -1.203070 -0.310831
1371715170.598821 0.995477 0.020861 -1.209523 -0.325171
1371715170.634152 0.953182 0.012505 -1.218869 -0.306589
1371715170.668692 0.913126 0.002028 -1.223125 -0.303442
1371715170.697728 0.868182 -0.009310 -1.236296 -0.314342
1371715170.741398 0.824469 -0.018940 -1.251945 -0.308394
1371715170.773421 0.785972 -0.029306 -1.251945 -0.308394
1371715170.810047 0.744240 -0.039585 -1.251945 -0.308394
1371715181.296094 0.114923 1.343001 -1.251945 -0.308394
1371715181.326300 0.116666 1.327369 0.000000 0.000000
1371715181.359660 0.119876 1.345747 0.096297 0.551207
1371715181.397606 0.123441 1.343633 0.093832 0.300257
1371715181.426462 0.124161 1.336644 0.060924 0.157483
1371715181.461133 0.127314 1.344091 0.065575 0.135915
1371715181.497724 0.130424 1.339599 0.070099 0.100758
1371715181.528224 0.132502 1.346745 0.071825 0.095443
1371715181.560684 0.134772 1.346117 0.069595 0.084623
1371715181.597777 0.134597 1.344475 0.048142 0.068658
1371715181.629312 0.136303 1.337514 0.036033 0.042470
1371715181.659870 0.135351 1.336818 0.015205 0.021112
1371715181.697350 0.137890 1.328790 0.018012 -0.007016
1371715181.728968 0.140083 1.334104 0.034989 -0.014988
1371715181.763095 0.142208 1.334432 0.049116 -0.018915
1371715181.795955 0.142214 1.336612 0.044087 -0.018015
1371715181.864974 0.143913 1.327543 0.038739 -0.032731
1371715181.892394 0.147877 1.343077 0.067113 -0.010228
1371715181.966482 0.148404 1.343443 0.064791 0.004250
1371715181.998330 0.150621 1.341684 0.062699 0.010726
1371715182.028675 0.153324 1.347946 0.069936 0.026406
1371715182.059054 0.153836 1.350684 0.059915 0.038953
1371715182.133930 0.151447 1.348085 0.021012 0.038043
1371715182.162210 0.155520 1.349222 0.031283 0.040627
1371715182.243309 0.153682 1.345514 0.010627 0.030819
1371715182.260850 0.154545 1.340972 0.003446 0.014918
1371715182.295748 0.153452 1.326603 -0.017282 -0.024253
1371715182.332920 0.154639 1.343199 0.000759 -0.016247
1371715182.364767 0.154378 1.345483 0.006931 -0.006465
1371715182.404772 0.153552 1.344533 0.000631 -0.002048
1371715182.431554 0.152538 1.343324 -0.010213 -0.001574
1371715182.466592 0.154148 1.342550 -0.000362 -0.000947
1371715182.499779 0.154650 1.343491 0.007677 0.001231
1371715182.530759 0.152309 1.341738 -0.009686 -0.002491
1371715182.563113 0.152823 1.350394 -0.004290 0.012019
1371715182.595108 0.149681 1.346954 -0.027292 0.012933
1371715182.632116 0.151557 1.339036 -0.020614 0.000602
1371715182.666406 0.151672 1.331895 -0.016349 -0.020780
1371715182.699198 0.151111 1.332317 -0.013405 -0.033221
1371715182.734183 0.153416 1.346481 0.018026 -0.011931
1371715182.767634 0.150669 1.339015 -0.000147 -0.013585
1371715182.796950 0.149319 1.348243 -0.010632 0.002752
1371715182.830060 0.151580 1.345735 0.002563 0.011132
1371715182.866561 0.154281 1.342447 0.024100 0.011377
1371715182.912465 0.155864 1.343702 0.038369 0.012826
1371715182.931278 0.159683 1.335402 0.056586 -0.001112
1371715182.967013 0.161596 1.331427 0.061383 -0.018619
1371715182.999673 0.163560 1.330353 0.062871 -0.031488
1371715183.036725 0.164939 1.323644 0.054639 -0.051435
1371715183.068357 0.167147 1.322363 0.055504 -0.063381
1371715183.102611 0.166718 1.304112 0.027634 -0.104235
1371715183.136803 0.171904 1.319770 0.064529 -0.090457
1371715183.168143 0.174433 1.312828 0.077690 -0.089878
1371715183.204258 0.176580 1.310884 0.080015 -0.088442
1371715183.236119 0.177995 1.301468 0.066506 -0.101069
1371715183.275817 0.178840 1.302630 0.055359 -0.101245
1371715183.305655 0.180488 1.299963 0.050344 -0.099680
1371715183.337910 0.183243 1.298753 0.058161 -0.093418
1371715183.368990 0.183740 1.296152 0.050390 -0.089803
1371715183.407667 0.185408 1.291143 0.045669 -0.090959
1371715183.437108 0.186584 1.288489 0.041706 -0.091066
1371715183.470444 0.188615 1.286745 0.046132 -0.087874
1371715183.505444 0.191854 1.282415 0.059220 -0.087154
1371715183.539700 0.193774 1.277823 0.062126 -0.090726
1371715183.577930 0.193979 1.273332 0.048018 -0.097832
1371715183.600823 0.197514 1.276724 0.063583 -0.086924
1371715183.637846 0.199501 1.269049 0.063558 -0.090058
1371715183.668823 0.198734 1.266090 0.041924 -0.094682
1371715183.707553 0.201725 1.256487 0.040454 -0.108252
1371715183.736601 0.201992 1.259647 0.038603 -0.104511
1371715183.776551 0.205249 1.262322 0.058352 -0.087670
1371715183.806454 0.205024 1.254684 0.043873 -0.089090
1371715183.839772 0.209336 1.259830 0.067919 -0.070078
1371715183.869094 0.208203 1.256189 0.048735 -0.064689
1371715183.906094 0.227038 1.216596 0.133950 -0.118143
1371715183.939664 0.253739 1.167676 0.282730 -0.228308
1371715183.976895 0.276856 1.120945 0.394233 -0.388383
1371715184.002026 0.299458 1.070911 0.459535 -0.584480
1371715184.037573 0.321630 1.023375 0.500034 -0.781664
1371715184.072359 0.342668 0.975749 0.520997 -0.965903
1371715184.112599 0.363518 0.932891 0.547397 -1.106225
1371715184.137361 0.383338 0.886273 0.558511 -1.225357
1371715184.170593 0.402355 0.840982 0.565532 -1.312683
1371715184.206798 0.423753 0.794169 0.587954 -1.367399
1371715184.255060 0.444224 0.743658 0.594612 -1.422599
1371715184.273355 0.467476 0.698930 0.635910 -1.423767
1371715184.311511 0.488968 0.646491 0.638836 -1.462438
1371715184.344528 0.514992 0.600494 0.684017 -1.441711
1371715184.376894 0.535900 0.546621 0.671099 -1.494817
1371715184.414009 0.556356 0.500261 0.671099 -1.494817
1371715184.440181 0.578726 0.450434 0.671099 -1.494817
1371715190.567837 3.165264 4.410276 0.671099 -1.494817
1371715190.739171 3.145637 4.369971 0.000000 0.000000
1371715190.866533 2.981435 4.138275 0.000000 0.000000
1371715190.932210 3.265086 4.544166 0.000000 0.000000
1371715191.035635 3.138411 4.359051 0.000000 0.000000
1371715191.336967 2.929774 4.066673 0.000000 0.000000
1371715191.397811 3.127817 4.340263 0.000000 0.000000
1371715191.636271 3.173840 4.412596 0.000000 0.000000
1371715191.670544 2.839475 3.938618 0.000000 0.000000
1371715191.738387 3.301794 4.282004 0.000000 0.000000
1371715191.806229 3.230942 4.488513 0.000000 0.000000
1371715191.868800 3.192100 4.116243 0.000000 0.000000
1371715191.968551 3.191043 4.434789 0.000000 0.000000
1371715192.068884 3.369839 4.367640 0.000000 0.000000
1371715192.136392 2.913936 3.780689 0.000000 0.000000
1371715192.346096 3.273028 4.240497 0.000000 0.000000
1371715192.378106 3.208017 4.161793 0.000000 0.000000
1371715192.543883 3.260115 4.208043 0.000000 0.000000
1371715192.574769 3.159837 4.403216 -2.997077 5.839295
1371715192.647351 3.127908 4.327711 0.000000 0.000000
1371715192.813801 3.124228 4.041575 0.000000 0.000000
1371715192.846639 3.260886 4.215322 4.102095 5.208323
1371715192.883747 3.171294 4.411898 1.076424 5.787549
1371715192.924042 3.235101 4.622645 1.076424 5.787549
1371715192.942879 3.270982 4.815563 1.076424 5.787549
1371715193.015430 3.034648 4.207140 0.000000 0.000000
1371715193.078789 3.138475 4.349665 0.000000 0.000000
1371715193.116692 2.971836 4.125122 -5.002498 -6.730399
1371715193.346533 3.234622 4.173071 0.000000 0.000000
1371715193.383993 2.958759 4.117946 -8.269962 -1.660803
1371715193.412428 3.121298 4.330580 -2.954331 1.685642
1371715193.447128 2.912414 4.021356 -2.954331 1.685642
1371715193.485426 2.829823 4.390035 -2.954331 1.685642
1371715193.515438 3.362123 4.343904 -2.954331 1.685642
1371715193.554115 2.632868 4.502411 -2.954331 1.685642
1371715193.578775 2.534390 4.558599 -2.954331 1.685642
1371715193.615633 3.080776 4.282372 0.000000 0.000000
1371715193.646183 3.080776 4.282372 0.000000 0.000000
1371715193.684331 3.035593 4.201506 -0.677949 -1.212645
1371715193.725570 3.101304 4.325063 -0.009156 -0.096921
