1371715098.232482 2.014494 2.205538 -0.280397 -0.061584
1371715098.371357 2.032004 2.178706 0.000000 0.000000
1371715098.505963 1.964225 2.265573 0.000000 0.000000
1371715098.569097 2.035802 2.179820 0.000000 0.000000
1371715098.638548 2.102293 2.259168 0.000000 0.000000
1371715098.775298 1.996161 2.302791 0.000000 0.000000
1371715098.838355 1.925653 2.217085 0.000000 0.000000
1371715098.906840 2.054709 2.204951 0.000000 0.000000
1371715099.008129 1.926879 2.227389 0.000000 0.000000
1371715099.071958 2.063475 2.213951 0.000000 0.000000
1371715099.140805 2.051132 2.196848 0.000000 0.000000
1371715099.209618 1.927057 2.221824 0.000000 0.000000
1371715099.343041 2.021122 2.169328 0.000000 0.000000
1371715099.375611 2.016462 2.162472 -0.139828 -0.205648
1371715099.409269 1.873635 2.157271 -2.083961 -0.101942
1371715099.445420 1.818320 2.163965 -2.083961 -0.101942
1371715099.477027 1.748855 2.160566 -2.083961 -0.101942
1371715099.543795 1.971331 2.118661 0.000000 0.000000
1371715099.609978 2.010860 2.158035 0.000000 0.000000
1371715099.644450 1.953938 2.250285 -1.705732 2.765240
1371715099.709133 1.919186 2.207070 0.000000 0.000000
1371715099.748038 2.069361 2.230952 4.503482 0.718155
1371715099.808731 2.077342 2.224361 0.000000 0.000000
1371715099.841628 1.971962 2.276860 -3.159332 1.572649
1371715099.875127 2.045723 2.204630 -1.049565 0.195786
1371715099.908907 1.969296 2.241888 -1.049565 0.195786
1371715099.943644 2.103542 2.253197 0.018233 0.367722
1371715099.977699 2.019625 2.170565 -0.241200 -0.076607
1371715100.009685 1.073270 0.350613 -0.241200 -0.076607
1371715100.045033 1.073862 0.353105 0.000000 0.000000
1371715100.078577 1.073862 0.353105 0.000000 0.000000
1371715100.110541 1.073862 0.353105 0.000000 0.000000
1371715101.853741 1.090821 0.476011 0.000000 0.000000
1371715101.887137 1.085312 0.475152 -0.165243 -0.025780
1371715101.918059 1.085915 0.475489 -0.082687 0.006333
1371715101.954796 1.083643 0.473704 -0.074218 -0.012353
1371715101.997769 1.089280 0.476096 -0.025440 0.021994
1371715102.019036 1.083283 0.475032 -0.034742 0.007029
1371715102.056770 1.087054 0.477428 -0.016306 0.028178
1371715102.088421 1.084659 0.474191 -0.023730 0.000728
1371715102.124885 1.084035 0.473796 -0.025901 -0.011519
1371715102.154482 1.106364 0.483241 0.062926 0.105292
1371715102.188805 1.094986 0.485876 0.062926 0.105292
1371715102.220065 1.072017 0.461249 -0.080773 -0.160931
1371715102.252852 1.089551 0.474639 -0.013614 -0.030475
1371715102.288434 1.094047 0.478225 0.035164 0.056577
1371715102.319834 1.091039 0.474351 0.029035 0.035031
1371715102.358961 1.100311 0.471119 0.042032 0.014501
1371715102.387427 1.095685 0.474810 0.042032 0.014501
1371715102.422444 1.096546 0.460131 0.008642 -0.100422
1371715102.451766 1.082882 0.455200 -0.038454 -0.160482
1371715102.487214 1.095723 0.456235 -0.004112 -0.101826
1371715102.522372 1.106013 0.455334 0.044826 -0.041567
1371715102.569303 1.130211 0.458596 0.139256 0.058370
1371715102.590340 1.145606 0.454488 0.204002 0.065438
1371715102.626915 1.155816 0.447987 0.236831 0.005274
1371715102.659612 1.169000 0.443160 0.267910 -0.047003
1371715102.694388 1.180984 0.438380 0.294569 -0.087816
1371715102.764620 1.204123 0.429763 0.338263 -0.122144
1371715102.789039 1.208749 0.424971 0.351952 -0.157604
1371715102.864687 1.231955 0.413908 0.381857 -0.193752
1371715102.901308 1.255860 0.413398 0.438581 -0.149196
1371715102.958938 1.276378 0.404617 0.479121 -0.154433
1371715102.990378 1.280708 0.398479 0.479007 -0.186609
1371715103.064430 1.313376 0.394614 0.520372 -0.156269
1371715103.091113 1.306532 0.396110 0.503380 -0.139555
1371715103.126156 1.304669 0.418271 0.496274 0.019500
1371715103.159544 1.311250 0.428528 0.467714 0.133281
1371715103.229350 1.306473 0.435722 0.394713 0.166919
1371715103.259903 1.300548 0.442322 0.300449 0.161844
1371715103.328603 1.306493 0.453465 0.241297 0.199379
1371715103.360195 1.314342 0.460165 0.198861 0.220269
1371715103.429328 1.318488 0.465311 0.159282 0.213973
1371715103.460440 1.305053 0.463076 0.072258 0.120051
1371715103.498433 1.303206 0.466126 0.013601 0.076470
1371715103.527560 1.309048 0.471608 -0.001463 0.093240
1371715103.565064 1.312726 0.474141 -0.005164 0.104399
1371715103.597731 1.311053 0.473759 -0.019202 0.081099
1371715103.633040 1.323270 0.479746 0.010130 0.117302
1371715103.669646 1.315550 0.480427 0.000735 0.093854
1371715103.697360 1.315746 0.482811 -0.003859 0.080557
1371715103.731975 1.316457 0.484919 -0.004515 0.073237
1371715103.767964 1.312971 0.485607 -0.015367 0.052744
1371715103.798102 1.320977 0.490061 0.004900 0.078351
1371715103.834873 1.311036 0.486355 -0.020164 0.027098
1371715103.868277 1.307621 0.495097 -0.023079 0.054892
1371715103.899310 1.311292 0.493867 -0.023079 0.054892
1371715103.937639 1.310523 0.495697 -0.023079 0.054892
1371715104.404951 1.416442 0.438429 0.000000 0.000000
1371715104.435637 1.428613 0.435379 0.365026 -0.091456
1371715104.466647 1.436167 0.436805 0.312347 -0.025936
1371715104.503812 1.441583 0.428824 0.266674 -0.097670
1371715104.537408 1.443995 0.422641 0.224245 -0.141657
1371715104.568143 1.456153 0.420650 0.228407 -0.129679
1371715104.603042 1.463389 0.415764 0.228407 -0.129679
1371715104.636193 1.471002 0.411441 0.228407 -0.129679
1371715104.869760 1.507367 0.371524 0.000000 0.000000
1371715104.901034 1.519233 0.372213 0.355885 0.020687
1371715104.936690 1.542730 0.373246 0.498737 0.036060
1371715104.970763 1.546353 0.367428 0.422680 -0.044404
1371715105.007895 1.536649 0.356283 0.295339 -0.155815
1371715105.037718 1.557648 0.356588 0.292408 -0.139899
1371715105.070740 1.561853 0.350644 0.276263 -0.147653
1371715105.103797 1.557699 0.342848 0.237526 -0.182199
1371715105.140514 1.555153 0.338143 0.198355 -0.196920
1371715105.171625 1.554080 0.331968 0.162241 -0.206693
1371715105.207467 1.556306 0.328085 0.137253 -0.192814
1371715105.239172 1.567235 0.328028 0.137078 -0.138409
1371715105.270522 1.587602 0.330026 0.166504 -0.057907
1371715105.316541 1.588976 0.331013 0.178576 -0.011610
1371715105.337490 1.582652 0.331883 0.164804 0.002505
1371715105.374276 1.588907 0.335820 0.159666 0.034269
1371715105.406247 1.577824 0.328844 0.117873 -0.020214
1371715105.444844 1.591580 0.328533 0.109317 -0.027915
1371715105.474361 1.576575 0.326412 0.070282 -0.057053
1371715105.510068 1.581778 0.326380 0.052019 -0.051970
1371715105.538022 1.586541 0.325926 0.045570 -0.037620
1371715105.578029 1.580589 0.326338 0.029071 -0.028143
1371715105.604731 1.602848 0.327393 0.055035 0.010310
1371715105.639628 1.587182 0.323038 0.036799 -0.022078
1371715105.676442 1.591124 0.324196 0.032530 -0.019721
1371715105.708970 1.589366 0.323360 0.024415 -0.022418
1371715105.739914 1.587591 0.323127 0.015037 -0.022360
1371715105.776924 1.591197 0.323251 0.014707 -0.013220
1371715105.805659 1.583224 0.320871 -0.002424 -0.030044
1371715105.842209 1.578306 0.318180 -0.023201 -0.051551
1371715105.873836 1.570713 0.317520 -0.047142 -0.059247
1371715105.909143 1.586022 0.321189 -0.028639 -0.008648
1371715105.941206 1.584733 0.319758 -0.020494 0.003899
1371715105.974000 1.583015 0.318912 -0.018276 0.001419
1371715106.010696 1.577812 0.317794 -0.025609 -0.011684
1371715106.042401 1.588510 0.320929 -0.006761 0.016984
1371715106.076611 1.591078 0.318330 0.006255 0.010455
1371715106.111892 1.585136 0.320248 0.006734 0.010999
1371715106.144668 1.579653 0.318469 -0.004853 -0.008071
1371715106.188057 1.574531 0.316515 -0.021896 -0.030943
1371715106.212718 1.574531 0.316515 -0.021896 -0.030943
1371715106.248563 1.567883 0.317274 0.000000 0.000000
1371715106.280501 1.573385 0.317752 0.165009 0.014352
1371715106.314672 1.572275 0.315520 0.082182 -0.032536
1371715106.349344 1.576783 0.319108 0.088738 0.010996
1371715106.380445 1.572750 0.317634 0.057991 0.000853
1371715106.414143 1.581927 0.319592 0.072328 0.016651
1371715106.449288 1.586233 0.320520 0.083066 0.026235
1371715106.478613 1.577848 0.318024 0.061656 -0.001828
1371715106.515454 1.584712 0.320170 0.061924 0.006046
1371715106.548140 1.584315 0.320418 0.057507 0.007191
1371715106.579316 1.574423 0.316857 0.030872 -0.028068
1371715106.615512 1.580488 0.318810 0.026319 -0.017783
1371715106.648610 1.574238 0.317444 0.009948 -0.025246
1371715106.683839 1.584117 0.320863 0.019297 0.009127
1371715106.718977 1.584067 0.321206 0.022618 0.022511
1371715106.752722 1.573745 0.319009 0.002368 -0.001893
1371715106.784563 1.577043 0.317983 -0.005637 -0.013710
1371715106.819364 1.570171 0.320927 -0.018658 -0.003101
1371715106.847866 1.577812 0.317794 -0.017073 -0.009074
1371715106.882663 1.579367 0.320255 -0.009264 0.008068
1371715106.920555 1.582376 0.320035 0.000290 0.014882
1371715106.950139 1.582945 0.318862 0.005849 0.007070
1371715106.982709 1.579101 0.319294 0.003401 0.000790
1371715107.017923 1.571349 0.317208 -0.013558 -0.022941
1371715107.050032 1.572200 0.317806 -0.020260 -0.021758
1371715107.086873 1.569636 0.316390 -0.028878 -0.027156
1371715107.118416 1.561771 0.316485 -0.045534 -0.029327
1371715107.155833 1.565430 0.317276 -0.046094 -0.012784
1371715107.185361 1.569642 0.318456 -0.035953 0.010055
1371715107.218099 1.573989 0.321951 -0.017486 0.044609
1371715107.251397 1.565581 0.319060 -0.024718 0.022079
1371715107.282450 1.574978 0.321559 -0.009057 0.034644
1371715107.319155 1.568155 0.320468 -0.012429 0.018094
1371715107.350142 1.571505 0.321587 -0.006765 0.018511
1371715107.385482 1.584635 0.323165 0.020764 0.037663
1371715107.418326 1.569125 0.320095 0.006712 0.000260
1371715107.451001 1.563157 0.318797 -0.012833 -0.028902
1371715107.485055 1.563532 0.319849 -0.021143 -0.026071
1371715107.517629 1.566916 0.320344 -0.018587 -0.011596
1371715107.568419 1.553024 0.317557 -0.043260 -0.034505
1371715107.590441 1.568445 0.320172 -0.025869 -0.001514
1371715107.627777 1.535132 0.308103 -0.084025 -0.099526
1371715107.658708 1.497314 0.299256 -0.188221 -0.208174
1371715107.697405 1.478615 0.291066 -0.276289 -0.266087
1371715107.723044 1.466322 0.288301 -0.332589 -0.246201
1371715107.757592 1.437787 0.273354 -0.410498 -0.297977
1371715107.798743 1.408899 0.266027 -0.487631 -0.311019
1371715107.835609 1.389458 0.258085 -0.542612 -0.297563
1371715107.859063 1.359585 0.247442 -0.604013 -0.305886
1371715107.898356 1.334721 0.239689 -0.651899 -0.292518
1371715107.927325 1.324918 0.234209 -0.657088 -0.241933
1371715107.960556 1.302204 0.224472 -0.666219 -0.235666
1371715107.994293 1.274290 0.216773 -0.684018 -0.237207
1371715108.024035 1.244529 0.203736 -0.714233 -0.282573
1371715108.060498 1.215061 0.194666 -0.743979 -0.299889
1371715108.092896 1.190257 0.183808 -0.763408 -0.311156
1371715108.127478 1.171314 0.175335 -0.760347 -0.292919
1371715108.159045 1.138862 0.164112 -0.775593 -0.305014
1371715108.196091 1.115990 0.153707 -0.778640 -0.307672
1371715108.226916 1.086969 0.143329 -0.787487 -0.312041
1371715108.260742 1.057815 0.132517 -0.799961 -0.318957
1371715108.292118 1.026093 0.119880 -0.820723 -0.342137
1371715108.327070 0.992262 0.107213 -0.849538 -0.364612
1371715108.363027 0.963421 0.095357 -0.868356 -0.367843
1371715108.394634 0.930617 0.081826 -0.890280 -0.382361
1371715108.426897 0.895516 0.068665 -0.917915 -0.392842
1371715108.459447 0.859292 0.055186 -0.949997 -0.401408
1371715108.497555 0.824871 0.040724 -0.977224 -0.414649
1371715108.528867 0.786013 0.026078 -1.011706 -0.427791
1371715108.559600 0.759390 0.011924 -1.011706 -0.427791
1371715108.597766 0.725666 -0.002336 -1.011706 -0.427791
1371715114.421298 1.936160 2.224421 -1.011706 -0.427791
1371715114.625343 1.931819 2.231896 0.000000 0.000000
1371715114.689494 1.943356 2.245344 0.000000 0.000000
1371715114.966163 1.957993 2.258172 0.000000 0.000000
1371715114.989992 1.947576 2.248019 -0.312497 -0.304541
1371715115.057668 1.918924 2.213464 0.000000 0.000000
1371715115.326641 1.941367 2.241282 0.000000 0.000000
1371715115.357791 1.989451 2.296310 1.442664 1.650566
1371715115.458214 1.863500 2.140023 0.000000 0.000000
1371715115.496374 1.957063 2.259002 2.807270 3.568649
1371715115.536889 1.970727 2.280590 1.720215 2.304333
1371715115.566307 2.042188 2.376295 1.720215 2.304333
1371715115.595319 1.969675 2.265867 0.755705 1.009206
1371715115.628792 1.922215 2.220955 0.252560 0.487415
1371715115.659807 1.937196 2.238022 0.107229 0.316603
1371715115.698126 1.995233 2.299581 0.260200 0.437934
1371715115.726655 1.933048 2.232162 0.022852 0.197094
1371715115.759608 1.989589 2.298112 0.145776 0.296128
1371715115.797662 1.976497 2.296733 0.145776 0.296128
1371715115.824367 1.980118 2.289314 0.110583 0.247327
1371715115.861875 2.004683 2.158714 -0.036153 -0.109856
1371715115.895580 1.973072 2.278497 0.011415 -0.031523
1371715115.929604 1.984284 2.247347 0.011415 -0.031523
1371715115.962468 1.984664 2.246297 0.011415 -0.031523
1371715116.028196 1.919538 2.212916 0.000000 0.000000
1371715116.059765 2.004683 2.158714 2.552524 -1.624149
1371715116.138509 1.903284 2.193056 0.000000 0.000000
1371715116.259584 1.916970 2.211902 0.000000 0.000000
1371715116.394706 2.032915 2.173782 0.000000 0.000000
1371715116.430734 1.964324 2.272159 -2.055536 2.948763
1371715116.465866 1.930602 2.230014 -1.695845 1.189645
1371715116.497175 1.898312 2.188995 -1.537992 0.437954
1371715116.529388 1.927082 2.222799 -1.091960 0.435782
1371715116.567624 1.945337 2.252785 -0.714292 0.541815
1371715116.596968 1.874422 2.271053 -0.714292 0.541815
1371715116.629032 1.912189 2.207378 -0.593546 0.349676
1371715116.666484 1.954214 2.261544 -0.308974 0.468886
1371715116.713051 1.893631 2.282745 -0.308974 0.468886
1371715116.733173 1.965706 2.264359 -0.097282 0.510829
1371715116.768275 1.894644 2.177184 -0.364769 0.146988
1371715116.806582 1.883319 2.253968 -0.364769 0.146988
1371715116.836727 1.945043 2.246413 -0.151675 0.247234
1371715116.868851 1.901597 2.271563 -0.151675 0.247234
1371715116.905365 1.982083 2.289470 0.133397 0.425707
1371715116.936585 1.917923 2.210422 -0.103183 0.144487
1371715116.965936 1.992736 2.301388 0.134522 0.320620
1371715117.004771 1.889174 2.171875 -0.261188 -0.091288
1371715117.036400 1.990664 2.300619 0.057635 0.170222
1371715117.067984 1.945757 2.276019 0.057635 0.170222
1371715117.105401 1.873979 2.153887 -0.435863 -0.329416
1371715117.135429 1.875373 2.200374 -0.435863 -0.329416
1371715117.174865 1.975559 2.286952 0.100314 0.126847
1371715117.199817 1.938272 2.255177 0.100314 0.126847
1371715117.235639 1.941616 2.259405 0.100314 0.126847
1371715117.407800 1.891918 2.178749 0.000000 0.000000
1371715117.442102 1.923015 2.220241 0.933071 1.244479
1371715117.471042 1.914713 2.207616 0.394094 0.532648
1371715117.505664 1.934950 2.235202 0.394094 0.532648
1371715117.538572 1.948087 2.252957 0.394094 0.532648
1371715117.570894 1.904650 2.191837 0.023557 0.057802
1371715117.606193 1.907923 2.189077 -0.000330 0.004620
1371715117.642203 1.912994 2.196895 0.012848 0.012905
1371715117.669757 1.911523 2.196631 0.012848 0.012905
1371715117.706195 1.918062 2.217124 0.066852 0.081493
1371715117.741683 1.943356 2.245344 0.186329 0.201746
1371715117.772365 2.023060 2.170998 0.306544 0.183036
1371715117.808161 1.993695 2.144258 0.232047 0.012493
1371715117.848567 1.983281 2.195189 0.232047 0.012493
1371715117.869942 1.912985 2.206668 -0.008312 -0.097838
1371715117.905934 1.907559 2.197165 -0.115802 -0.146497
1371715117.938576 1.965742 2.111929 -0.127475 -0.262172
1371715117.972198 1.929812 2.225534 -0.004835 -0.105149
1371715118.007196 1.988580 2.301046 0.336751 0.245092
1371715118.045637 1.988984 2.221722 0.336751 0.245092
1371715118.108436 2.000209 2.229892 0.336751 0.245092
1371715118.139523 1.916876 2.208803 -0.041724 -0.019640
1371715118.207915 1.916481 2.206038 -0.131609 -0.064628
1371715118.238829 1.945199 2.241023 -0.031409 0.050658
1371715118.308648 1.940474 2.216936 -0.031409 0.050658
1371715118.336644 1.997952 2.308044 0.317427 0.388690
1371715118.408872 1.961170 2.268407 0.215411 0.316823
1371715118.440048 1.984794 2.281473 0.215411 0.316823
1371715118.471082 1.991974 2.292033 0.215411 0.316823
1371715118.707531 1.968399 2.275112 0.000000 0.000000
1371715118.741083 1.899089 2.179840 -2.079650 -2.857550
1371715118.872082 1.946052 2.242939 0.000000 0.000000
1371715119.010043 2.008694 2.155134 0.000000 0.000000
1371715119.040643 1.928475 2.226728 -2.404658 2.145614
1371715119.113850 1.968399 2.275112 0.000000 0.000000
1371715119.178624 1.884783 2.163972 0.000000 0.000000
1371715119.210742 1.948364 2.243023 1.907664 2.371066
1371715119.248362 1.962298 2.269040 1.233752 1.682145
1371715119.276944 2.012082 2.335615 1.233752 1.682145
1371715119.314907 2.053207 2.391687 1.233752 1.682145
1371715119.346361 1.934770 2.232534 0.197661 0.389234
1371715119.378814 1.945507 2.242436 0.128153 0.277273
1371715119.413954 1.954958 2.264287 0.128153 0.277273
1371715119.447534 1.959230 2.273529 0.128153 0.277273
1371715119.546430 1.945337 2.252785 0.000000 0.000000
1371715119.609836 1.963892 2.265978 0.000000 0.000000
1371715119.643058 1.898260 2.184557 -1.969175 -2.442193
1371715119.816609 1.943356 2.245344 0.000000 0.000000
1371715120.077863 1.954892 2.260939 0.000000 0.000000
1371715120.186304 1.911715 2.051859 0.000000 0.000000
1371715120.280961 1.930274 2.229508 0.000000 0.000000
1371715120.315660 1.924993 2.223516 -0.158446 -0.179726
1371715120.354886 1.858178 2.135181 -0.999798 -1.286278
1371715120.382007 1.978718 2.279321 0.153764 0.006748
1371715120.426914 1.936674 2.218018 0.153764 0.006748
1371715120.446857 1.941800 2.218243 0.153764 0.006748
1371715120.517135 1.913274 2.203182 0.000000 0.000000
1371715120.614030 1.973072 2.278497 0.000000 0.000000
1371715120.646306 1.921370 2.208806 -1.551319 -2.090287
1371715120.685352 1.929812 2.225534 -0.718484 -0.971568
1371715120.714626 1.895553 2.176327 -0.718484 -0.971568
1371715120.749291 1.921611 2.213957 -0.340540 -0.488715
1371715120.783095 1.942458 2.246146 -0.120583 -0.217242
1371715120.813855 1.935742 2.233430 -0.057009 -0.138148
1371715120.848685 2.005770 2.315676 0.283797 0.206384
1371715120.883103 1.976031 2.269286 0.283797 0.206384
1371715120.916931 1.899334 2.185540 -0.163278 -0.210437
1371715120.948844 1.923895 2.212611 -0.163278 -0.210437
1371715120.985902 1.919372 2.209128 -0.154216 -0.198957
1371715121.029053 1.340121 0.396388 -0.154216 -0.198957
1371715121.049661 2.008211 2.324401 -0.154216 -0.198957
1371715121.088791 1.349523 0.406030 -0.154216 -0.198957
1371715121.119065 1.359074 0.413453 0.000000 0.000000
1371715121.152074 1.359074 0.413453 0.000000 0.000000
1371715121.188658 1.359074 0.413453 0.000000 0.000000
1371715122.904844 1.418292 0.661637 0.000000 0.000000
1371715122.938703 1.416639 0.660260 -0.049609 -0.041323
1371715122.972823 1.436360 0.667268 0.233871 0.116655
1371715123.005036 1.399523 0.648073 -0.093896 -0.156726
1371715123.041045 1.405515 0.645117 -0.114364 -0.178548
1371715123.074176 1.404622 0.641917 -0.105985 -0.162401
1371715123.107978 1.425107 0.646940 -0.012864 -0.052945
1371715123.140523 1.420537 0.643733 0.014383 -0.028480
1371715123.176106 1.414543 0.638222 0.002282 -0.059071
1371715123.213164 1.410871 0.632760 -0.018059 -0.099211
1371715123.242800 1.416955 0.633568 -0.002784 -0.077403
1371715123.279363 1.403162 0.625233 -0.039327 -0.130472
1371715123.309046 1.405819 0.624114 -0.041178 -0.122762
1371715123.342000 1.424447 0.630585 0.024066 -0.018212
1371715123.375319 1.417744 0.626208 0.030434 -0.015369
1371715123.409163 1.418361 0.623786 0.029719 -0.026935
1371715123.439663 1.411183 0.619032 0.003611 -0.070713
1371715123.474085 1.415024 0.619631 0.006027 -0.062363
1371715123.509826 1.415802 0.615558 0.004321 -0.069706
1371715123.545746 1.413874 0.614829 0.002027 -0.067204
1371715123.576941 1.416365 0.616165 0.012871 -0.039963
1371715123.609741 1.407806 0.610393 -0.013118 -0.072784
1371715123.648956 1.420599 0.614481 0.017441 -0.020395
1371715123.673901 1.405602 0.607926 -0.016838 -0.065331
1371715123.708685 1.407473 0.607965 -0.023946 -0.063300
1371715123.746791 1.407830 0.606720 -0.024366 -0.054226
1371715123.780916 1.405044 0.606891 -0.026597 -0.042093
1371715123.808871 1.400922 0.604826 -0.038472 -0.046634
1371715123.842638 1.404545 0.603873 -0.032734 -0.034346
1371715123.876016 1.410716 0.608299 -0.002281 0.017495
1371715123.910138 1.403616 0.605940 -0.010728 0.006142
1371715123.947642 1.406714 0.603266 -0.012013 -0.008663
1371715123.978463 1.410723 0.605943 0.004866 0.011136
1371715124.012020 1.416123 0.607661 0.028633 0.035970
1371715124.047543 2.950511 0.323725 0.028633 0.035970
1371715124.084443 1.401957 0.602454 0.028633 0.035970
1371715124.111971 1.402500 0.603583 0.000000 0.000000
1371715124.150093 1.408495 0.605728 0.179807 0.064369
1371715124.178394 1.413362 0.608054 0.165713 0.065569
1371715124.212655 1.400290 0.602905 0.019121 -0.031684
1371715124.250772 1.411173 0.607434 0.045317 0.005663
1371715124.278544 1.413242 0.607731 0.055519 0.018103
1371715124.310424 1.406359 0.605284 0.027633 -0.010808
1371715124.346846 1.412990 0.608933 0.038265 0.013060
1371715124.378413 1.402500 0.603583 0.001960 -0.034178
1371715124.412048 1.403426 0.602705 -0.012482 -0.048167
1371715124.446859 1.404162 0.602831 -0.013937 -0.040271
1371715124.480495 1.404100 0.605424 -0.007049 -0.012354
1371715124.522985 1.404545 0.603873 -0.006321 -0.006298
1371715124.546620 1.404545 0.603873 -0.006321 -0.006298
1371715124.585724 1.404545 0.603873 -0.006321 -0.006298
1371715124.615464 1.399812 0.602512 0.000000 0.000000
1371715124.649922 1.404545 0.603873 0.141966 0.040816
1371715124.681003 1.400290 0.602905 0.023772 -0.007541
1371715124.715565 1.403784 0.604149 0.033108 0.006535
1371715124.749121 1.414786 0.608129 0.087722 0.051160
1371715124.788199 1.412431 0.608155 0.083182 0.045017
1371715124.814154 1.413242 0.607731 0.072384 0.027817
1371715124.849882 1.412109 0.606552 0.054660 0.002406
1371715124.884696 1.413242 0.607731 0.047033 -0.001792
1371715124.921762 1.415366 0.608160 0.045252 0.000969
1371715124.950093 1.402500 0.603583 0.000691 -0.052854
1371715124.983266 1.399230 0.602777 -0.027721 -0.072312
1371715125.018132 1.401957 0.602454 -0.031143 -0.058178
1371715125.049148 1.411150 0.606785 0.001185 0.005423
1371715125.086953 1.411173 0.607434 0.016175 0.032795
1371715125.120038 1.406643 0.604293 0.002790 0.008172
1371715125.151287 1.413242 0.607731 0.018295 0.030124
1371715125.186049 1.412853 0.606681 0.019719 0.023945
1371715125.220682 1.406511 0.606868 0.003259 0.004126
1371715125.255953 1.404162 0.602831 -0.018853 -0.032603
1371715125.294947 1.413242 0.607731 0.005340 0.007952
1371715125.321925 1.412419 0.608197 0.014645 0.022586
1371715125.356573 1.412527 0.607818 0.016005 0.020540
1371715125.390475 1.404545 0.603873 -0.012141 -0.024531
1371715125.439605 1.413242 0.607731 0.005244 0.004050
1371715125.462852 1.413242 0.607731 0.005244 0.004050
1371715125.499973 1.404545 0.603873 0.000000 0.000000
1371715125.533721 1.402595 0.603254 -0.058499 -0.018565
1371715125.564704 1.412853 0.606681 0.102284 0.060799
1371715125.603862 1.412007 0.606906 0.086225 0.044553
1371715125.627674 1.404545 0.603873 0.026318 -0.006799
1371715125.663392 1.406359 0.605284 0.013764 -0.009200
1371715125.735495 1.411173 0.607434 0.026087 0.012487
1371715125.763318 1.410396 0.605830 0.023061 0.005547
1371715125.837190 1.406643 0.604293 0.007256 -0.015868
1371715125.862164 1.397893 0.603032 -0.023687 -0.045220
1371715125.935840 1.403335 0.603340 -0.021164 -0.032163
1371715125.966678 1.403326 0.603056 -0.017733 -0.020642
1371715125.996481 1.413242 0.607731 0.018138 0.036133
1371715126.033864 1.419295 0.609888 0.049787 0.073354
1371715126.099528 1.410714 0.606238 0.030698 0.030351
1371715126.138350 1.410318 0.607356 0.019833 0.011519
1371715126.165025 1.399553 0.601650 -0.024204 -0.054134
1371715126.201203 1.406792 0.605562 -0.015271 -0.028335
1371715126.237108 1.404545 0.603873 -0.017919 -0.025669
1371715126.270959 1.403742 0.604296 -0.017990 -0.016919
1371715126.309085 1.404162 0.602831 -0.018267 -0.016529
1371715126.337352 1.404278 0.604804 -0.011910 0.000191
1371715126.370006 1.402500 0.603583 -0.015322 -0.003124
1371715126.405603 1.402500 0.603583 -0.015322 -0.003124
1371715126.439561 1.411268 0.607103 0.000000 0.000000
1371715126.471232 1.407755 0.606992 -0.105362 -0.003340
1371715126.506788 1.403742 0.604296 -0.115288 -0.043882
1371715126.539152 1.404545 0.603873 -0.081320 -0.031219
1371715126.577335 1.402500 0.603583 -0.069563 -0.022375
1371715126.609714 1.411173 0.607434 -0.018803 0.026544
1371715126.639281 1.400290 0.602905 -0.039579 -0.007150
1371715126.678817 1.412017 0.607192 -0.004761 0.030725
1371715126.708192 1.409239 0.605688 0.000323 0.024502
1371715126.747042 1.412853 0.606681 0.012731 0.029301
1371715126.776360 1.408452 0.606350 0.005896 0.013215
1371715126.809325 1.413242 0.607731 0.015844 0.021293
1371715126.847142 1.412017 0.607192 0.014906 0.012962
1371715126.875941 1.402500 0.603583 -0.016332 -0.034102
1371715126.920163 1.413242 0.607731 0.005445 0.001869
1371715126.952109 1.408936 0.606747 0.003089 0.000609
1371715126.989669 1.407522 0.606032 -0.003340 -0.006974
1371715127.019938 1.410437 0.607900 0.004569 0.008712
1371715127.054450 1.403742 0.604296 -0.015899 -0.021645
1371715127.087012 1.399656 0.603441 -0.034739 -0.040295
1371715127.119396 1.407755 0.606992 -0.013239 0.000495
1371715127.160322 1.411749 0.608128 0.008931 0.031277
1371715127.184531 1.404293 0.605067 -0.006440 0.003077
1371715127.219845 1.405308 0.604608 -0.011365 -0.008637
1371715127.252236 1.406643 0.604293 -0.009221 -0.010158
1371715127.288199 1.397880 0.601758 -0.032324 -0.040419
1371715127.326025 1.408495 0.605728 -0.005713 0.002965
1371715127.356842 1.404162 0.602831 -0.008738 -0.006630
1371715127.393015 1.399656 0.603441 -0.018277 -0.013535
1371715127.423516 1.404545 0.603873 -0.008773 0.000248
1371715127.459006 1.401831 0.605196 -0.007381 0.008557
1371715127.496294 1.402047 0.604443 -0.008284 0.006716
1371715127.523992 1.410888 0.608429 0.020303 0.045808
1371715127.559397 1.418912 0.611221 0.054384 0.081390
1371715127.597727 1.404545 0.603873 0.014992 0.002161
1371715127.627504 1.403784 0.604149 -0.004548 -0.029258
1371715127.662168 1.404545 0.603873 -0.010200 -0.035002
1371715127.699164 1.397772 0.602133 -0.029926 -0.052635
1371715127.727933 1.411150 0.606785 0.005831 0.007443
1371715127.760634 1.415518 0.609438 0.037130 0.052353
1371715127.798335 1.404545 0.603873 0.009432 0.001708
1371715127.838924 1.413242 0.607731 0.024323 0.021261
1371715127.860417 1.403742 0.604296 -0.000822 -0.016190
1371715127.895334 1.403742 0.604296 -0.000822 -0.016190
1371715127.968343 1.400290 0.602905 0.000000 0.000000
1371715127.996709 1.413775 0.608581 0.404481 0.170306
1371715128.067903 1.406071 0.604264 0.120485 -0.013050
1371715128.095730 1.413242 0.607731 0.119157 0.012693
1371715128.130035 1.399230 0.602777 0.023269 -0.047201
1371715128.164973 1.403335 0.603340 0.009293 -0.044768
1371715128.199025 1.404545 0.603873 0.009672 -0.029576
1371715128.230797 1.407863 0.606614 0.024053 0.004255
1371715128.261492 1.417241 0.609609 0.056252 0.050346
1371715128.297469 1.413242 0.607731 0.050462 0.035299
1371715128.331138 1.406511 0.606868 0.024275 0.001036
1371715128.362438 1.411173 0.607434 0.021553 -0.000679
1371715128.396659 1.404545 0.603873 -0.004131 -0.036507
1371715128.437656 1.408495 0.605728 -0.001336 -0.023138
1371715128.464381 1.405507 0.604136 -0.009569 -0.028079
1371715128.500569 1.401756 0.603156 -0.022726 -0.036152
1371715128.531563 1.400583 0.603797 -0.027869 -0.027941
1371715128.571416 1.402500 0.603583 -0.023937 -0.014001
