1371715018.350458 2.394633 -2.979481 0.000000 0.000000
1371715035.425907 2.025170 2.179253 0.000000 0.000000
1371715035.458179 1.990858 2.305760 0.000000 0.000000
1371715035.498091 1.953239 2.265364 -1.128635 -1.211718
1371715035.523747 1.915615 2.224979 -1.128635 -1.211718
1371715035.559530 1.983977 2.134729 -0.167004 -1.610422
1371715035.588710 1.973029 2.282629 0.133298 -0.811360
1371715035.625836 1.937433 2.241644 -0.033573 -0.549112
1371715035.666072 1.932941 2.238222 -0.088986 -0.407675
1371715035.689194 2.021178 2.177482 0.078155 -0.333616
1371715035.725816 1.974367 2.285335 0.222099 -0.106913
1371715035.756929 1.995257 2.214434 0.222099 -0.106913
1371715035.795624 1.929134 2.230418 0.008887 -0.177976
1371715035.828006 1.950226 2.256567 0.039930 -0.082580
1371715035.861110 1.966505 2.221289 0.039930 -0.082580
1371715035.895560 1.952898 2.258377 0.064725 -0.004273
1371715035.923279 1.970843 2.289687 0.157097 0.123721
1371715035.956980 1.933131 2.239796 -0.004541 0.003252
1371715035.989846 1.895743 2.190003 -0.274237 -0.233298
1371715036.025139 1.925960 2.226309 -0.230863 -0.187584
1371715036.064812 1.989225 2.302898 0.112235 0.130186
1371715036.094114 2.047427 2.203870 0.256842 0.171050
1371715036.126965 2.013139 2.167861 0.179763 -0.004185
1371715036.157954 1.994052 2.226730 0.179763 -0.004185
1371715036.195109 2.000044 2.226591 0.179763 -0.004185
1371715036.227424 1.909666 2.205713 -0.196901 -0.236236
1371715036.257858 1.936149 2.193916 -0.196901 -0.236236
1371715036.296617 1.929585 2.186041 -0.196901 -0.236236
1371715036.327913 1.897866 2.191500 -0.257157 -0.241880
1371715036.366965 1.901392 2.173121 -0.257157 -0.241880
1371715036.396891 1.892820 2.165058 -0.257157 -0.241880
1371715040.816165 1.937037 2.092780 0.000000 0.000000
1371715040.842027 1.997131 2.147719 1.802757 1.648108
1371715040.908633 1.920627 2.217487 0.000000 0.000000
1371715040.942598 1.978557 2.131093 1.736038 -2.589798
1371715041.011929 2.024285 2.180173 0.000000 0.000000
1371715041.042888 2.066586 2.220473 1.268975 1.208950
1371715041.073930 1.971879 2.125116 -0.599319 -0.603284
1371715041.108565 1.859712 2.148795 -1.547696 -0.430906
1371715041.144539 1.876310 2.154843 -1.312094 -0.321656
1371715041.177080 1.816377 2.136281 -1.312094 -0.321656
1371715041.209299 1.991166 2.141908 -0.502283 0.109739
1371715041.239131 1.929395 2.233814 -0.203443 0.301255
1371715041.274604 1.962475 2.275601 0.065481 0.530995
1371715041.309585 2.009558 2.159079 0.128505 0.391074
1371715041.345034 1.979358 2.135917 0.023899 0.165879
1371715041.382422 1.970564 2.130078 -0.071577 0.003881
1371715041.407182 1.937393 2.240162 -0.014652 0.113449
1371715041.453657 1.954103 2.260824 0.081190 0.247645
1371715041.473802 1.923346 2.078810 -0.265706 -0.220631
1371715041.508639 1.933700 2.146700 -0.265706 -0.220631
1371715041.545668 2.031777 2.192778 0.151958 0.137341
1371715041.577406 1.993600 2.150939 0.116908 0.061316
1371715041.608696 1.957799 2.118007 -0.055243 -0.126573
1371715041.644355 1.966515 2.147510 -0.055243 -0.126573
1371715041.675991 1.964674 2.143291 -0.055243 -0.126573
1371715041.748183 1.989191 2.140906 0.000000 0.000000
1371715041.779480 2.006401 2.161958 0.516361 0.631454
1371715041.846110 1.858993 2.142720 0.000000 0.000000
1371715041.874991 1.964254 2.260875 3.158089 3.544093
1371715041.909942 1.956050 2.115883 1.874401 -0.286849
1371715041.946854 2.060240 2.126565 1.874401 -0.286849
1371715041.977844 1.898848 2.197454 0.382526 0.149006
1371715042.008603 1.888905 2.038400 0.118051 -0.665957
1371715042.046115 1.998043 2.154962 0.400389 -0.261283
1371715042.084792 1.949175 2.103176 0.323818 -0.288856
1371715042.112472 1.974978 2.090452 0.323818 -0.288856
1371715042.145990 1.913663 2.205121 0.296464 -0.054413
1371715042.177773 1.849030 2.137778 -0.071976 -0.209947
1371715042.214147 1.912097 2.116611 -0.071976 -0.209947
1371715042.245991 1.909698 2.109612 -0.071976 -0.209947
1371715042.314702 1.982605 2.132956 0.000000 0.000000
1371715042.378802 2.005178 2.159274 0.000000 0.000000
1371715042.416487 2.002343 2.154280 -0.085053 -0.149776
1371715042.446703 1.947316 2.250365 -0.639623 1.026339
1371715042.479542 1.918543 2.214265 -0.840699 0.691256
1371715042.517330 1.903842 2.192899 -0.850108 0.404654
1371715042.550142 1.870334 2.232898 -0.850108 0.404654
1371715042.576860 1.988214 2.141797 -0.396944 0.190855
1371715042.611451 1.911711 2.206901 -0.374236 0.204827
1371715042.648681 1.982558 2.135529 -0.231798 0.115317
1371715042.679136 1.901582 2.197595 -0.277190 0.111484
1371715042.724728 1.903356 2.195468 -0.277190 0.111484
1371715042.745025 1.913703 2.212551 -0.186366 0.182474
1371715042.780618 2.046027 2.363438 0.425597 0.729635
1371715042.814731 1.990477 2.307700 0.425597 0.729635
1371715042.849742 2.004663 2.332021 0.425597 0.729635
1371715042.880282 2.017581 2.169774 0.091751 0.162817
1371715042.915347 1.995141 2.250359 0.091751 0.162817
1371715042.946549 1.864083 2.139398 -0.567326 -0.353805
1371715042.977837 1.963333 2.110755 -0.440691 -0.373705
1371715043.016607 1.997131 2.147719 -0.169178 -0.197200
1371715043.047671 1.870809 2.156738 -0.323462 -0.272531
1371715043.080911 1.888592 2.144172 -0.323462 -0.272531
1371715043.116305 1.990552 2.140742 0.028500 -0.021648
1371715043.147034 1.928392 2.160089 0.028500 -0.021648
1371715043.185275 2.046270 2.204119 0.461433 0.319414
1371715043.217055 1.939624 2.246856 0.318502 0.303771
1371715043.247778 1.990986 2.229915 0.318502 0.303771
1371715043.284781 2.015231 2.165349 0.229843 0.113998
1371715043.316250 1.932599 2.238156 0.062146 0.077034
1371715043.355422 1.977583 2.217027 0.062146 0.077034
1371715043.385633 1.911167 2.053361 -0.448064 -0.565925
1371715043.417882 1.955811 2.262055 -0.049235 -0.169443
1371715043.448399 1.958721 2.146379 -0.049235 -0.169443
1371715043.486938 1.959906 2.112367 -0.091546 -0.247468
1371715043.516517 1.951684 2.118701 -0.091546 -0.247468
1371715043.549266 1.954478 2.263270 0.219683 0.145421
1371715043.582953 1.990232 2.178285 0.219683 0.145421
1371715043.617040 1.906323 2.068139 -0.258174 -0.376471
1371715043.648620 1.930101 2.088320 -0.258174 -0.376471
1371715043.686526 1.921495 2.075770 -0.258174 -0.376471
1371715043.749642 1.933172 2.234453 0.000000 0.000000
1371715043.781290 2.021360 2.173191 2.643657 -1.835742
1371715043.815781 1.947316 2.250365 0.612617 -0.157631
1371715043.848716 1.897994 2.182495 -0.159238 -0.485052
1371715043.886057 1.970016 2.116815 0.031545 -0.753876
1371715043.922146 1.949344 2.118361 0.031545 -0.753876
1371715043.956070 1.950396 2.093232 0.031545 -0.753876
1371715043.986570 1.861178 2.144250 -0.261366 -0.560912
1371715044.018270 1.971535 2.129193 0.001429 -0.330332
1371715044.056079 1.881300 2.173487 -0.031369 -0.243998
1371715044.087489 1.905081 2.130250 -0.031369 -0.243998
1371715044.117859 1.904036 2.122116 -0.031369 -0.243998
1371715044.148329 1.871441 2.160239 -0.055093 -0.164854
1371715044.184018 1.892836 2.187200 0.041813 -0.023390
1371715044.218592 1.985503 2.134291 0.222141 0.080456
1371715044.253673 1.847569 2.121719 -0.103303 -0.147261
1371715044.282916 2.001190 2.158170 0.213520 0.107347
1371715044.316521 1.984063 2.137197 0.300234 0.123914
1371715044.356405 1.956551 2.168379 0.300234 0.123914
1371715044.386034 1.966559 2.172510 0.300234 0.123914
1371715044.419487 2.001557 2.154997 0.339187 0.109142
1371715044.454546 1.997086 2.174223 0.339187 0.109142
1371715044.485976 2.008392 2.177861 0.339187 0.109142
1371715044.656697 2.046840 2.198664 0.000000 0.000000
1371715044.688983 1.891224 2.188670 -4.666748 -0.301621
1371715044.719186 1.988818 2.144049 -1.751573 -0.271543
1371715044.755535 1.910023 2.213104 -1.272087 0.017834
1371715044.788923 1.989461 2.148456 -0.732144 0.002571
1371715044.819131 1.899464 2.178189 -0.732144 0.002571
1371715044.855449 1.881603 2.179241 -0.700875 0.011145
1371715044.895383 2.032871 2.188992 -0.220498 0.312068
1371715044.920431 1.916815 2.221842 -0.220498 0.312068
1371715044.956841 1.909465 2.232245 -0.220498 0.312068
1371715044.989280 1.927022 2.084203 -0.388905 -0.166272
1371715045.020189 1.887277 2.140008 -0.388905 -0.166272
1371715045.058306 1.874313 2.134465 -0.388905 -0.166272
1371715045.100939 1.902032 2.187271 -0.142813 0.059896
1371715045.120486 1.907264 2.067280 -0.244922 -0.182632
1371715045.155663 1.859497 2.143073 -0.270629 -0.149903
1371715045.194436 1.963766 2.122515 -0.021581 0.038252
1371715045.226094 1.901058 2.134091 -0.021581 0.038252
1371715045.252623 1.900339 2.135366 -0.021581 0.038252
1371715045.325640 1.991189 2.145095 0.000000 0.000000
1371715045.393722 2.000897 2.150563 0.000000 0.000000
1371715045.423297 1.960676 2.114391 -1.206561 -1.085130
1371715045.457082 1.868205 2.161490 -1.798576 -0.099058
1371715045.488795 1.999093 2.145930 -0.700906 0.291748
1371715045.526406 1.894055 2.177638 -0.700906 0.291748
1371715045.557194 1.926385 2.226389 -0.347480 0.483977
1371715045.589899 1.907429 2.055622 -0.438471 -0.182855
1371715045.633998 1.952962 2.261865 -0.049380 0.210289
1371715045.654756 1.942491 2.168929 -0.049380 0.210289
1371715045.688939 1.940845 2.175939 -0.049380 0.210289
1371715045.726216 1.964733 2.121633 -0.061296 0.053669
1371715045.756453 1.838247 2.130220 -0.432404 -0.117826
1371715045.789312 2.004823 2.163397 -0.067424 0.172170
1371715045.826403 1.888967 2.190728 -0.111519 0.170207
1371715045.858108 2.014352 2.174775 0.155036 0.349080
1371715045.889746 1.952216 2.111224 0.016901 0.119008
1371715045.928310 1.935665 2.178286 0.016901 0.119008
1371715045.958314 1.936229 2.182253 0.016901 0.119008
1371715045.996518 1.992943 2.145280 0.119007 0.109211
1371715046.030831 1.963121 2.180096 0.119007 0.109211
1371715046.056908 1.967088 2.183736 0.119007 0.109211
1371715046.094540 1.888578 2.177414 -0.179271 -0.052293
1371715046.132184 1.904165 2.208467 -0.134596 0.029047
1371715046.157581 1.978818 2.140387 -0.023602 0.037465
1371715046.196099 1.933172 2.234453 0.085947 0.163862
1371715046.224953 1.940509 2.202586 0.085947 0.163862
1371715046.259267 1.943374 2.208048 0.085947 0.163862
1371715046.359354 1.932537 2.228441 0.000000 0.000000
1371715046.532762 2.056665 2.209516 0.000000 0.000000
1371715046.557487 1.823031 2.105531 -7.007645 -3.120760
1371715046.626300 1.858012 2.147137 0.000000 0.000000
1371715046.735437 1.916929 2.068883 0.000000 0.000000
1371715046.796657 1.954525 2.109119 1.127908 1.206973
1371715046.926469 2.056665 2.209516 0.000000 0.000000
1371715046.966835 1.976275 2.123336 -2.411763 -2.585148
1371715047.028832 1.922789 2.223590 0.000000 0.000000
1371715047.063321 1.963239 2.269278 1.213577 1.370428
1371715047.095591 1.854731 2.136076 -0.825052 -1.044456
1371715047.129947 1.906393 2.206435 -0.368982 -0.475309
1371715047.165648 1.877975 2.164001 -0.368982 -0.475309
1371715047.196910 1.865676 2.148157 -0.368982 -0.475309
1371715047.528942 1.975428 2.128832 0.000000 0.000000
1371715047.598516 1.926232 2.212375 0.000000 0.000000
1371715047.667487 1.992558 2.136563 0.000000 0.000000
1371715051.851720 1.241231 0.079599 0.000000 0.000000
1371715051.885563 1.239454 0.081039 0.000000 0.000000
1371715051.916958 1.241195 0.081266 0.052221 0.006809
1371715051.960856 1.239324 0.081020 0.007763 -0.002545
1371715051.984074 1.238380 0.080944 -0.005133 -0.003574
1371715052.021060 1.240361 0.081449 0.001557 0.002528
1371715052.056283 1.240074 0.081429 0.002626 0.003196
1371715052.086005 1.236826 0.079895 -0.005940 -0.010715
1371715052.120194 1.239238 0.081754 -0.003512 0.002956
1371715052.162905 1.238503 0.081316 -0.003821 0.003266
1371715052.184328 1.241424 0.081413 0.001782 0.004473
1371715052.222077 1.241256 0.080662 0.004590 -0.002356
1371715052.288316 1.241612 0.081174 0.007188 -0.000104
1371715052.325717 1.241195 0.081266 0.007688 0.001123
1371715052.389691 1.241194 0.080384 0.007164 -0.005758
1371715052.423736 1.240055 0.080455 0.004419 -0.006635
1371715052.460708 1.240290 0.080407 0.002826 -0.005500
1371715052.489385 1.242163 0.081001 0.005455 0.001708
1371715052.524344 1.239300 0.081255 0.001275 0.004558
1371715052.559868 1.237099 0.081580 -0.005850 0.006122
1371715052.592670 1.240208 0.081208 -0.004476 0.003595
1371715052.622380 1.239288 0.081372 -0.004976 0.002729
1371715052.659269 1.241198 0.080741 -0.001573 -0.002422
1371715052.690677 1.238979 0.080523 -0.003421 -0.006221
1371715052.728070 1.233343 0.080170 -0.015332 -0.010806
1371715052.758665 1.233343 0.080170 -0.015332 -0.010806
1371715052.794093 1.237508 0.081886 0.000000 0.000000
1371715052.823059 1.240519 0.081139 0.090308 -0.022405
1371715052.860165 1.240540 0.080927 0.053842 -0.014157
1371715052.891554 1.232974 0.080143 -0.013598 -0.019770
1371715052.929031 1.237160 0.080978 -0.007919 -0.005816
1371715052.959663 1.240767 0.081369 0.006353 0.003949
1371715052.996622 1.240217 0.080019 0.009877 -0.004938
1371715053.029718 1.239419 0.080176 0.009351 -0.005915
1371715053.068661 1.238895 0.081344 0.007946 0.004134
1371715053.097618 1.239419 0.080176 0.006899 -0.002456
1371715053.132139 1.241198 0.080741 0.009492 0.000922
1371715053.168289 1.237938 0.079531 0.003976 -0.009070
1371715053.198318 1.237825 0.080205 0.000391 -0.004891
1371715053.232314 1.233343 0.080170 -0.010648 -0.004089
1371715053.268571 1.238712 0.080755 -0.006839 0.004305
1371715053.302046 1.237514 0.081488 -0.006072 0.011431
1371715053.335820 1.240236 0.081565 -0.000218 0.012669
1371715053.368038 1.239557 0.080019 0.001667 -0.002733
1371715053.400515 1.240182 0.079082 0.004005 -0.014589
1371715053.430935 1.241938 0.081312 0.010000 0.003113
1371715053.469864 1.238515 0.080419 0.005960 -0.000043
1371715053.497957 1.238514 0.081199 0.003257 0.004982
1371715053.534641 1.238808 0.080731 0.001458 0.001903
1371715053.566738 1.241005 0.080075 0.004180 -0.003956
1371715053.600639 1.239523 0.080352 0.003153 -0.003484
1371715053.631238 1.239623 0.080610 0.002593 -0.000369
1371715053.670406 1.238881 0.080008 0.000335 -0.004205
1371715053.700846 1.240043 0.080576 0.001394 0.000489
1371715053.732074 1.240438 0.079993 0.002443 -0.002446
1371715053.768184 1.239982 0.081179 0.002674 0.006230
1371715053.799050 1.234384 0.079994 -0.008899 -0.003865
1371715053.834848 1.239702 0.079335 -0.005761 -0.009150
1371715053.867884 1.241913 0.081560 0.002081 0.009697
1371715053.906966 1.241256 0.080662 0.005010 0.006310
1371715053.935098 1.236617 0.079995 -0.002565 -0.003689
1371715053.970082 1.244221 0.078527 0.006869 -0.014625
1371715054.001030 1.245425 0.080854 0.016368 0.003749
1371715054.034714 1.237954 0.078801 0.006063 -0.010105
1371715054.068867 1.239548 0.078695 0.002239 -0.012396
1371715054.105545 1.234968 0.076028 -0.010011 -0.032567
1371715054.138389 1.241948 0.074694 -0.003859 -0.038635
1371715054.169777 1.227973 0.073716 -0.026381 -0.043471
1371715054.201409 1.217311 0.074149 -0.059854 -0.033403
1371715054.236997 1.215303 0.076719 -0.080653 -0.000140
1371715054.269841 1.220429 0.074836 -0.080653 -0.000140
1371715054.317958 1.217628 0.077615 -0.079844 0.022819
1371715054.340098 1.221577 0.076309 -0.066882 0.013410
1371715054.376000 1.215330 0.077376 -0.066882 0.013410
1371715054.408523 1.230603 0.081438 -0.024524 0.049930
1371715054.443174 1.243209 0.086161 0.023691 0.083595
1371715054.473624 1.248884 0.091281 0.061544 0.114669
1371715054.508246 1.253152 0.094440 0.088454 0.120838
1371715054.539798 1.259304 0.097526 0.111478 0.116553
1371715054.575256 1.264943 0.098459 0.129178 0.092470
1371715054.608863 1.269107 0.102174 0.141762 0.088380
1371715054.641680 1.265374 0.105646 0.134497 0.086634
1371715054.677076 1.263408 0.107210 0.116558 0.072837
1371715054.709668 1.266643 0.108680 0.103275 0.060694
1371715054.754387 1.259788 0.110146 0.074480 0.047146
1371715054.773298 1.264159 0.112772 0.060029 0.052173
1371715054.809201 1.262575 0.115407 0.043828 0.059345
1371715054.846300 1.266321 0.117811 0.037450 0.066837
1371715054.878298 1.266352 0.116625 0.028760 0.042807
1371715054.907875 1.271556 0.120231 0.032970 0.053498
1371715054.945301 1.264245 0.121446 0.018943 0.048187
1371715054.974311 1.266938 0.122360 0.013340 0.042551
1371715055.007770 1.266422 0.125489 0.008976 0.053274
1371715055.044526 1.263375 0.125470 -0.001849 0.041527
1371715055.078370 1.267771 0.127270 0.000121 0.043447
1371715055.114329 1.265713 0.127639 -0.003235 0.034574
1371715055.144521 1.271847 0.130069 0.007543 0.044983
1371715055.176535 1.270519 0.130441 0.010709 0.038815
1371715055.210959 1.273131 0.132736 0.017977 0.045521
1371715055.248247 1.271026 0.131712 0.015899 0.026600
1371715055.278082 1.272836 0.133766 0.018284 0.029596
1371715055.311154 1.267476 0.133465 0.007485 0.017083
1371715055.348820 1.272158 0.133895 0.009138 0.014608
1371715055.380892 1.266366 0.134906 -0.001093 0.013918
1371715055.418478 1.275882 0.137281 0.011652 0.034502
1371715055.483168 1.281328 0.135114 0.027032 0.019278
1371715055.518381 1.274031 0.135118 0.021813 0.003355
1371715055.551761 1.270001 0.135542 0.009877 -0.002748
1371715055.587077 1.274306 0.134721 0.009334 -0.007646
1371715055.620428 1.270940 0.131343 0.000346 -0.035553
1371715055.655552 1.268921 0.131513 -0.008007 -0.036114
1371715055.687002 1.275483 0.133953 0.001784 -0.004086
1371715055.721332 1.271119 0.131749 -0.002483 -0.011328
1371715055.753912 1.269281 0.131042 -0.008678 -0.017366
1371715055.785698 1.272127 0.130283 -0.006731 -0.018829
1371715055.822400 1.278854 0.132404 0.009510 0.005718
1371715055.855816 1.268512 0.130035 -0.002302 -0.011914
1371715055.887050 1.264874 0.130353 -0.016106 -0.014490
1371715055.923695 1.279649 0.131496 0.004898 0.006550
1371715055.957604 1.272032 0.130712 0.003006 0.001218
1371715055.990337 1.277776 0.132077 0.013467 0.012845
1371715056.022548 1.272692 0.130675 0.008463 -0.000602
1371715056.058360 1.273331 0.130766 0.006286 -0.004191
1371715056.089024 1.269817 0.131331 -0.001781 -0.002252
1371715056.124610 1.268777 0.131764 -0.008810 0.002008
1371715056.158606 1.266890 0.131416 -0.016971 -0.000375
1371715056.189244 1.274097 0.131436 -0.007468 0.003946
1371715056.227372 1.278510 0.133064 0.008554 0.019436
1371715056.265009 1.280934 0.131583 0.021585 0.009509
1371715056.289933 1.285295 0.132352 0.037776 0.011133
1371715056.324019 1.285421 0.130725 0.045340 -0.004699
1371715056.357200 1.276512 0.131085 0.031299 -0.012916
1371715056.389984 1.272141 0.127005 0.009892 -0.046450
1371715056.425028 1.269747 0.126460 -0.008184 -0.051698
1371715056.458565 1.269506 0.127378 -0.018478 -0.032767
1371715056.490549 1.272461 0.126992 -0.018748 -0.018162
1371715056.524123 1.255099 0.127581 -0.051196 -0.013562
1371715056.558808 1.267686 0.124875 -0.046490 -0.019813
1371715056.592013 1.259458 0.125556 -0.055247 -0.015748
1371715056.629266 1.258134 0.125556 -0.059913 -0.009669
1371715056.665026 1.258976 0.123464 -0.058728 -0.019367
1371715056.689499 1.255656 0.122105 -0.060681 -0.029169
1371715056.727565 1.257416 0.121775 -0.054060 -0.025469
1371715056.757925 1.255733 0.121350 -0.049272 -0.021011
1371715056.793341 1.262450 0.121046 -0.030014 -0.011827
1371715056.825869 1.255579 0.122860 -0.027284 0.004671
1371715056.860976 1.253585 0.123417 -0.027882 0.012932
1371715056.897348 1.251063 0.123809 -0.031663 0.014661
1371715056.927456 1.253470 0.124549 -0.027383 0.019344
1371715056.959578 1.255502 0.123615 -0.019904 0.010369
1371715056.997584 1.263229 0.124414 0.001652 0.015277
1371715057.029363 1.255272 0.125881 0.001178 0.019148
1371715057.066424 1.265671 0.126205 0.020367 0.024123
1371715057.092013 1.259642 0.130054 0.022223 0.044863
1371715057.127519 1.258735 0.133136 0.020562 0.063411
1371715057.158564 1.273462 0.135097 0.045445 0.077448
1371715057.191634 1.278564 0.137896 0.068673 0.085646
1371715057.227353 1.282203 0.139576 0.085776 0.079753
1371715057.261281 1.281803 0.143015 0.091816 0.080950
1371715057.298662 1.295001 0.142069 0.112586 0.059989
1371715057.328331 1.282304 0.140769 0.093962 0.016066
1371715057.361673 1.293078 0.142391 0.098245 0.014027
1371715057.396965 1.291594 0.143767 0.092776 0.016978
1371715057.429622 1.295205 0.143759 0.089620 0.014246
1371715057.461173 1.291735 0.145482 0.076136 0.018624
1371715057.494807 1.296429 0.146113 0.071058 0.022158
1371715057.526507 1.294307 0.147669 0.059534 0.026858
1371715057.561124 1.298052 0.147369 0.054202 0.021132
1371715057.595820 1.294265 0.148308 0.040322 0.017330
1371715057.629955 1.295607 0.149674 0.031699 0.022370
1371715057.661155 1.296797 0.151556 0.026771 0.033138
1371715057.694813 1.298003 0.151702 0.022988 0.030247
1371715057.727492 1.298132 0.152034 0.018887 0.023816
1371715057.766293 1.298715 0.153124 0.016480 0.023812
1371715057.796208 1.297224 0.154390 0.011313 0.026062
1371715057.829174 1.299524 0.154345 0.010788 0.021513
1371715057.870163 1.306188 0.157472 0.024220 0.042216
1371715057.896412 1.302500 0.155362 0.021569 0.019858
1371715057.931013 1.298213 0.157397 0.011983 0.018658
1371715057.966022 1.296081 0.157283 0.000262 0.011303
1371715057.998010 1.301857 0.159725 0.005160 0.028543
1371715058.037119 1.300715 0.159246 0.004251 0.023041
1371715058.064318 1.301111 0.160014 0.004330 0.021237
1371715058.099788 1.303095 0.159160 0.006865 0.010140
1371715058.138104 1.302882 0.161006 0.009215 0.016990
1371715058.163566 1.300403 0.163099 0.006354 0.028877
1371715058.198165 1.305942 0.163019 0.013273 0.029299
1371715058.228426 1.304640 0.164178 0.014745 0.029326
1371715058.266986 1.308264 0.164992 0.021539 0.030292
1371715058.299113 1.309819 0.165814 0.027515 0.029579
1371715058.329507 1.308758 0.166054 0.027282 0.022098
1371715058.367231 1.305941 0.164414 0.018693 -0.001085
1371715058.397518 1.302253 0.164133 0.005395 -0.014171
1371715058.435715 1.302856 0.167195 0.000472 0.008267
1371715058.466939 1.308438 0.164208 0.004433 -0.003681
1371715058.499009 1.308285 0.165184 0.007730 -0.000224
1371715058.539090 1.296893 0.164228 -0.013169 -0.014592
1371715058.564081 1.305881 0.165004 -0.007663 -0.002782
1371715058.599690 1.303323 0.164891 -0.008794 -0.000441
1371715058.632426 1.294771 0.162870 -0.026880 -0.020557
1371715058.667445 1.300311 0.164247 -0.024413 -0.007078
1371715058.700726 1.303811 0.164677 -0.014636 0.005845
1371715058.734168 1.292706 0.163620 -0.029788 -0.006853
1371715058.768660 1.303457 0.165404 -0.015559 0.012653
1371715058.802844 1.303219 0.164600 -0.007104 0.010287
1371715058.833839 1.305764 0.165387 0.004254 0.014419
1371715058.869387 1.308003 0.164881 0.014983 0.009605
1371715058.903176 1.305228 0.164520 0.015712 -0.000022
1371715058.939672 1.304456 0.165216 0.014614 0.000708
1371715058.972632 1.307085 0.164673 0.017503 -0.001686
1371715059.006630 1.307698 0.164554 0.019547 -0.003127
1371715059.039102 1.308849 0.164119 0.021687 -0.005849
1371715059.071439 1.304995 0.159910 0.011974 -0.040233
1371715059.120763 1.299399 0.159436 -0.004285 -0.050149
1371715059.143514 1.294968 0.158817 -0.022289 -0.048230
1371715059.180191 1.293574 0.160635 -0.033160 -0.021572
1371715059.210570 1.294868 0.159803 -0.037039 -0.010567
1371715059.248868 1.293048 0.157904 -0.042231 -0.018457
1371715059.277379 1.294776 0.157854 -0.039070 -0.014684
1371715059.312096 1.292401 0.159538 -0.037553 0.002200
1371715059.381653 1.299604 0.158038 -0.022311 0.002322
1371715059.414355 1.293975 0.157979 -0.021405 -0.002627
1371715059.479832 1.297331 0.157446 -0.013182 -0.004985
1371715059.514017 1.295487 0.158621 -0.009286 0.002973
1371715059.547175 1.295880 0.158433 -0.005856 0.004053
1371715059.581960 1.293944 0.156997 -0.007978 -0.008736
1371715059.615597 1.294968 0.158817 -0.004984 0.003484
1371715059.648749 1.295623 0.157283 -0.003043 -0.004026
1371715059.677988 1.298770 0.157452 0.004896 -0.002305
1371715059.713963 1.292645 0.157967 -0.001401 -0.001890
1371715059.747997 1.295691 0.156614 -0.000604 -0.009056
1371715059.779393 1.291782 0.156351 -0.007214 -0.014110
1371715059.815470 1.292356 0.154564 -0.010758 -0.025055
1371715059.848766 1.297168 0.154348 -0.002535 -0.020709
1371715059.884271 1.302770 0.155180 0.014580 -0.004129
1371715059.918455 1.304617 0.154775 0.027872 0.000216
1371715059.948149 1.291886 0.152625 0.009250 -0.024229
1371715059.980105 1.300106 0.150279 0.011815 -0.038612
1371715060.016041 1.297903 0.148842 0.008995 -0.046811
1371715060.055471 1.309853 0.150629 0.031363 -0.016981
1371715060.081723 1.312644 0.151261 0.049457 0.003303
1371715060.125069 1.315095 0.149795 0.061407 -0.001195
1371715060.147177 1.320880 0.149968 0.076669 0.000731
1371715060.181661 1.318191 0.148298 0.076137 -0.015110
1371715060.216608 1.315695 0.147003 0.066417 -0.030021
1371715060.250164 1.319573 0.146739 0.063942 -0.028597
1371715060.281808 1.315516 0.146613 0.051173 -0.025725
1371715060.317412 1.327202 0.147107 0.061830 -0.007942
1371715060.351418 1.320849 0.147141 0.053037 -0.004764
1371715060.382817 1.329881 0.148762 0.061604 0.014452
1371715060.417952 1.326687 0.146487 0.055331 -0.002485
1371715060.449386 1.322171 0.145315 0.039134 -0.020585
1371715060.484537 1.322432 0.142584 0.025756 -0.042499
1371715060.518293 1.325694 0.143918 0.023519 -0.028191
1371715060.563409 1.335670 0.146834 0.040904 0.011317
1371715060.584629 1.347642 0.145143 0.069094 0.016485
1371715060.616558 1.346975 0.148781 0.084833 0.038506
1371715060.651735 1.344545 0.146406 0.082856 0.015980
1371715060.687864 1.346817 0.145938 0.080757 0.000050
1371715060.720701 1.346786 0.145203 0.074442 -0.012867
1371715060.753174 1.341565 0.146638 0.057552 -0.008460
1371715060.790383 1.352968 0.145419 0.062765 -0.007377
1371715060.819153 1.352895 0.145437 0.062507 -0.006506
1371715060.857577 1.357086 0.147756 0.067714 0.013654
1371715060.892587 1.358609 0.147886 0.068988 0.018191
1371715060.920441 1.354931 0.147631 0.058298 0.009916
1371715060.956406 1.352086 0.147102 0.042072 -0.002010
1371715060.989046 1.355664 0.148144 0.036165 0.003529
1371715061.035517 1.354026 0.148207 0.026752 0.003667
1371715061.056257 1.357667 0.147602 0.024943 0.000396
1371715061.096517 1.360382 0.148248 0.027615 0.004997
1371715061.126535 1.355523 0.148567 0.018855 0.004224
1371715061.158594 1.359945 0.150695 0.021124 0.021045
1371715061.190750 1.354907 0.150186 0.010827 0.014892
1371715061.226860 1.360143 0.150594 0.012892 0.015314
1371715061.258733 1.355966 0.152911 0.007066 0.025738
1371715061.294161 1.362379 0.151395 0.012473 0.016342
1371715061.328182 1.368326 0.150832 0.025724 0.007958
1371715061.359304 1.368264 0.149193 0.032271 -0.010081
1371715061.390058 1.359933 0.149741 0.020741 -0.016372
1371715061.424566 1.365609 0.150881 0.023264 -0.003003
1371715061.468594 1.362764 0.150261 0.017634 -0.004062
1371715061.488862 1.364128 0.150110 0.015253 -0.003911
1371715061.525932 1.364678 0.150613 0.014098 0.000870
1371715061.560181 1.363665 0.150902 0.010624 0.003684
1371715061.591177 1.361729 0.147570 0.002052 -0.021740
1371715061.627359 1.363846 0.150275 0.002807 -0.004706
1371715061.656008 1.358484 0.149111 -0.007839 -0.009017
1371715061.690957 1.366208 0.147039 -0.001473 -0.018344
1371715061.728004 1.357294 0.147030 -0.012597 -0.023005
1371715061.759474 1.364257 0.149120 -0.004799 0.000907
1371715061.795485 1.362675 0.148484 -0.003332 0.003909
1371715061.826165 1.362622 0.149582 -0.001729 0.012079
1371715061.858182 1.363436 0.147649 -0.000729 -0.001437
1371715061.899614 1.363491 0.147103 0.000222 -0.010111
1371715061.927664 1.360252 0.149528 -0.003012 0.004801
1371715061.959801 1.364756 0.147982 0.001537 0.000826
1371715061.995464 1.356917 0.148189 -0.009481 -0.004292
1371715062.028797 1.366653 0.147550 0.001117 -0.003383
1371715062.056980 1.358355 0.148303 -0.006256 -0.002096
1371715062.095582 1.368348 0.149404 0.007831 0.013303
