1371715128.647781 1.418948 0.612010 0.035089 0.077161
1371715128.682679 1.404545 0.603873 0.006038 0.017516
1371715128.719774 1.402217 0.604571 -0.012272 -0.009435
1371715128.748986 1.403742 0.604296 -0.016348 -0.015366
1371715128.780858 1.401772 0.604048 -0.021282 -0.018656
1371715128.819778 1.395319 0.600821 -0.042997 -0.046252
1371715128.847737 1.412431 0.608155 0.007230 0.032325
1371715128.884399 1.420329 0.609968 0.050711 0.080539
1371715128.916906 1.411749 0.608128 0.040897 0.050657
1371715128.948927 1.402500 0.603583 0.000458 -0.019151
1371715128.981770 1.408523 0.606535 0.003287 -0.012299
1371715129.018756 1.403879 0.603819 -0.011431 -0.032482
1371715129.048100 1.402047 0.604443 -0.019025 -0.032241
1371715129.087096 1.412431 0.608155 0.011451 0.018207
1371715129.116644 1.400841 0.604334 -0.011485 -0.012139
1371715129.148075 1.394892 0.601706 -0.040702 -0.046978
1371715129.186917 1.404260 0.601272 -0.027803 -0.031732
1371715129.218512 1.401555 0.603859 -0.018202 -0.007946
1371715129.251606 1.404895 0.603382 -0.005654 0.007726
1371715129.285866 1.404545 0.603873 0.000863 0.014337
1371715129.319672 1.405190 0.605630 0.008303 0.025371
1371715129.351909 1.400691 0.603421 -0.005443 0.001960
1371715129.389145 1.400290 0.602905 -0.013387 -0.010721
1371715129.419396 1.404162 0.602831 -0.006241 -0.005498
1371715129.451479 1.406373 0.603208 0.004682 0.003979
1371715129.490544 1.410437 0.607900 0.028906 0.041605
1371715129.518330 1.413242 0.607731 0.041775 0.049801
1371715129.557809 1.406643 0.604293 0.020486 0.006205
1371715129.586319 1.399553 0.601650 -0.012801 -0.042586
1371715129.619137 1.401555 0.603859 -0.016145 -0.033871
1371715129.652042 1.398927 0.602305 -0.025138 -0.036192
1371715129.690417 1.404545 0.603873 -0.009933 -0.007266
1371715129.718914 1.412431 0.608155 0.025038 0.046382
1371715129.756287 1.403406 0.605468 0.010115 0.022215
1371715129.787946 1.402058 0.602103 -0.008554 -0.014709
1371715129.821214 1.404545 0.603873 -0.005754 -0.009960
1371715129.853130 1.402500 0.603583 -0.008837 -0.011444
1371715129.896952 1.402500 0.603583 -0.008837 -0.011444
1371715129.921037 1.400583 0.603797 0.000000 0.000000
1371715129.956288 1.403690 0.604479 0.093173 0.020458
1371715129.989684 1.404545 0.603873 0.062729 -0.002550
1371715130.021157 1.417241 0.609609 0.143687 0.066671
1371715130.054670 1.401503 0.602801 0.048938 -0.015811
1371715130.089962 1.400491 0.602204 0.009994 -0.043411
1371715130.123817 1.412568 0.607676 0.042111 0.009368
1371715130.157859 1.413242 0.607731 0.052862 0.026467
1371715130.187299 1.412431 0.608155 0.050223 0.025486
1371715130.225988 1.412431 0.608155 0.050223 0.025486
1371715130.254768 1.401772 0.604048 0.000000 0.000000
1371715130.289962 1.397557 0.602884 -0.126436 -0.034928
1371715130.324731 1.404545 0.603873 0.018967 0.014133
1371715130.360011 1.405579 0.605027 0.038402 0.025558
1371715130.392710 1.400935 0.604005 0.011173 0.005491
1371715130.426591 1.408296 0.607284 0.033085 0.030534
1371715130.457898 1.404545 0.603873 0.019376 0.003755
1371715130.498089 1.396904 0.600321 -0.015249 -0.043442
1371715130.526572 1.403742 0.604296 -0.002011 -0.014599
1371715130.558845 1.410217 0.607709 0.026544 0.032377
1371715130.629794 1.404162 0.602831 0.011769 0.001129
1371715130.659634 1.404545 0.603873 0.007475 -0.004912
1371715130.735325 1.403742 0.604296 0.004003 -0.005605
1371715130.761041 1.401772 0.604048 -0.003300 -0.009928
1371715130.835414 1.403742 0.604296 -0.001520 -0.003553
1371715130.859820 1.401218 0.603018 -0.009200 -0.012632
1371715130.929722 1.402500 0.603583 -0.007506 -0.006810
1371715130.965915 1.409323 0.605100 0.013099 0.019452
1371715130.998074 1.403838 0.603961 0.006098 0.006792
1371715131.032284 1.399656 0.603441 -0.009098 -0.010844
1371715131.067705 1.397772 0.602133 -0.022573 -0.025640
1371715131.099415 1.410437 0.607900 0.015113 0.034427
1371715131.137656 1.417792 0.609977 0.050966 0.075400
1371715131.166352 1.403742 0.604296 0.016563 0.010463
1371715131.198952 1.403879 0.603819 -0.001030 -0.019905
1371715131.236185 1.403335 0.603340 -0.009981 -0.031191
1371715131.267451 1.401506 0.604977 -0.013042 -0.021960
1371715131.304755 1.404545 0.603873 -0.008434 -0.013159
1371715131.336503 1.409038 0.606092 0.010076 0.015190
1371715131.367646 1.399122 0.603152 -0.012328 -0.014568
1371715131.400036 1.411173 0.607434 0.015438 0.027060
1371715131.437321 1.405899 0.606111 0.010887 0.018128
1371715131.467846 1.404545 0.603873 -0.000551 -0.005662
1371715131.500925 1.402047 0.604443 -0.009957 -0.015005
1371715131.539437 1.415091 0.607066 0.022649 0.025956
1371715131.567275 1.400290 0.602905 -0.007416 -0.019287
1371715131.600635 1.401861 0.603738 -0.014535 -0.023447
1371715131.637416 1.399656 0.603441 -0.021922 -0.024864
1371715131.668730 1.403514 0.605091 -0.010760 -0.001057
1371715131.703106 1.400290 0.602905 -0.017138 -0.010176
1371715131.739360 1.402848 0.604308 -0.009418 0.002951
1371715131.768799 1.404545 0.603873 -0.002060 0.008505
1371715131.800790 1.401957 0.602454 -0.007164 -0.004900
1371715131.838018 1.399656 0.603441 -0.011804 -0.007235
1371715131.868699 1.402595 0.603254 -0.006425 -0.001077
1371715131.900483 1.415518 0.609438 0.039483 0.063021
1371715131.937023 1.401555 0.603859 0.011076 0.011295
1371715131.970393 1.403784 0.604149 0.002821 -0.005176
1371715132.002481 1.412990 0.608933 0.030490 0.035380
1371715132.045425 1.408936 0.606747 0.025504 0.020566
1371715132.069345 1.408296 0.607284 0.020026 0.010880
1371715132.104127 1.397342 0.603634 -0.018386 -0.039136
1371715132.139936 1.402595 0.603254 -0.021554 -0.040046
1371715132.171914 1.402500 0.603583 -0.018847 -0.028906
1371715132.202009 1.404162 0.602831 -0.012436 -0.018670
1371715132.237918 1.403879 0.603819 -0.005983 -0.004952
1371715132.269420 1.399888 0.604308 -0.011215 -0.002915
1371715132.305522 1.403742 0.604296 -0.004499 0.007125
1371715132.338881 1.400290 0.602905 -0.012282 -0.005281
1371715132.370604 1.412017 0.607192 0.021457 0.039865
1371715132.406794 1.404545 0.603873 0.010132 0.012696
1371715132.438844 1.404545 0.603873 0.010132 0.012696
1371715132.474902 1.403910 0.603710 0.000000 0.000000
1371715132.506339 1.408936 0.606747 0.150746 0.091118
1371715132.540729 1.412431 0.608155 0.128996 0.063943
1371715132.570309 1.410622 0.606296 0.077458 0.013834
1371715132.604991 1.404189 0.605114 0.020053 -0.020721
1371715132.638636 1.411173 0.607434 0.029993 -0.001217
1371715132.671908 1.414200 0.609209 0.042773 0.020132
1371715132.705898 1.396904 0.600321 -0.019981 -0.063262
1371715132.740163 1.397772 0.602133 -0.036934 -0.067235
1371715132.772413 1.401772 0.604048 -0.025627 -0.032723
1371715132.815409 1.404545 0.603873 -0.011645 -0.006353
1371715132.838883 1.401772 0.604048 -0.010339 0.001468
1371715132.874903 1.405566 0.606025 0.003130 0.024248
1371715132.905494 1.403879 0.603819 -0.000642 0.011292
1371715132.946065 1.407556 0.606138 0.010827 0.024725
1371715132.970827 1.411602 0.608321 0.028178 0.044503
1371715133.015706 1.404293 0.605067 0.008541 0.007177
1371715133.037988 1.410437 0.607900 0.018913 0.019642
1371715133.071104 1.401253 0.604912 -0.006376 -0.016569
1371715133.106565 1.401772 0.604048 -0.017476 -0.030154
1371715133.145223 1.402217 0.604571 -0.017798 -0.023762
1371715133.172747 1.404633 0.605679 -0.007843 -0.003787
1371715133.219996 1.410437 0.607900 0.015374 0.029473
1371715133.243363 1.408296 0.607284 0.017438 0.027017
1371715133.274886 1.411173 0.607434 0.023118 0.025571
1371715133.310646 1.404545 0.603873 0.000859 -0.016313
1371715133.346857 1.400290 0.602905 -0.020200 -0.042953
1371715133.378605 1.403335 0.603340 -0.018346 -0.034030
1371715133.410430 1.404545 0.603873 -0.010577 -0.016830
1371715133.444991 1.396326 0.602340 -0.028344 -0.030962
1371715133.479446 1.402595 0.603254 -0.017140 -0.009744
1371715133.510648 1.410716 0.608299 0.018916 0.046922
1371715133.547913 1.404545 0.603873 0.008424 0.019193
1371715133.577060 1.404162 0.602831 -0.000121 -0.003188
1371715133.615679 1.409306 0.608849 0.020927 0.034305
1371715133.645962 1.413898 0.609502 0.038617 0.053087
1371715133.680397 1.406031 0.605304 0.014831 0.006217
1371715133.712479 1.401772 0.604048 -0.009769 -0.029586
1371715133.748988 1.400841 0.604334 -0.020774 -0.036114
1371715133.779740 1.401772 0.604048 -0.021502 -0.029165
1371715133.816177 1.399656 0.603441 -0.025417 -0.026499
1371715133.850360 1.416258 0.609912 0.027201 0.052020
1371715133.884085 1.401218 0.603018 -0.001570 -0.001011
1371715133.917138 1.405955 0.607473 0.005775 0.015027
1371715133.948050 1.401218 0.603018 -0.012512 -0.017889
1371715133.982195 1.413242 0.607731 0.018939 0.025102
1371715134.017464 1.399656 0.603441 -0.009256 -0.017174
1371715134.059898 1.415518 0.609438 0.028376 0.037334
1371715134.084454 1.410625 0.606549 0.025248 0.021617
1371715134.121287 1.401253 0.604912 -0.004356 -0.018567
1371715134.150619 1.401655 0.603507 -0.019036 -0.036641
1371715134.185873 1.412017 0.607192 0.008974 0.007273
1371715134.220811 1.399656 0.603441 -0.015669 -0.024453
1371715134.252415 1.403742 0.604296 -0.013719 -0.016820
1371715134.286538 1.408564 0.607746 0.007063 0.020340
1371715134.321151 1.403879 0.603819 -0.004119 -0.002514
1371715134.356440 1.400260 0.604925 -0.015088 -0.010793
1371715134.386162 1.414021 0.609834 0.022845 0.045280
1371715134.457236 1.402047 0.604443 -0.002248 0.000338
1371715134.488631 1.402371 0.603314 -0.014685 -0.022674
1371715134.522654 1.401030 0.603676 -0.020191 -0.026312
1371715134.559934 1.413242 0.607731 0.016686 0.026622
1371715134.589927 1.402980 0.604580 0.001362 0.001248
1371715134.624717 1.412092 0.609334 0.025011 0.037167
1371715134.655545 1.408531 0.608158 0.021270 0.027717
1371715134.695588 1.403784 0.604149 -0.002519 -0.016112
1371715134.728199 1.400922 0.604826 -0.017666 -0.030697
1371715134.764341 1.408495 0.605728 -0.002620 -0.008370
1371715134.795980 1.404545 0.603873 -0.007477 -0.016990
1371715134.836664 1.401772 0.604048 -0.014368 -0.020593
1371715134.861844 1.404293 0.605067 -0.007951 -0.005475
1371715134.898367 1.406643 0.604293 -0.000336 0.001909
1371715134.942679 1.402500 0.603583 -0.007592 -0.008189
1371715134.965883 1.406978 0.605242 0.003851 0.008747
1371715135.001340 1.410825 0.610613 0.028226 0.052283
1371715135.038041 1.413242 0.607731 0.033778 0.044084
1371715135.067139 1.404545 0.603873 0.004619 -0.010875
1371715135.100589 1.404545 0.603873 0.004619 -0.010875
1371715135.137678 1.402500 0.603583 0.000000 0.000000
1371715135.169614 1.402500 0.603583 0.000000 0.000000
1371715135.206567 1.404545 0.603873 0.000000 0.000000
1371715135.237830 1.396326 0.602340 -0.246525 -0.046002
1371715135.274121 1.404100 0.605424 -0.036327 0.047673
1371715135.305411 1.399230 0.602777 -0.046327 0.009370
1371715135.337120 1.411112 0.607592 0.022576 0.053962
1371715135.368463 1.397893 0.603032 -0.016738 0.003827
1371715135.404971 1.399656 0.603441 -0.023660 -0.007751
1371715135.437876 1.402259 0.601401 -0.020351 -0.016924
1371715135.473992 1.399656 0.603441 -0.018117 -0.008755
1371715135.507742 1.404100 0.605424 -0.000905 0.017769
1371715135.538551 1.400841 0.604334 -0.003840 0.011400
1371715135.582568 1.394993 0.600843 -0.026061 -0.025477
1371715135.605853 1.405400 0.605649 0.001143 0.016437
1371715135.640013 1.401772 0.604048 0.001459 0.012050
1371715135.674424 1.406643 0.604293 0.013276 0.018365
1371715135.708831 1.406359 0.605284 0.019349 0.020712
1371715135.739816 1.395319 0.600821 -0.015005 -0.032368
1371715135.778177 1.406373 0.603208 0.002963 -0.008902
1371715135.809364 1.403406 0.605468 0.009785 0.008972
1371715135.841984 1.403068 0.604270 0.007717 0.005870
1371715135.878210 1.401313 0.602689 -0.001497 -0.009794
1371715135.909107 1.401772 0.604048 -0.001324 -0.004559
1371715135.942894 1.411173 0.607434 0.027495 0.036808
1371715135.978857 1.413242 0.607731 0.042700 0.048568
1371715136.008926 1.400290 0.602905 0.004354 -0.014065
1371715136.046789 1.402500 0.603583 -0.006252 -0.026402
1371715136.078074 1.404293 0.605067 -0.002440 -0.012675
1371715136.110255 1.403742 0.604296 -0.003285 -0.010022
1371715136.147557 1.400290 0.602905 -0.014201 -0.021488
1371715136.177837 1.412017 0.607192 0.018608 0.027761
1371715136.209578 1.412431 0.608155 0.034248 0.045804
1371715136.248524 1.404596 0.604012 0.010128 0.000925
1371715136.277667 1.406643 0.604293 0.004029 -0.011327
1371715136.314987 1.401957 0.602454 -0.012990 -0.034025
1371715136.344301 1.401218 0.603018 -0.019022 -0.032491
1371715136.381935 1.410888 0.608429 0.014036 0.027165
1371715136.418694 1.408296 0.607284 0.017661 0.031955
1371715136.450549 1.398626 0.603356 -0.014873 -0.015956
1371715136.486714 1.401950 0.603428 -0.020158 -0.022418
1371715136.519561 1.396557 0.601532 -0.036513 -0.040621
1371715136.553858 1.412431 0.608155 0.010937 0.033319
1371715136.589107 1.404293 0.605067 0.005472 0.019653
1371715136.619739 1.411173 0.607434 0.022709 0.037219
1371715136.655559 1.403068 0.604270 0.002328 -0.000233
1371715136.689434 1.413490 0.609577 0.028167 0.036966
1371715136.725944 1.401555 0.603859 -0.003326 -0.015644
1371715136.756148 1.403406 0.605468 -0.009108 -0.018652
1371715136.790993 1.401772 0.604048 -0.017242 -0.026676
1371715136.823299 1.413242 0.607731 0.015718 0.020901
1371715136.858428 1.404545 0.603873 0.001365 -0.006518
1371715136.895653 1.399656 0.603441 -0.017326 -0.027658
1371715136.924821 1.403742 0.604296 -0.012405 -0.015332
1371715136.956883 1.400841 0.604334 -0.015501 -0.011878
1371715136.997090 1.403742 0.604296 -0.009000 -0.001358
1371715137.026843 1.404596 0.604012 -0.003614 0.003318
1371715137.062670 1.403742 0.604296 -0.002055 0.004429
1371715137.093674 1.399656 0.603441 -0.012794 -0.008939
1371715137.130572 1.393747 0.599056 -0.039250 -0.048834
1371715137.162027 1.399553 0.601650 -0.026824 -0.024321
1371715137.198329 1.403335 0.603340 -0.005463 0.009024
1371715137.227735 1.399122 0.603152 -0.005871 0.010764
1371715137.261927 1.410437 0.607900 0.029560 0.059661
1371715137.295614 1.404545 0.603873 0.019392 0.028223
1371715137.330204 1.403335 0.603340 0.008953 0.003169
1371715137.362540 1.404596 0.604012 0.008318 -0.001457
1371715137.400867 1.400841 0.604334 -0.000627 -0.008872
1371715137.429864 1.400290 0.602905 -0.008999 -0.018981
1371715137.464357 1.413294 0.607871 0.028998 0.036211
1371715137.508393 1.411173 0.607434 0.037335 0.040836
1371715137.531910 1.411173 0.607434 0.037335 0.040836
1371715137.567701 1.404545 0.603873 0.000000 0.000000
1371715137.599127 1.404545 0.603873 0.000000 0.000000
1371715137.635742 1.406511 0.606868 0.000000 0.000000
1371715137.666443 1.412431 0.608155 0.177541 0.038610
1371715137.700351 1.407635 0.609199 0.039969 0.020187
1371715137.735007 1.399553 0.601650 -0.052461 -0.075420
1371715137.769618 1.401270 0.603611 -0.049710 -0.055436
1371715137.804900 1.401572 0.605648 -0.035809 -0.021254
1371715137.834477 1.406643 0.604293 -0.013244 -0.002737
1371715137.869848 1.414699 0.610486 0.031059 0.056470
1371715137.899576 1.400290 0.602905 -0.005627 -0.006909
1371715137.932606 1.401772 0.604048 -0.015006 -0.019375
1371715137.975455 1.411268 0.607103 0.011153 0.017337
1371715138.001155 1.400290 0.602905 -0.011988 -0.019724
1371715138.038139 1.402500 0.603583 -0.014058 -0.020365
1371715138.067950 1.405190 0.605630 -0.002605 0.001963
1371715138.102946 1.401957 0.602454 -0.011300 -0.014949
1371715138.140913 1.407253 0.607196 0.008514 0.020777
1371715138.175207 1.406071 0.604264 0.006986 0.009875
1371715138.210007 1.403335 0.603340 -0.002328 -0.007939
1371715138.244351 1.401030 0.603676 -0.010666 -0.015369
1371715138.278422 1.401772 0.604048 -0.010899 -0.010318
1371715138.314100 1.410716 0.608299 0.019447 0.037056
1371715138.346146 1.404925 0.606167 0.012090 0.022304
1371715138.388136 1.411173 0.607434 0.023945 0.030864
1371715138.411715 1.409875 0.606863 0.022688 0.019777
1371715138.443460 1.408936 0.606747 0.017543 0.007166
1371715138.479498 1.400152 0.605301 -0.010409 -0.025807
1371715138.511728 1.405190 0.605630 -0.009418 -0.019813
1371715138.546731 1.399656 0.603441 -0.024945 -0.036437
1371715138.579436 1.406264 0.605614 -0.008843 -0.007528
1371715138.612745 1.399122 0.603152 -0.022264 -0.022884
1371715138.646380 1.416839 0.609667 0.028442 0.050263
1371715138.684575 1.403742 0.604296 0.006669 0.008265
1371715138.712573 1.399656 0.603441 -0.015408 -0.022750
1371715138.747774 1.408296 0.607284 0.004549 0.011027
1371715138.779023 1.404162 0.602831 -0.005572 -0.013356
1371715138.818906 1.417953 0.611000 0.040200 0.054873
1371715138.847079 1.413334 0.609550 0.042036 0.049425
1371715138.879088 1.413242 0.607731 0.033753 0.023226
1371715138.913995 1.406792 0.605562 0.007385 -0.019464
1371715138.948795 1.401030 0.603676 -0.021921 -0.054239
1371715139.018020 1.404545 0.603873 -0.022938 -0.046150
1371715139.054342 1.403742 0.604296 -0.020826 -0.030776
1371715139.085600 1.408296 0.607284 -0.000870 0.009731
1371715139.120489 1.400114 0.603519 -0.019875 -0.014631
1371715139.156377 1.401506 0.604977 -0.020796 -0.007612
1371715139.187664 1.403335 0.603340 -0.018737 -0.007922
1371715139.217985 1.404293 0.605067 -0.009752 0.006679
1371715139.252765 1.403742 0.604296 -0.007982 0.005730
1371715139.285402 1.422794 0.613202 0.055592 0.093361
1371715139.319553 1.408936 0.606747 0.031959 0.038510
1371715139.355223 1.401655 0.603507 -0.006067 -0.026085
1371715139.388733 1.403742 0.604296 -0.014857 -0.035870
1371715139.419755 1.412431 0.608155 0.012084 0.008428
1371715139.455682 1.411173 0.607434 0.018892 0.015971
1371715139.490850 1.411173 0.607434 0.018892 0.015971
1371715139.519640 1.393611 0.599532 0.000000 0.000000
1371715139.558455 1.401772 0.604048 0.244798 0.135492
1371715139.587946 1.404545 0.603873 0.169807 0.055579
1371715139.620230 1.400290 0.602905 0.086250 0.006789
1371715139.657549 1.404100 0.605424 0.076107 0.015931
1371715139.688854 1.401454 0.604210 0.050988 -0.000442
1371715139.721068 1.399553 0.601650 0.026091 -0.027565
1371715139.756822 1.405190 0.605630 0.037019 0.000798
1371715139.788047 1.408188 0.605480 0.045166 0.014210
1371715139.826171 1.412431 0.608155 0.059602 0.037612
1371715139.856738 1.404976 0.605046 0.035407 0.002247
1371715139.889046 1.401772 0.604048 0.011332 -0.025570
1371715139.925653 1.407740 0.607032 0.019490 -0.001478
1371715139.956765 1.413898 0.609502 0.039890 0.033818
1371715139.990423 1.409702 0.606992 0.029309 0.014895
1371715140.027038 1.408485 0.606622 0.017609 -0.001626
1371715140.058137 1.411173 0.607434 0.018482 0.001572
1371715140.090916 1.401772 0.604048 -0.012033 -0.036869
1371715140.124316 1.399656 0.603441 -0.030500 -0.049892
1371715140.164124 1.399656 0.603441 -0.030500 -0.049892
1371715140.195361 1.413242 0.607731 0.000000 0.000000
1371715140.230166 1.404545 0.603873 -0.260867 -0.115765
1371715140.265712 1.404545 0.603873 -0.260867 -0.115765
1371715140.301985 1.396557 0.601532 0.000000 0.000000
1371715140.329977 1.408531 0.608158 0.359157 0.198796
1371715140.365766 1.403742 0.604296 0.131349 0.013579
1371715140.408858 1.404545 0.603873 0.080661 -0.017035
1371715140.433056 1.406841 0.606985 0.072951 0.004024
1371715140.470562 1.401772 0.604048 0.037883 -0.020946
1371715140.499536 1.405768 0.605321 0.035925 -0.012473
1371715140.536663 1.397342 0.603634 0.005973 -0.033794
1371715140.568993 1.402500 0.603583 0.006187 -0.025164
1371715140.602181 1.413680 0.608913 0.043768 0.036043
1371715140.635958 1.398425 0.604057 0.009472 -0.009107
1371715140.671113 1.408495 0.605728 0.019567 0.005415
1371715140.704263 1.403742 0.604296 0.008717 -0.009344
1371715140.736704 1.404633 0.605679 0.007981 -0.003320
1371715140.769113 1.404545 0.603873 0.002744 -0.011428
1371715140.805939 1.402047 0.604443 -0.004183 -0.013646
1371715140.845023 1.403946 0.603584 -0.004327 -0.012382
1371715140.869711 1.399553 0.601650 -0.017686 -0.029077
1371715140.905873 1.402500 0.603583 -0.010460 -0.010745
1371715140.939148 1.405579 0.605027 0.003861 0.013858
1371715140.970840 1.404545 0.603873 0.004583 0.011220
1371715141.004173 1.403742 0.604296 0.003132 0.008459
1371715141.038184 1.405862 0.605891 0.009854 0.019110
1371715141.069173 1.394892 0.601706 -0.023618 -0.027569
1371715141.102547 1.403335 0.603340 -0.012881 -0.011328
1371715141.140406 1.402500 0.603583 -0.007432 -0.002393
1371715141.171781 1.403501 0.605138 0.001260 0.013120
1371715141.208466 1.403514 0.605091 0.004172 0.016044
1371715141.237182 1.401218 0.603018 -0.005068 -0.003322
1371715141.282698 1.404545 0.603873 0.001282 0.001655
1371715141.303894 1.408495 0.605728 0.017631 0.021360
1371715141.339614 1.408835 0.607099 0.026780 0.031737
1371715141.373426 1.400290 0.602905 -0.001182 -0.014277
1371715141.405603 1.401506 0.604977 -0.006318 -0.013642
1371715141.442909 1.410933 0.607542 0.019040 0.023578
1371715141.476938 1.402500 0.603583 0.000744 -0.008516
1371715141.506911 1.408379 0.608688 0.016839 0.022800
1371715141.540138 1.405190 0.605630 0.007478 0.004889
1371715141.574626 1.405308 0.604608 0.000822 -0.009315
1371715141.607121 1.399888 0.604308 -0.015157 -0.025156
1371715141.643084 1.399230 0.602777 -0.025370 -0.034825
1371715141.679553 1.400841 0.604334 -0.019799 -0.016925
1371715141.711663 1.402500 0.603583 -0.012975 -0.006348
1371715141.744847 1.404545 0.603873 -0.002811 0.005273
1371715141.781085 1.406792 0.605562 0.011028 0.022792
1371715141.812010 1.407830 0.606720 0.020453 0.032656
1371715141.886020 1.397342 0.603634 -0.009609 -0.010452
1371715141.913395 1.408936 0.606747 0.011034 0.017402
1371715141.981885 1.403742 0.604296 0.002377 -0.001340
1371715142.027545 1.403406 0.605468 0.000128 -0.002099
1371715142.051863 1.400907 0.602669 -0.012435 -0.023385
1371715142.089622 1.393474 0.600008 -0.038913 -0.056140
1371715142.117834 1.400935 0.604005 -0.019986 -0.015573
1371715142.152288 1.412431 0.608155 0.025565 0.051195
1371715142.189683 1.409591 0.607856 0.035412 0.056796
1371715142.217150 1.399656 0.603441 0.002335 -0.000980
1371715142.250187 1.408936 0.606747 0.015812 0.014924
1371715142.285284 1.408523 0.606535 0.019251 0.014444
1371715142.319389 1.402500 0.603583 -0.001023 -0.019494
1371715142.353899 1.402595 0.603254 -0.009495 -0.029975
1371715142.387954 1.410437 0.607900 0.016499 0.015590
1371715142.419402 1.407043 0.606280 0.014811 0.012637
1371715142.464901 1.401861 0.603738 -0.005271 -0.017112
1371715142.488428 1.401772 0.604048 -0.013120 -0.022494
1371715142.522460 1.411749 0.608128 0.016477 0.024639
1371715142.554978 1.412092 0.609334 0.030866 0.044181
1371715142.590676 1.412431 0.608155 0.031360 0.034061
1371715142.625394 1.403742 0.604296 -0.000121 -0.019016
1371715142.658158 1.400290 0.602905 -0.024459 -0.049959
1371715142.691968 1.404663 0.604193 -0.018681 -0.033244
1371715142.727728 1.403742 0.604296 -0.015158 -0.019809
1371715142.758792 1.399230 0.602777 -0.025675 -0.027080
1371715142.798578 1.401122 0.601917 -0.024964 -0.023608
1371715142.825370 1.400290 0.602905 -0.021481 -0.011489
1371715142.860664 1.412431 0.608155 0.020828 0.051465
1371715142.896491 1.403068 0.604270 0.006719 0.022041
1371715142.931381 1.401218 0.603018 -0.007927 -0.005221
1371715142.963843 1.397342 0.603634 -0.021727 -0.017725
1371715142.998717 1.403197 0.603091 -0.013305 -0.008864
1371715143.036624 1.403335 0.603340 -0.006343 -0.001513
1371715143.065678 1.403335 0.603340 -0.006343 -0.001513
1371715143.098536 1.403742 0.604296 0.000000 0.000000
1371715143.134713 1.413242 0.607731 0.284942 0.103078
1371715143.164969 1.402500 0.603583 0.015420 -0.041652
1371715143.200227 1.401772 0.604048 -0.018632 -0.038308
1371715143.235356 1.404545 0.603873 -0.008272 -0.024341
1371715143.270929 1.405400 0.605649 0.003062 -0.001757
1371715143.304626 1.402047 0.604443 -0.005392 -0.006589
1371715143.337208 1.401386 0.603206 -0.012276 -0.015208
1371715143.370860 1.405400 0.605649 0.001248 0.007546
1371715143.404217 1.413898 0.609502 0.034416 0.053655
1371715143.438882 1.406591 0.596734 0.003787 -0.033527
1371715143.470447 1.420932 0.589582 0.014598 -0.077611
1371715143.505429 1.411378 0.593460 0.014598 -0.077611
1371715143.537909 1.421725 0.563035 -0.008943 -0.244166
1371715143.570004 1.412997 0.563730 -0.008943 -0.244166
1371715143.610009 1.412699 0.555591 -0.008943 -0.244166
1371715143.641961 1.438514 0.539277 0.050698 -0.254510
1371715143.679874 1.436425 0.530303 0.064668 -0.270148
1371715143.710097 1.436632 0.512746 0.056206 -0.334191
1371715143.745121 1.440598 0.503838 0.062377 -0.342451
1371715143.817666 1.434526 0.496911 0.056899 -0.331502
1371715143.845941 1.444656 0.490581 0.076441 -0.282594
1371715143.888663 1.447151 0.476053 0.077926 -0.296837
1371715143.909783 1.450477 0.467532 0.083396 -0.292976
1371715143.949088 1.453014 0.461423 0.091359 -0.268880
1371715143.978829 1.452569 0.454244 0.090113 -0.253383
1371715144.011987 1.451799 0.446777 0.081702 -0.246135
1371715144.047576 1.455999 0.438692 0.078679 -0.239391
1371715144.080061 1.458596 0.432148 0.078006 -0.227091
1371715144.111495 1.467082 0.428864 0.093964 -0.185965
1371715144.148769 1.466280 0.420986 0.091704 -0.186563
1371715144.178287 1.470207 0.414588 0.091704 -0.186563
1371715144.217763 1.488637 0.415984 0.136555 -0.111446
1371715144.244372 1.489845 0.410052 0.145065 -0.116057
1371715144.281604 1.486128 0.402091 0.129012 -0.155517
1371715144.316783 1.488311 0.395057 0.114868 -0.185620
1371715144.349626 1.493051 0.390379 0.110927 -0.185968
1371715144.381953 1.493030 0.384427 0.101654 -0.188987
1371715144.416640 1.494567 0.379066 0.093216 -0.185738
1371715144.451142 1.492049 0.372299 0.076110 -0.194479
1371715144.488785 1.507321 0.372499 0.096223 -0.138057
1371715144.516661 1.504200 0.360915 0.087090 -0.169088
1371715144.549906 1.501640 0.356686 0.074041 -0.178428
1371715144.582325 1.511484 0.352342 0.080900 -0.162306
1371715144.618538 1.511693 0.346652 0.079835 -0.160815
1371715144.652216 1.507636 0.341745 0.067290 -0.164778
1371715144.688983 1.521884 0.338667 0.082935 -0.136512
1371715144.717575 1.518575 0.333642 0.080777 -0.135639
1371715144.753957 1.519393 0.329448 0.076234 -0.135038
1371715144.788014 1.523125 0.325098 0.075355 -0.132233
1371715144.819657 1.530699 0.321033 0.083803 -0.123484
1371715144.858360 1.528645 0.313663 0.077647 -0.146706
1371715144.884776 1.535282 0.311856 0.084560 -0.131569
1371715144.926297 1.538958 0.308298 0.090743 -0.119542
1371715144.954946 1.531760 0.301161 0.073758 -0.145722
1371715144.990298 1.529183 0.297105 0.055350 -0.155031
1371715145.019455 1.535228 0.292117 0.050669 -0.152468
1371715145.054382 1.534186 0.289024 0.044364 -0.140713
1371715145.088876 1.538969 0.286420 0.046930 -0.118823
1371715145.120273 1.533724 0.280396 0.034137 -0.129855
1371715145.156357 1.533585 0.275246 0.023008 -0.140157
1371715145.190468 1.534873 0.270754 0.016864 -0.142064
1371715145.219905 1.539485 0.268773 0.021871 -0.120826
1371715145.255969 1.538746 0.264930 0.021975 -0.112510
1371715145.287484 1.547147 0.263658 0.036578 -0.086313
1371715145.326783 1.553346 0.260412 0.053450 -0.074629
1371715145.361639 1.554461 0.256524 0.062453 -0.080481
1371715145.392546 1.540025 0.252783 0.040213 -0.104047
1371715145.427431 1.554263 0.251004 0.048959 -0.090752
1371715145.458141 1.560929 0.249294 0.063763 -0.073102
1371715145.490867 1.559396 0.247358 0.067632 -0.066248
1371715145.524594 1.549607 0.241959 0.047557 -0.094179
1371715145.559916 1.550460 0.237565 0.032817 -0.113279
1371715145.597370 1.542784 0.233793 0.008657 -0.127091
1371715145.626570 1.550330 0.230940 0.005660 -0.116854
1371715145.659096 1.562152 0.229696 0.024078 -0.086508
1371715145.690860 1.547881 0.225377 0.009853 -0.095579
1371715145.727793 1.558112 0.225408 0.018991 -0.070167
1371715145.759890 1.568355 0.221920 0.039062 -0.060952
