1371715062.161769 1.361542 0.148838 0.003530 0.006993
1371715062.196739 1.367164 0.150100 0.011406 0.015616
1371715062.225962 1.363775 0.149299 0.008854 0.006665
1371715062.266018 1.365795 0.148570 0.009978 -0.002478
1371715062.293668 1.367989 0.150194 0.015443 0.007616
1371715062.326004 1.367173 0.147708 0.014802 -0.009548
1371715062.365296 1.364978 0.147661 0.010190 -0.015595
1371715062.398071 1.363749 0.146561 0.004089 -0.022866
1371715062.431128 1.367914 0.149035 0.009462 0.000576
1371715062.464991 1.359665 0.147520 -0.004198 -0.007133
1371715062.498164 1.370655 0.148681 0.007731 0.007301
1371715062.529310 1.367515 0.147555 0.008469 0.000333
1371715062.560058 1.360771 0.144410 -0.005281 -0.029549
1371715062.597821 1.371525 0.148375 0.009008 0.002283
1371715062.626754 1.364112 0.144776 0.001569 -0.017561
1371715062.667022 1.364260 0.147530 -0.000679 -0.000330
1371715062.698134 1.362904 0.146805 -0.005675 0.000203
1371715062.732798 1.359922 0.144697 -0.015353 -0.016543
1371715062.764021 1.365445 0.147876 -0.008186 0.008313
1371715062.795649 1.361250 0.147483 -0.011720 0.010183
1371715062.829111 1.361272 0.147270 -0.013764 0.007211
1371715062.866870 1.365608 0.146271 -0.007127 -0.000006
1371715062.896397 1.358484 0.145733 -0.015183 -0.010990
1371715062.939602 1.360529 0.148351 -0.013766 0.008506
1371715062.963991 1.358867 0.148201 -0.015978 0.011866
1371715063.003015 1.369952 0.151751 0.005357 0.043174
1371715063.033276 1.362364 0.148215 0.001797 0.013210
1371715063.067438 1.358531 0.149483 -0.006315 0.005828
1371715063.099036 1.356888 0.149960 -0.013977 0.004534
1371715063.131422 1.359579 0.148373 -0.014404 -0.006454
1371715063.175832 1.358993 0.149169 -0.013926 -0.003222
1371715063.197017 1.359356 0.147970 -0.012865 -0.009502
1371715063.228971 1.352292 0.149635 -0.022821 -0.001448
1371715063.267360 1.363614 0.148748 -0.008488 0.003109
1371715063.299069 1.361730 0.150190 -0.000900 0.013170
1371715063.331184 1.360425 0.147822 -0.000070 -0.004632
1371715063.367588 1.360525 0.150020 0.002684 0.005951
1371715063.404369 1.360350 0.150117 0.003622 0.008915
1371715063.430824 1.355019 0.150016 -0.006032 0.003727
1371715063.466710 1.359644 0.147733 -0.004990 -0.012511
1371715063.498266 1.358588 0.148090 -0.004951 -0.013497
1371715063.542040 1.363546 0.151553 0.006921 0.017797
1371715063.564096 1.361038 0.148456 0.006619 0.000508
1371715063.598097 1.356930 0.149552 -0.000286 -0.000698
1371715063.635632 1.356608 0.147997 -0.006386 -0.012297
1371715063.667659 1.355908 0.146794 -0.011490 -0.022518
1371715063.704658 1.361504 0.147717 -0.002799 -0.010317
1371715063.730511 1.352909 0.149594 -0.011343 0.005055
1371715063.770436 1.364035 0.149743 0.003100 0.017907
1371715063.803146 1.358625 0.149989 0.002332 0.016327
1371715063.838157 1.358755 0.148710 0.000874 0.002476
1371715063.868173 1.359172 0.147404 0.000232 -0.012562
1371715063.903840 1.354888 0.148056 -0.006907 -0.012938
1371715063.935060 1.360337 0.148967 -0.000586 0.000420
1371715063.978034 1.365174 0.150537 0.012980 0.019507
1371715063.999507 1.363803 0.149545 0.017280 0.013128
1371715064.036335 1.355857 0.148458 0.003981 -0.005775
1371715064.067752 1.364758 0.149826 0.012476 0.004377
1371715064.102579 1.366925 0.149901 0.021008 0.008452
1371715064.136862 1.365191 0.150373 0.022402 0.009601
1371715064.171169 1.361049 0.150396 0.014250 0.004821
1371715064.199924 1.359677 0.149069 0.004658 -0.008664
1371715064.236323 1.362898 0.148951 0.004265 -0.010259
1371715064.270684 1.359793 0.151120 -0.000243 0.005490
1371715064.306892 1.364518 0.149488 0.003573 0.001183
1371715064.337581 1.361987 0.149029 0.001214 -0.005807
1371715064.378018 1.362230 0.149538 0.000637 -0.003094
1371715064.400690 1.365782 0.151234 0.007671 0.013202
1371715064.437614 1.367959 0.151082 0.014950 0.015934
1371715064.471262 1.363070 0.149954 0.009066 0.001318
1371715064.504374 1.358200 0.150848 -0.003359 -0.000936
1371715064.538361 1.360979 0.149892 -0.006960 -0.006310
1371715064.568324 1.368160 0.150214 0.004447 0.000199
1371715064.606614 1.361730 0.150872 0.000524 0.002994
1371715064.634514 1.364787 0.150472 0.002966 0.002392
1371715064.667772 1.370586 0.151352 0.015378 0.011386
1371715064.706258 1.362881 0.149115 0.007134 -0.009761
1371715064.735841 1.362619 0.149030 0.001465 -0.015912
1371715064.775109 1.364093 0.150461 0.001629 -0.002865
1371715064.811359 1.360896 0.149085 -0.005399 -0.009301
1371715064.834013 1.363366 0.150330 -0.004182 0.001489
1371715064.867273 1.368440 0.150822 0.005924 0.011874
1371715064.905978 1.368226 0.151818 0.012093 0.019564
1371715064.937588 1.364300 0.149453 0.006402 -0.002408
1371715064.969726 1.361456 0.148998 -0.002543 -0.015022
1371715065.001409 1.364330 0.152173 -0.000454 0.009142
1371715065.037022 1.364598 0.151401 -0.000125 0.010468
1371715065.069245 1.361546 0.150287 -0.006357 -0.001587
1371715065.105817 1.362052 0.151292 -0.008230 0.002274
1371715065.176797 1.363717 0.149386 -0.007299 -0.009480
1371715065.207167 1.363793 0.150008 -0.005156 -0.006871
1371715065.285844 1.361579 0.149960 -0.007380 -0.005896
1371715065.307360 1.357996 0.149394 -0.015219 -0.010202
1371715065.343730 1.361262 0.150388 -0.012698 0.000508
1371715065.379365 1.359847 0.149101 -0.013946 -0.005704
1371715065.409984 1.359419 0.149217 -0.014339 -0.005717
1371715065.446025 1.356330 0.148707 -0.019551 -0.009640
1371715065.473023 1.363827 0.150457 -0.006911 0.009148
1371715065.508574 1.359149 0.150013 -0.007484 0.007589
1371715065.546380 1.353351 0.148699 -0.018893 -0.007857
1371715065.574613 1.364621 0.149976 -0.003615 0.005290
1371715065.610338 1.358063 0.149253 -0.005841 -0.000784
1371715065.643879 1.368346 0.150634 0.012587 0.013661
1371715065.683648 1.359036 0.148996 0.005806 -0.002759
1371715065.707115 1.365856 0.150505 0.014730 0.007072
1371715065.746964 1.363103 0.149637 0.013924 0.000436
1371715065.776052 1.365052 0.149859 0.016409 0.000404
1371715065.807579 1.360697 0.150163 0.009381 -0.000571
1371715065.848708 1.357393 0.148986 -0.002628 -0.011366
1371715065.874819 1.362545 0.149758 -0.000179 -0.003391
1371715065.909643 1.361589 0.150241 -0.000134 0.003287
1371715065.946179 1.359216 0.149704 -0.005035 -0.000387
1371715065.978154 1.366157 0.149452 0.004459 0.000991
1371715066.026858 1.354493 0.149185 -0.010809 -0.008239
1371715066.048386 1.357340 0.151159 -0.013494 0.007244
1371715066.085980 1.365571 0.150777 -0.000607 0.013888
1371715066.117088 1.350631 0.149198 -0.020511 -0.008233
1371715066.155303 1.363283 0.151150 -0.007545 0.008718
1371715066.186483 1.362420 0.149042 -0.001848 -0.003249
1371715066.214711 1.365167 0.150610 0.008491 0.006042
1371715066.249345 1.361776 0.148399 0.007128 -0.010688
1371715066.287584 1.366445 0.151102 0.016640 0.008106
1371715066.316344 1.363416 0.149839 0.015004 0.001474
1371715066.349699 1.362490 0.150304 0.011781 0.001211
1371715066.387599 1.364200 0.149407 0.011431 -0.004804
1371715066.418792 1.361885 0.149841 0.006863 -0.004358
1371715066.454709 1.366812 0.151257 0.013223 0.010194
1371715066.486506 1.358888 0.148473 0.000002 -0.012478
1371715066.516027 1.364035 0.149743 0.002131 -0.005031
1371715066.549189 1.358378 0.149098 -0.007377 -0.009290
1371715066.588662 1.363820 0.149376 -0.002999 -0.002810
1371715066.617902 1.367895 0.149224 0.007227 0.001572
1371715066.651571 1.362798 0.149934 0.004813 0.004429
1371715066.687264 1.361139 0.152122 0.001091 0.019327
1371715066.719302 1.359591 0.150427 -0.006306 0.006994
1371715066.751343 1.364895 0.151215 -0.000590 0.010076
1371715066.789654 1.363613 0.151411 0.000825 0.009243
1371715066.819717 1.358894 0.150397 -0.007621 -0.003703
1371715066.862022 1.361971 0.148994 -0.007596 -0.015524
1371715066.884015 1.360842 0.148739 -0.008638 -0.018568
1371715066.920993 1.360749 0.150323 -0.007510 -0.003468
1371715066.952324 1.363044 0.149009 -0.003421 -0.005061
1371715066.985955 1.364798 0.149432 0.003136 -0.000341
1371715067.017289 1.365532 0.151638 0.009993 0.017753
1371715067.055024 1.361390 0.149122 0.004011 -0.001117
1371715067.087916 1.358524 0.148476 -0.005265 -0.014234
1371715067.119908 1.357583 0.149008 -0.011897 -0.011929
1371715067.155221 1.359405 0.149788 -0.011700 -0.000890
1371715067.194955 1.353274 0.148517 -0.023183 -0.009367
1371715067.220665 1.359939 0.149690 -0.016228 0.003268
1371715067.266675 1.361456 0.148998 -0.008709 0.003166
1371715067.287444 1.361174 0.149969 -0.003041 0.009208
1371715067.322780 1.363717 0.149386 0.004824 0.006388
1371715067.359133 1.356783 0.149511 -0.002687 0.000075
1371715067.390094 1.363889 0.148698 0.005003 -0.003584
1371715067.425310 1.360161 0.148275 0.003122 -0.009792
1371715067.453209 1.360930 0.151574 0.005610 0.014806
1371715067.488837 1.357134 0.148603 -0.002984 -0.003821
1371715067.526074 1.357566 0.149177 -0.006831 -0.005018
1371715067.559117 1.362569 0.149095 0.000119 -0.001523
1371715067.587955 1.361954 0.149164 0.003685 0.000047
1371715067.628131 1.367299 0.152194 0.017424 0.025759
1371715067.653714 1.362230 0.149538 0.013473 0.005850
1371715067.700648 1.366041 0.148681 0.016897 -0.007054
1371715067.722618 1.360076 0.150055 0.008765 -0.004248
1371715067.763516 1.360496 0.148678 0.002662 -0.011849
1371715067.787377 1.355772 0.147081 -0.010697 -0.026202
1371715067.823650 1.365711 0.151263 0.002611 0.011975
1371715067.857339 1.359213 0.149377 -0.003120 0.005210
1371715067.896323 1.360430 0.149332 -0.004510 0.002095
1371715067.926090 1.361889 0.149300 -0.002495 0.001215
1371715067.960027 1.367853 0.151539 0.011187 0.020520
1371715067.990838 1.365258 0.149717 0.012938 0.007221
1371715068.026915 1.361406 0.148963 0.006201 -0.007682
1371715068.055484 1.361907 0.149821 0.003341 -0.004711
1371715068.091152 1.362057 0.151238 0.002370 0.007992
1371715068.132486 1.355786 0.149156 -0.011748 -0.008276
1371715068.157007 1.358319 0.148722 -0.015516 -0.013207
1371715068.190542 1.363103 0.150926 -0.006649 0.007610
1371715068.225295 1.360248 0.149843 -0.006965 0.003746
1371715068.259081 1.358467 0.148224 -0.010886 -0.011385
1371715068.297652 1.356263 0.147740 -0.016479 -0.018779
1371715068.327799 1.357978 0.148094 -0.015312 -0.012804
1371715068.360890 1.359473 0.148881 -0.010338 -0.000521
1371715068.392863 1.361180 0.150908 -0.002355 0.020078
1371715068.429899 1.357755 0.147320 -0.006250 -0.005671
1371715068.458873 1.364192 0.149761 0.005486 0.008127
1371715068.494245 1.355535 0.149419 -0.003460 0.003028
1371715068.535458 1.360027 0.148821 -0.001364 -0.000847
1371715068.558735 1.360858 0.148581 0.001643 -0.003387
1371715068.595561 1.357539 0.148012 -0.002630 -0.009821
1371715068.627400 1.359455 0.149050 -0.000830 -0.000882
1371715068.660613 1.362535 0.146536 0.004248 -0.013889
1371715068.697294 1.352415 0.149277 -0.008626 -0.001726
1371715068.726309 1.362856 0.149787 0.002047 0.013896
1371715068.759001 1.358601 0.149454 0.000465 0.010960
1371715068.795985 1.357572 0.147686 -0.003654 -0.006322
1371715068.827801 1.362230 0.149538 0.004015 0.005345
1371715068.867322 1.350067 0.146507 -0.015527 -0.021573
1371715068.895949 1.351712 0.147970 -0.022557 -0.013571
1371715068.934673 1.350656 0.148215 -0.027716 -0.005420
1371715068.969113 1.360105 0.148055 -0.012713 0.004219
1371715068.993108 1.355903 0.149958 -0.008497 0.017959
1371715069.029694 1.364858 0.148842 0.009438 0.016002
1371715069.061676 1.360355 0.148792 0.012689 0.007489
1371715069.096578 1.361907 0.149821 0.017703 0.010589
1371715069.128335 1.361682 0.149320 0.019001 0.004844
1371715069.161022 1.359989 0.149966 0.016147 0.004770
1371715069.196703 1.357857 0.151836 0.010452 0.015674
1371715069.227731 1.353156 0.149639 -0.004694 -0.003059
1371715069.260433 1.362343 0.148421 0.001998 -0.011923
1371715069.297952 1.363554 0.149333 0.009680 -0.005203
1371715069.328596 1.362730 0.148514 0.012213 -0.008360
1371715069.370692 1.367216 0.148956 0.021810 -0.001916
1371715069.396723 1.358824 0.150501 0.012602 0.006376
1371715069.431134 1.361406 0.148963 0.008958 -0.001654
1371715069.463144 1.362209 0.149742 0.008164 0.001857
1371715069.499788 1.356876 0.148597 -0.003427 -0.009048
1371715069.529813 1.357045 0.149477 -0.009660 -0.003915
1371715069.563607 1.363095 0.149184 -0.002628 0.000908
1371715069.599578 1.366576 0.148308 0.007868 -0.001983
1371715069.632370 1.356112 0.148518 -0.004210 -0.007924
1371715069.669625 1.360210 0.151491 -0.002337 0.016471
1371715069.699464 1.352284 0.148236 -0.018617 -0.007098
1371715069.768259 1.364392 0.149956 -0.004620 0.006758
1371715069.798957 1.359398 0.147562 -0.005832 -0.010606
1371715069.869070 1.362990 0.150747 0.002972 0.011102
1371715069.899086 1.363567 0.149992 0.008297 0.011016
1371715069.935899 1.351975 0.149598 -0.010251 -0.002077
1371715069.969850 1.353486 0.150184 -0.018477 -0.000362
1371715070.001919 1.358634 0.149128 -0.014253 -0.003535
1371715070.036935 1.359666 0.148765 -0.008701 -0.005731
1371715070.070686 1.365331 0.151136 0.007495 0.015591
1371715070.101563 1.364558 0.151794 0.015997 0.023434
1371715070.135936 1.360908 0.149742 0.012220 0.002815
1371715070.167777 1.357472 0.148665 0.002636 -0.015662
1371715070.213600 1.347025 0.148935 -0.022190 -0.022952
1371715070.237356 1.357165 0.150894 -0.016987 0.001809
1371715070.270862 1.361438 0.149861 -0.006294 0.005880
1371715070.307594 1.363653 0.150021 0.005199 0.008263
1371715070.336885 1.358634 0.149128 0.002833 -0.002956
1371715070.368957 1.362479 0.147082 0.007288 -0.019001
1371715070.402540 1.353432 0.146964 -0.005831 -0.027026
1371715070.439403 1.354740 0.147693 -0.010668 -0.016724
1371715070.470402 1.357912 0.147312 -0.007792 -0.009293
1371715070.507924 1.357738 0.147243 -0.005782 -0.004799
1371715070.536848 1.347380 0.147200 -0.023126 -0.008513
1371715070.572276 1.352698 0.146806 -0.023597 -0.006401
1371715070.606260 1.349025 0.146187 -0.029502 -0.010330
1371715070.636810 1.367839 0.148382 0.003735 0.018808
1371715070.672949 1.366246 0.147504 0.021551 0.016697
1371715070.706834 1.359514 0.146418 0.019341 -0.001178
1371715070.739290 1.355487 0.147736 0.010725 -0.000664
1371715070.773194 1.361171 0.146171 0.013653 -0.008241
1371715070.804393 1.368652 0.148734 0.030235 0.013723
1371715070.842109 1.366499 0.149066 0.035009 0.018624
1371715070.871804 1.361895 0.146851 0.025987 -0.003878
1371715070.909307 1.361193 0.146937 0.017856 -0.011335
1371715070.938915 1.355567 0.145665 0.000726 -0.024132
1371715070.975465 1.361708 0.147202 0.002104 -0.007570
1371715071.007771 1.359291 0.146228 -0.002470 -0.008162
1371715071.040478 1.351054 0.146247 -0.020303 -0.011023
1371715071.077949 1.360833 0.148344 -0.011682 0.012798
1371715071.108567 1.361747 0.147886 -0.004852 0.015772
1371715071.146311 1.361453 0.147908 -0.000849 0.012898
1371715071.176376 1.354165 0.146840 -0.012153 -0.003684
1371715071.207974 1.355483 0.147247 -0.015776 -0.004539
1371715071.243424 1.360987 0.146315 -0.007752 -0.006822
1371715071.274485 1.357565 0.147292 -0.007214 -0.001026
1371715071.310042 1.349863 0.147453 -0.020587 -0.001982
1371715071.344001 1.359470 0.149439 -0.009556 0.019352
1371715071.379900 1.356474 0.146614 -0.009708 -0.000063
1371715071.409405 1.357163 0.146070 -0.007700 -0.010636
1371715071.447904 1.363519 0.149685 0.008458 0.018335
1371715071.476942 1.355572 0.147196 0.001570 0.000994
1371715071.511587 1.360350 0.146415 0.005575 -0.008311
1371715071.546571 1.354794 0.145793 -0.002054 -0.017911
1371715071.579458 1.362678 0.148218 0.009371 0.005611
1371715071.611875 1.359214 0.147246 0.008767 0.003319
1371715071.647937 1.357142 0.146274 0.003503 -0.006861
1371715071.678584 1.354814 0.146496 -0.003923 -0.008658
1371715071.713112 1.359021 0.146693 -0.000720 -0.002916
1371715071.745746 1.361181 0.147054 0.005487 0.003781
1371715071.787218 1.356228 0.146760 -0.000094 -0.000083
1371715071.810059 1.357388 0.147519 -0.001160 0.004931
1371715071.847539 1.355655 0.145555 -0.006374 -0.009758
1371715071.878844 1.354739 0.148288 -0.008826 0.006896
1371715071.916780 1.356872 0.145994 -0.008191 -0.003817
1371715071.946772 1.347552 0.145511 -0.024214 -0.015939
1371715071.982601 1.359543 0.146132 -0.010687 -0.003767
1371715072.024394 1.362816 0.146862 0.005174 0.008781
1371715072.044828 1.349144 0.148043 -0.009128 0.011087
1371715072.080166 1.361567 0.147380 0.003635 0.012576
1371715072.114993 1.356698 0.147107 0.002838 0.004643
1371715072.148908 1.350679 0.147856 -0.008261 0.002335
1371715072.178921 1.320443 0.148630 -0.071950 -0.011909
1371715072.214863 1.289129 0.150922 -0.168913 -0.013999
1371715072.249299 1.259221 0.149565 -0.282542 -0.034449
1371715072.279211 1.237960 0.149956 -0.379457 -0.034186
1371715072.317683 1.215055 0.150798 -0.463103 -0.022645
1371715072.347863 1.195725 0.153024 -0.524306 0.004946
1371715072.380882 1.168628 0.153862 -0.586068 0.014749
1371715072.415857 1.151316 0.155785 -0.620677 0.033836
1371715072.449405 1.125070 0.156014 -0.657477 0.029725
1371715072.483539 1.114260 0.159766 -0.653470 0.062216
1371715072.517716 1.091228 0.162047 -0.655198 0.073609
1371715072.552532 1.065181 0.161666 -0.669731 0.049527
1371715072.589043 1.040475 0.162904 -0.683907 0.036426
1371715072.619429 1.024626 0.167320 -0.671486 0.067629
1371715072.656686 0.995672 0.168134 -0.683698 0.057416
1371715072.688781 0.973354 0.170576 -0.688838 0.060017
1371715072.720882 0.949431 0.171795 -0.695786 0.052936
1371715072.752618 0.928385 0.175609 -0.690929 0.072386
1371715072.789706 0.895650 0.175906 -0.719568 0.045908
1371715072.819702 0.872193 0.179143 -0.730801 0.056363
1371715072.856506 0.848823 0.181629 -0.734491 0.067289
1371715072.892451 0.822831 0.185700 -0.738941 0.085881
1371715072.921722 0.794542 0.187246 -0.757335 0.072830
1371715072.955490 0.766904 0.189721 -0.774789 0.066811
1371715072.988865 0.738896 0.192913 -0.789825 0.072070
1371715073.023147 0.709973 0.196827 -0.804890 0.084884
1371715073.059419 0.679441 0.199553 -0.829066 0.080855
1371715073.093057 0.646621 0.202572 -0.861949 0.073790
1371715073.125587 0.622720 0.203856 -0.861949 0.073790
1371715073.154699 0.593989 0.206316 -0.861949 0.073790
1371715081.958402 0.990617 0.189401 -0.861949 0.073790
1371715081.995770 0.994729 0.187283 0.000000 0.000000
1371715082.027377 0.996447 0.186227 0.051547 -0.031665
1371715082.059114 0.998683 0.185181 0.058058 -0.030893
1371715082.096555 1.000592 0.186121 0.060572 -0.006911
1371715082.130455 1.003248 0.183926 0.062054 -0.021357
1371715082.165016 1.006528 0.183274 0.067000 -0.023212
1371715082.196572 1.009708 0.182178 0.071539 -0.025665
1371715082.230199 1.013993 0.181336 0.078811 -0.024322
1371715082.262025 1.015440 0.180518 0.079920 -0.025640
1371715082.293993 1.017940 0.180058 0.080701 -0.022892
1371715082.326758 1.019952 0.178411 0.078468 -0.030469
1371715082.360619 1.018725 0.176878 0.067785 -0.041609
1371715082.397833 1.012779 0.175476 0.041806 -0.053950
1371715082.427950 1.019915 0.177163 0.043741 -0.019843
1371715082.462518 1.026082 0.178554 0.056591 0.013985
1371715082.500759 1.032316 0.176770 0.070708 0.009601
1371715082.533150 1.042986 0.173963 0.096226 -0.010522
1371715082.566127 1.057456 0.167790 0.134088 -0.056753
1371715082.597892 1.067670 0.163791 0.171478 -0.086104
1371715082.635014 1.079633 0.159357 0.209392 -0.105053
1371715082.664160 1.090504 0.155093 0.242589 -0.116158
1371715082.697905 1.103017 0.151690 0.274423 -0.113695
1371715082.729188 1.112020 0.147418 0.294375 -0.118596
1371715082.764566 1.124245 0.143021 0.312320 -0.122917
1371715082.804961 1.132380 0.139511 0.319776 -0.122108
1371715082.829093 1.144546 0.134836 0.327375 -0.126015
1371715082.865740 1.153574 0.130909 0.328740 -0.126771
1371715082.904947 1.162878 0.127235 0.326582 -0.123737
1371715082.929002 1.172258 0.124748 0.322942 -0.110385
1371715082.962685 1.184742 0.119600 0.322858 -0.116379
1371715082.995894 1.195395 0.115987 0.322858 -0.116379
1371715083.028568 1.206157 0.112108 0.322858 -0.116379
1371715084.640577 1.297112 0.203967 0.000000 0.000000
1371715084.673544 1.310953 0.199409 0.415127 -0.136723
1371715084.708598 1.325724 0.197807 0.428198 -0.086596
1371715084.740397 1.338599 0.201203 0.424635 -0.014631
1371715084.773995 1.338841 0.202311 0.363307 0.004146
1371715084.811592 1.363614 0.206822 0.386178 0.051321
1371715084.840214 1.364126 0.209949 0.365235 0.068415
1371715084.873036 1.370992 0.213084 0.343743 0.076989
1371715084.914638 1.380911 0.216031 0.328891 0.082264
1371715084.940875 1.388866 0.218459 0.313884 0.080025
1371715084.974685 1.403077 0.223877 0.313557 0.102311
1371715085.011775 1.410367 0.227259 0.306627 0.108024
1371715085.042457 1.412844 0.226840 0.284410 0.075770
1371715085.090631 1.416800 0.228647 0.260255 0.054574
1371715085.112959 1.426706 0.230860 0.247339 0.051342
1371715085.154128 1.436392 0.235455 0.243799 0.071860
1371715085.216668 1.457046 0.242178 0.266406 0.120406
1371715085.248839 1.466067 0.247593 0.280990 0.148258
1371715085.319477 1.475372 0.250247 0.287261 0.143028
1371715085.350095 1.476210 0.252897 0.274472 0.118637
1371715085.382609 1.478926 0.252989 0.252264 0.077841
1371715085.418329 1.472754 0.254884 0.212334 0.044931
1371715085.454541 1.473957 0.256886 0.176909 0.032040
1371715085.480831 1.472109 0.255579 0.137531 0.005768
1371715085.520649 1.477081 0.255804 0.112798 -0.002036
1371715085.551754 1.472837 0.254738 0.081096 -0.017799
1371715085.588004 1.468650 0.255097 0.048725 -0.022189
1371715085.621798 1.468983 0.257319 0.027309 -0.003428
1371715085.659656 1.468711 0.258539 0.010792 0.013101
1371715085.691310 1.470005 0.258462 -0.000188 0.017908
1371715085.721790 1.466542 0.257150 -0.015859 0.004300
1371715085.759291 1.470489 0.258199 -0.017063 0.009919
1371715085.789894 1.463567 0.256913 -0.031021 -0.004548
1371715085.828102 1.466892 0.258130 -0.030740 0.003715
1371715085.860789 1.469790 0.256696 -0.025421 -0.000042
1371715085.899470 1.465632 0.256130 -0.027986 -0.008646
1371715085.929400 1.467076 0.257302 -0.023729 0.000155
1371715085.961800 1.463750 0.256092 -0.026905 -0.007136
1371715085.997646 1.467452 0.258171 -0.018372 0.010045
1371715086.030361 1.463503 0.257200 -0.020599 0.004522
1371715086.067749 1.459680 0.256458 -0.028266 -0.006489
1371715086.096514 1.463481 0.255290 -0.025290 -0.012610
1371715086.128170 1.466334 0.257779 -0.013686 0.007952
1371715086.163422 1.465250 0.256944 -0.008980 0.007465
1371715086.197271 1.465886 0.255718 -0.005387 -0.002162
1371715086.227349 1.463982 0.256661 -0.004602 -0.000815
1371715086.266230 1.463762 0.257964 -0.003023 0.008659
1371715086.300843 1.463193 0.256581 -0.004808 0.000540
1371715086.333936 1.468912 0.256737 0.004945 0.003676
1371715086.370613 1.465511 0.256675 0.004970 -0.000060
1371715086.400716 1.461917 0.256277 -0.001903 -0.007649
1371715086.436422 1.464588 0.257701 0.000239 0.003598
1371715086.467858 1.465693 0.255858 0.001293 -0.004406
1371715086.500645 1.462011 0.257460 -0.002647 0.000882
1371715086.536147 1.468913 0.254728 0.004361 -0.009277
1371715086.567626 1.467149 0.256979 0.008598 0.002020
1371715086.602868 1.467437 0.255683 0.009658 -0.002976
1371715086.638122 1.467817 0.256534 0.011599 0.001496
1371715086.668445 1.466819 0.256147 0.009832 -0.001050
1371715086.705418 1.463332 0.256271 0.002079 -0.004344
1371715086.738160 1.468912 0.256737 0.007325 0.003880
1371715086.771202 1.461543 0.257955 -0.002110 0.007365
1371715086.803097 1.455016 0.255360 -0.022930 -0.016020
1371715086.837996 1.456101 0.253916 -0.033350 -0.028646
1371715086.868895 1.457636 0.257108 -0.031214 -0.002438
1371715086.907740 1.459895 0.256482 -0.025829 0.007133
1371715086.937140 1.458506 0.256970 -0.023348 0.011873
1371715086.975808 1.458240 0.255343 -0.022807 0.000280
1371715087.008893 1.464482 0.256201 -0.008639 0.007806
1371715087.040966 1.471429 0.257231 0.014138 0.021818
1371715087.077885 1.470738 0.254765 0.024203 0.003438
1371715087.107174 1.467542 0.254814 0.024831 -0.008403
1371715087.146385 1.471198 0.258270 0.034354 0.014758
1371715087.176198 1.470618 0.257622 0.035473 0.014201
1371715087.208028 1.446369 0.252432 -0.014890 -0.048111
1371715087.243013 1.435623 0.245464 -0.068799 -0.115942
1371715087.273622 1.411466 0.237140 -0.146595 -0.190567
1371715087.310017 1.394923 0.230511 -0.217709 -0.227589
1371715087.346872 1.380545 0.223872 -0.276525 -0.237571
1371715087.375536 1.361565 0.215722 -0.334474 -0.248439
1371715087.414081 1.344875 0.209429 -0.382064 -0.239940
1371715087.442051 1.329171 0.203869 -0.418208 -0.219047
1371715087.490362 1.310743 0.195377 -0.453016 -0.221938
1371715087.512510 1.299007 0.188768 -0.469054 -0.212579
1371715087.556409 1.278196 0.182402 -0.489854 -0.207200
1371715087.580469 1.238334 0.167482 -0.556826 -0.284996
1371715087.612334 1.218645 0.156980 -0.601253 -0.317815
1371715087.648981 1.196619 0.150255 -0.631271 -0.298273
1371715087.680303 1.180587 0.142134 -0.640135 -0.271792
1371715087.714472 1.162784 0.133599 -0.639114 -0.255481
1371715087.748710 1.142304 0.123867 -0.637814 -0.259398
1371715087.781180 1.119712 0.119176 -0.637443 -0.228728
1371715087.817950 1.099720 0.111279 -0.635576 -0.220045
1371715087.850530 1.075642 0.101435 -0.642133 -0.240555
1371715087.885346 1.058577 0.093461 -0.636226 -0.243945
1371715087.917344 1.029483 0.084310 -0.650756 -0.258640
1371715087.949021 1.013797 0.075215 -0.646021 -0.263810
1371715087.981221 0.985543 0.066432 -0.658761 -0.268682
1371715088.020736 0.962469 0.055419 -0.669819 -0.289163
1371715088.048635 0.935747 0.046951 -0.687347 -0.285643
1371715088.087980 0.913173 0.035430 -0.697560 -0.303061
1371715088.117859 0.886781 0.026376 -0.712073 -0.298436
1371715088.162691 0.864012 0.016514 -0.718520 -0.295851
1371715088.187557 0.835516 0.006093 -0.734605 -0.301066
1371715088.222106 0.808456 -0.005041 -0.751261 -0.313436
1371715088.259393 0.783682 -0.017417 -0.759849 -0.336472
1371715088.288316 0.756266 -0.027649 -0.772445 -0.331431
1371715088.325888 0.725733 -0.038701 -0.794433 -0.328548
1371715088.359277 0.698470 -0.050845 -0.808552 -0.340590
1371715088.393950 0.674349 -0.061764 -0.808552 -0.340590
1371715088.436310 0.647398 -0.073117 -0.808552 -0.340590
1371715096.328916 2.026955 2.171795 -0.808552 -0.340590
1371715096.365839 1.964843 2.116088 0.000000 0.000000
1371715096.397419 1.981482 2.112755 0.498909 -0.099734
1371715096.427696 1.975029 2.281858 0.504860 1.808002
1371715096.460521 2.010132 2.291615 0.504860 1.808002
1371715096.497784 2.026961 2.351882 0.504860 1.808002
1371715096.561181 1.966509 2.265193 0.000000 0.000000
1371715096.627583 2.005412 2.153256 0.000000 0.000000
1371715096.661901 1.973669 2.271817 -0.950275 3.554428
1371715096.694899 1.943204 2.233615 -1.031105 1.568029
1371715096.729269 1.990836 2.295555 -0.441376 1.488418
1371715096.763665 2.007239 2.313090 -0.178175 1.347991
1371715096.808393 1.973825 2.377623 -0.178175 1.347991
1371715096.826696 1.967885 2.422556 -0.178175 1.347991
1371715096.897655 2.078303 2.234956 0.000000 0.000000
1371715097.095375 1.954421 2.256000 0.000000 0.000000
1371715097.128089 1.928694 2.220473 -0.771970 -1.065599
1371715097.196909 1.943860 2.240684 0.000000 0.000000
1371715097.666564 2.029456 2.342353 0.000000 0.000000
1371715097.698188 2.054096 2.374533 0.739302 0.965166
1371715097.782843 1.988987 2.137308 -0.210347 -2.982350
1371715097.801614 1.982549 2.285211 -0.163281 -1.591064
1371715097.836416 2.051913 2.376335 0.308198 -0.525762
1371715097.875004 2.042065 2.188936 0.234775 -0.757042
1371715097.903980 2.063408 2.177995 0.234775 -0.757042
1371715097.936857 2.071234 2.152760 0.234775 -0.757042
1371715098.044131 2.072859 2.226590 0.000000 0.000000
1371715098.075927 1.997499 2.141871 -2.260924 -2.541280
1371715098.111876 2.015287 2.334155 -0.448169 0.402791
1371715098.136533 2.040012 2.192087 -0.280397 -0.061584
1371715098.174161 2.023840 2.207590 -0.280397 -0.061584
