0.010000,0.000000,0.000000
0.020000,0.000000,0.000000
0.030000,0.000000,0.000000
0.040000,0.000000,0.000000
0.050000,0.000000,0.000001
0.060000,0.000000,0.000001
0.070000,0.000000,0.000002
0.080000,0.000000,0.000003
0.090000,0.000000,0.000003
0.100000,0.000000,0.000004
0.110000,0.000000,0.000005
0.120000,0.000000,0.000006
0.130000,0.000000,0.000007
0.140000,0.000000,0.000009
0.150000,0.000000,0.000010
0.160000,0.000000,0.000011
0.170000,0.000000,0.000013
0.180000,0.000000,0.000015
0.190000,0.000000,0.000016
0.200000,0.000000,0.000018
0.210000,0.000000,0.000020
0.220000,0.000000,0.000022
0.230000,0.000000,0.000024
0.240000,0.000000,0.000026
0.250000,0.000000,0.000028
0.260000,0.000000,0.000030
0.270000,0.000000,0.000033
0.280000,0.000000,0.000035
0.290000,0.000000,0.000038
0.300000,0.000000,0.000040
0.310000,0.000000,0.000043
0.320000,0.000000,0.000046
0.330000,0.000000,0.000049
0.340000,0.000000,0.000052
0.350000,0.000000,0.000055
0.360000,0.000000,0.000059
0.370000,0.000000,0.000062
0.380000,0.000000,0.000065
0.390000,0.000000,0.000069
0.400000,0.000000,0.000073
0.410000,0.000000,0.000077
0.420000,0.000000,0.000081
0.430000,0.000000,0.000085
0.440000,0.000000,0.000089
0.450000,0.000000,0.000093
0.460000,0.000000,0.000098
0.470000,0.000000,0.000103
0.480000,0.000000,0.000107
0.490000,0.000000,0.000112
0.500000,0.000000,0.000118
0.510000,0.000000,0.000123
0.520000,0.000000,0.000129
0.530000,0.000000,0.000134
0.540000,0.000000,0.000140
0.550000,0.000000,0.000146
0.560000,0.000000,0.000153
0.570000,0.000000,0.000159
0.580000,0.000000,0.000166
0.590000,0.000000,0.000173
0.600000,0.000000,0.000180
0.610000,0.000000,0.000187
0.620000,0.000000,0.000195
0.630000,0.000000,0.000203
0.640000,0.000000,0.000211
0.650000,0.000000,0.000220
0.660000,0.000000,0.000229
0.670000,0.000000,0.000238
0.680000,0.000000,0.000247
0.690000,0.000000,0.000257
0.700000,0.000000,0.000267
0.710000,0.000000,0.000277
0.720000,0.000000,0.000288
0.730000,0.000000,0.000299
0.740000,0.000000,0.000311
0.750000,0.000000,0.000323
0.760000,0.000000,0.000335
0.770000,0.000000,0.000348
0.780000,0.000000,0.000361
0.790000,0.000000,0.000375
0.800000,0.000000,0.000389
0.810000,0.000000,0.000403
0.820000,0.000000,0.000419
0.830000,0.000000,0.000434
0.840000,0.000000,0.000451
0.850000,0.000000,0.000467
0.860000,0.000000,0.000485
0.870000,0.000000,0.000503
0.880000,0.000000,0.000522
0.890000,0.000000,0.000541
0.900000,0.000000,0.000561
0.910000,0.000000,0.000582
0.920000,0.000000,0.000604
0.930000,0.000000,0.000626
0.940000,0.000000,0.000649
0.950000,0.000000,0.000673
0.960000,0.000000,0.000698
0.970000,0.000000,0.000724
0.980000,0.000000,0.000750
0.990000,0.000000,0.000778
1.000000,0.000000,0.000806
1.010000,0.000000,0.000836
1.020000,0.000000,0.000867
1.030000,0.000000,0.000899
1.040000,0.000000,0.000932
1.050000,0.000000,0.000966
1.060000,0.000000,0.001001
1.070000,0.000000,0.001038
1.080000,0.000000,0.001076
1.090000,0.000000,0.001115
1.100000,0.000000,0.001156
1.110000,0.000000,0.001198
1.120000,0.000000,0.001242
1.130000,0.000000,0.001287
1.140000,0.000000,0.001335
1.150000,0.000000,0.001383
1.160000,0.000000,0.001434
1.170000,0.000000,0.001486
1.180000,0.000000,0.001540
1.190000,0.000000,0.001597
1.200000,0.000000,0.001655
1.210000,0.000000,0.001715
1.220000,0.000000,0.001778
1.230000,0.000000,0.001843
1.240000,0.000000,0.001910
1.250000,0.000000,0.001979
1.260000,0.000000,0.002052
1.270000,0.000000,0.002126
1.280000,0.000000,0.002204
1.290000,0.000000,0.002284
1.300000,0.000000,0.002367
1.310000,0.000000,0.002454
1.320000,0.000000,0.002543
1.330000,0.000000,0.002636
1.340000,0.000000,0.002732
1.350000,0.000000,0.002831
1.360000,0.000000,0.002934
1.370000,0.000000,0.003041
1.380000,0.000000,0.003152
1.390000,0.000000,0.003267
1.400000,0.000000,0.003386
1.410000,0.000000,0.003509
1.420000,0.000000,0.003637
1.430000,0.000000,0.003769
1.440000,0.000000,0.003907
1.450000,0.000000,0.004049
1.460000,0.000000,0.004196
1.470000,0.000000,0.004349
1.480000,0.000000,0.004507
1.490000,0.000000,0.004672
1.500000,0.000000,0.004842
1.510000,0.000000,0.005018
1.520000,0.000000,0.005201
1.530000,0.000000,0.005390
1.540000,0.000000,0.005586
1.550000,0.000000,0.005790
1.560000,0.000000,0.006000
1.570000,0.000000,0.006219
1.580000,0.000000,0.006445
1.590000,0.000000,0.006680
1.600000,0.000000,0.006923
1.610000,0.000000,0.007175
1.620000,0.000000,0.007436
1.630000,0.000000,0.007707
1.640000,0.000000,0.007988
1.650000,0.000000,0.008278
1.660000,0.000000,0.008580
1.670000,0.000000,0.008892
1.680000,0.000000,0.009216
1.690000,0.000000,0.009551
1.700000,0.000000,0.009899
1.710000,0.000000,0.010260
1.720000,0.000000,0.010633
1.730000,0.000000,0.011020
1.740000,0.000000,0.011421
1.750000,0.000000,0.011837
1.760000,0.000000,0.012268
1.770000,0.000000,0.012715
1.780000,0.000000,0.013178
1.790000,0.000000,0.013658
1.800000,0.000000,0.014155
1.810000,0.000000,0.014671
1.820000,0.000000,0.015205
1.830000,0.000000,0.015758
1.840000,0.000000,0.016332
1.850000,0.000000,0.016927
1.860000,0.000000,0.017543
1.870000,0.000000,0.018182
1.880000,0.000000,0.018844
1.890000,0.000000,0.019531
1.900000,0.000000,0.020242
1.910000,0.000000,0.020979
1.920000,0.000000,0.021743
1.930000,0.000000,0.022535
1.940000,0.000000,0.023355
1.950000,0.000000,0.024206
1.960000,0.000000,0.025087
1.970000,0.000000,0.026001
1.980000,0.000000,0.026948
1.990000,0.000000,0.027929
2.000000,0.000000,0.028946
2.010000,0.000000,0.029999
2.020000,0.000000,0.031089
2.030000,0.005180,0.032216
2.040000,0.007770,0.033377
2.050000,0.010360,0.034572
2.060000,0.012950,0.035797
2.070000,0.015540,0.037052
2.080000,0.018130,0.038334
2.090000,0.020720,0.039642
2.100000,0.023310,0.040974
2.110000,0.025900,0.042329
2.120000,0.028490,0.043705
2.130000,0.031080,0.045101
2.140000,0.033670,0.046514
2.150000,0.036260,0.047944
2.160000,0.038850,0.049389
2.170000,0.041440,0.050847
2.180000,0.044030,0.052317
2.190000,0.046620,0.053798
2.200000,0.049210,0.055288
2.210000,0.051800,0.056786
2.220000,0.054390,0.058290
2.230000,0.056980,0.059799
2.240000,0.059570,0.061312
2.250000,0.062160,0.062827
2.260000,0.064750,0.064343
2.270000,0.067340,0.065859
2.280000,0.069930,0.067372
2.290000,0.072520,0.068882
2.300000,0.075110,0.070388
2.310000,0.077700,0.071887
2.320000,0.080290,0.073379
2.330000,0.082880,0.074863
2.340000,0.085470,0.076335
2.350000,0.088060,0.077797
2.360000,0.090650,0.079245
2.370000,0.093240,0.080678
2.380000,0.095830,0.082096
2.390000,0.098420,0.083495
2.400000,0.101010,0.084876
2.410000,0.103600,0.086236
2.420000,0.106190,0.087574
2.430000,0.108780,0.088888
2.440000,0.111370,0.090176
2.450000,0.113960,0.091438
2.460000,0.116550,0.092670
2.470000,0.119140,0.093872
2.480000,0.121730,0.095042
2.490000,0.124320,0.096178
2.500000,0.126910,0.097278
2.510000,0.129500,0.098341
2.520000,0.129500,0.099367
2.530000,0.129500,0.100354
2.540000,0.129500,0.101305
2.550000,0.129500,0.102220
2.560000,0.129500,0.103100
2.570000,0.129500,0.103946
2.580000,0.129500,0.104760
2.590000,0.129500,0.105542
2.600000,0.129500,0.106293
2.610000,0.129500,0.107015
2.620000,0.129500,0.107707
2.630000,0.129500,0.108372
2.640000,0.129500,0.109010
2.650000,0.129500,0.109622
2.660000,0.129500,0.110208
2.670000,0.129500,0.110770
2.680000,0.129500,0.111307
2.690000,0.129500,0.111822
2.700000,0.129500,0.112313
2.710000,0.129500,0.112783
2.720000,0.129500,0.113231
2.730000,0.129500,0.113659
2.740000,0.129500,0.114066
2.750000,0.129500,0.114454
2.760000,0.129500,0.114822
2.770000,0.129500,0.115172
2.780000,0.129500,0.115503
2.790000,0.129500,0.115816
2.800000,0.129500,0.116112
2.810000,0.129500,0.116391
2.820000,0.129500,0.116653
2.830000,0.129500,0.116899
2.840000,0.129500,0.117128
2.850000,0.129500,0.117342
2.860000,0.129500,0.117540
2.870000,0.129500,0.117723
2.880000,0.129500,0.117890
2.890000,0.129500,0.118043
2.900000,0.129500,0.118182
2.910000,0.129500,0.118306
2.920000,0.129500,0.118415
2.930000,0.129500,0.118511
2.940000,0.129500,0.118592
2.950000,0.129500,0.118659
2.960000,0.129500,0.118713
2.970000,0.129500,0.118753
2.980000,0.129500,0.118779
2.990000,0.129500,0.118791
3.000000,0.129500,0.118790
3.010000,0.129500,0.118775
3.020000,0.129500,0.118746
3.030000,0.129500,0.118704
3.040000,0.129500,0.118647
3.050000,0.129500,0.118577
3.060000,0.129500,0.118493
3.070000,0.129500,0.118395
3.080000,0.129500,0.118283
3.090000,0.129500,0.118156
3.100000,0.129500,0.118015
3.110000,0.129500,0.117860
3.120000,0.129500,0.117689
3.130000,0.129500,0.117503
3.140000,0.129500,0.117302
3.150000,0.129500,0.117085
3.160000,0.129500,0.116853
3.170000,0.129500,0.116604
3.180000,0.129500,0.116339
3.190000,0.129500,0.116057
3.200000,0.129500,0.115758
3.210000,0.129500,0.115441
3.220000,0.129500,0.115107
3.230000,0.129500,0.114754
3.240000,0.129500,0.114382
3.250000,0.129500,0.113990
3.260000,0.129500,0.113579
3.270000,0.129500,0.113148
3.280000,0.129500,0.112696
3.290000,0.129500,0.112222
3.300000,0.129500,0.111726
3.310000,0.129500,0.111207
3.320000,0.129500,0.110665
3.330000,0.129500,0.110099
3.340000,0.129500,0.109508
3.350000,0.129500,0.108892
3.360000,0.129500,0.108249
3.370000,0.129500,0.107579
3.380000,0.129500,0.106881
3.390000,0.129500,0.106154
3.400000,0.129500,0.105397
3.410000,0.129500,0.104609
3.420000,0.129500,0.103790
3.430000,0.129500,0.102937
3.440000,0.129500,0.102051
3.450000,0.129500,0.101130
3.460000,0.129500,0.100172
3.470000,0.129500,0.099177
3.480000,0.129500,0.098143
3.490000,0.129500,0.097069
3.500000,0.129500,0.095953
3.510000,0.129500,0.094796
3.520000,0.129500,0.093595
3.530000,0.124520,0.092352
3.540000,0.122030,0.091067
3.550000,0.119540,0.089742
3.560000,0.117050,0.088380
3.570000,0.114560,0.086980
3.580000,0.112070,0.085545
3.590000,0.109580,0.084077
3.600000,0.107090,0.082576
3.610000,0.104600,0.081043
3.620000,0.102110,0.079480
3.630000,0.099620,0.077888
3.640000,0.097130,0.076269
3.650000,0.094640,0.074623
3.660000,0.092150,0.072951
3.670000,0.089660,0.071255
3.680000,0.087170,0.069535
3.690000,0.084680,0.067792
3.700000,0.082190,0.066028
3.710000,0.079700,0.064244
3.720000,0.077210,0.062439
3.730000,0.074720,0.060616
3.740000,0.072230,0.058775
3.750000,0.069740,0.056916
3.760000,0.067250,0.055041
3.770000,0.064760,0.053151
3.780000,0.062270,0.051246
3.790000,0.059780,0.049326
3.800000,0.057290,0.047393
3.810000,0.054800,0.045448
3.820000,0.052310,0.043491
3.830000,0.049820,0.041522
3.840000,0.047330,0.039543
3.850000,0.044840,0.037553
3.860000,0.042350,0.035555
3.870000,0.039860,0.033548
3.880000,0.037370,0.031532
3.890000,0.034880,0.029510
3.900000,0.032390,0.027480
3.910000,0.029900,0.025444
3.920000,0.027410,0.023403
3.930000,0.024920,0.021356
3.940000,0.022430,0.019305
3.950000,0.019940,0.017250
3.960000,0.017450,0.015191
3.970000,0.014960,0.013130
3.980000,0.012470,0.011066
3.990000,0.009980,0.009000
4.000000,0.007490,0.006934
4.010000,0.005000,0.004866
4.020000,0.002510,0.002798
4.030000,0.000020,0.000731
4.040000,-0.002470,-0.001335
4.050000,-0.004960,-0.003400
4.060000,-0.007450,-0.005463
4.070000,-0.009940,-0.007524
4.080000,-0.012430,-0.009581
4.090000,-0.014920,-0.011635
4.100000,-0.017410,-0.013684
4.110000,-0.019900,-0.015729
4.120000,-0.022390,-0.017768
4.130000,-0.024880,-0.019801
4.140000,-0.027370,-0.021828
4.150000,-0.029860,-0.023848
4.160000,-0.032350,-0.025860
4.170000,-0.034840,-0.027864
4.180000,-0.037330,-0.029859
4.190000,-0.039820,-0.031844
4.200000,-0.042310,-0.033820
4.210000,-0.044800,-0.035784
4.220000,-0.047290,-0.037737
4.230000,-0.049780,-0.039677
4.240000,-0.052270,-0.041605
4.250000,-0.054760,-0.043519
4.260000,-0.057250,-0.045418
4.270000,-0.059740,-0.047303
4.280000,-0.062230,-0.049171
4.290000,-0.064720,-0.051023
4.300000,-0.067210,-0.052857
4.310000,-0.069700,-0.054673
4.320000,-0.072190,-0.056470
4.330000,-0.074680,-0.058246
4.340000,-0.077170,-0.060002
4.350000,-0.079660,-0.061736
4.360000,-0.082150,-0.063446
4.370000,-0.084640,-0.065133
4.380000,-0.087130,-0.066795
4.390000,-0.089620,-0.068431
4.400000,-0.092110,-0.070039
4.410000,-0.094600,-0.071620
4.420000,-0.097090,-0.073171
4.430000,-0.099580,-0.074691
4.440000,-0.102070,-0.076180
4.450000,-0.104560,-0.077635
4.460000,-0.107050,-0.079056
4.470000,-0.109540,-0.080441
4.480000,-0.112030,-0.081789
4.490000,-0.114520,-0.083099
4.500000,-0.117010,-0.084369
4.510000,-0.119500,-0.085597
4.520000,-0.119500,-0.086785
4.530000,-0.119500,-0.087931
4.540000,-0.119500,-0.089038
4.550000,-0.119500,-0.090105
4.560000,-0.119500,-0.091135
4.570000,-0.119500,-0.092129
4.580000,-0.119500,-0.093088
4.590000,-0.119500,-0.094013
4.600000,-0.119500,-0.094905
4.610000,-0.119500,-0.095766
4.620000,-0.119500,-0.096597
4.630000,-0.119500,-0.097398
4.640000,-0.119500,-0.098171
4.650000,-0.119500,-0.098917
4.660000,-0.119500,-0.099636
4.670000,-0.119500,-0.100330
4.680000,-0.119500,-0.101000
4.690000,-0.119500,-0.101646
4.700000,-0.119500,-0.102269
4.710000,-0.119500,-0.102870
4.720000,-0.119500,-0.103450
4.730000,-0.119500,-0.104009
4.740000,-0.119500,-0.104548
4.750000,-0.119500,-0.105069
4.760000,-0.119500,-0.105571
4.770000,-0.119500,-0.106055
4.780000,-0.119500,-0.106522
4.790000,-0.119500,-0.106972
4.800000,-0.119500,-0.107406
4.810000,-0.119500,-0.107825
4.820000,-0.119500,-0.108229
4.830000,-0.119500,-0.108619
4.840000,-0.119500,-0.108994
4.850000,-0.119500,-0.109357
4.860000,-0.119500,-0.109706
4.870000,-0.119500,-0.110043
4.880000,-0.119500,-0.110367
4.890000,-0.119500,-0.110680
4.900000,-0.119500,-0.110982
4.910000,-0.119500,-0.111273
4.920000,-0.119500,-0.111553
4.930000,-0.119500,-0.111824
4.940000,-0.119500,-0.112084
4.950000,-0.119500,-0.112335
4.960000,-0.119500,-0.112577
4.970000,-0.119500,-0.112810
4.980000,-0.119500,-0.113034
4.990000,-0.119500,-0.113251
5.000000,-0.119500,-0.113459
5.010000,-0.119500,-0.113659
5.020000,-0.119500,-0.113852
5.030000,-0.119500,-0.114038
5.040000,-0.119500,-0.114217
5.050000,-0.119500,-0.114389
5.060000,-0.119500,-0.114555
5.070000,-0.119500,-0.114714
5.080000,-0.119500,-0.114867
5.090000,-0.119500,-0.115015
5.100000,-0.119500,-0.115156
5.110000,-0.119500,-0.115292
5.120000,-0.119500,-0.115423
5.130000,-0.119500,-0.115548
5.140000,-0.119500,-0.115669
5.150000,-0.119500,-0.115784
5.160000,-0.119500,-0.115895
5.170000,-0.119500,-0.116001
5.180000,-0.119500,-0.116103
5.190000,-0.119500,-0.116201
5.200000,-0.119500,-0.116294
5.210000,-0.119500,-0.116383
5.220000,-0.119500,-0.116468
5.230000,-0.119500,-0.116549
5.240000,-0.119500,-0.116627
5.250000,-0.119500,-0.116701
5.260000,-0.119500,-0.116771
5.270000,-0.119500,-0.116838
5.280000,-0.119500,-0.116901
5.290000,-0.119500,-0.116961
5.300000,-0.119500,-0.117018
5.310000,-0.119500,-0.117072
5.320000,-0.119500,-0.117122
5.330000,-0.119500,-0.117170
5.340000,-0.119500,-0.117214
5.350000,-0.119500,-0.117256
5.360000,-0.119500,-0.117295
5.370000,-0.119500,-0.117331
5.380000,-0.119500,-0.117364
5.390000,-0.119500,-0.117395
5.400000,-0.119500,-0.117423
5.410000,-0.119500,-0.117448
5.420000,-0.119500,-0.117470
5.430000,-0.119500,-0.117490
5.440000,-0.119500,-0.117508
5.450000,-0.119500,-0.117523
5.460000,-0.119500,-0.117535
5.470000,-0.119500,-0.117545
5.480000,-0.119500,-0.117552
5.490000,-0.119500,-0.117557
5.500000,-0.119500,-0.117560
5.510000,-0.119500,-0.117559
5.520000,-0.119500,-0.117557
5.530000,-0.119500,-0.117552
5.540000,-0.119500,-0.117544
5.550000,-0.119500,-0.117534
5.560000,-0.119500,-0.117522
5.570000,-0.119500,-0.117507
5.580000,-0.119500,-0.117489
5.590000,-0.119500,-0.117469
5.600000,-0.119500,-0.117447
5.610000,-0.119500,-0.117421
5.620000,-0.119500,-0.117393
5.630000,-0.119500,-0.117363
5.640000,-0.119500,-0.117329
5.650000,-0.119500,-0.117293
5.660000,-0.119500,-0.117254
5.670000,-0.119500,-0.117212
5.680000,-0.119500,-0.117167
5.690000,-0.119500,-0.117120
5.700000,-0.119500,-0.117069
5.710000,-0.119500,-0.117015
5.720000,-0.119500,-0.116958
5.730000,-0.119500,-0.116898
5.740000,-0.119500,-0.116834
5.750000,-0.119500,-0.116767
5.760000,-0.119500,-0.116697
5.770000,-0.119500,-0.116622
5.780000,-0.119500,-0.116545
5.790000,-0.119500,-0.116463
5.800000,-0.119500,-0.116378
5.810000,-0.119500,-0.116288
5.820000,-0.119500,-0.116195
5.830000,-0.119500,-0.116097
5.840000,-0.119500,-0.115995
5.850000,-0.119500,-0.115889
5.860000,-0.119500,-0.115778
5.870000,-0.119500,-0.115662
5.880000,-0.119500,-0.115541
5.890000,-0.119500,-0.115415
5.900000,-0.119500,-0.115284
5.910000,-0.119500,-0.115148
5.920000,-0.119500,-0.115006
5.930000,-0.119500,-0.114858
5.940000,-0.119500,-0.114704
5.950000,-0.119500,-0.114544
5.960000,-0.119500,-0.114378
5.970000,-0.119500,-0.114206
5.980000,-0.119500,-0.114026
5.990000,-0.119500,-0.113840
6.000000,-0.119500,-0.113646
6.010000,-0.119500,-0.113445
6.020000,-0.119500,-0.113236
6.030000,-0.119500,-0.113019
6.040000,-0.119500,-0.112794
6.050000,-0.119500,-0.112560
6.060000,-0.119500,-0.112318
6.070000,-0.119500,-0.112066
6.080000,-0.119500,-0.111805
6.090000,-0.119500,-0.111534
6.100000,-0.119500,-0.111253
6.110000,-0.119500,-0.110961
6.120000,-0.119500,-0.110658
6.130000,-0.119500,-0.110344
6.140000,-0.119500,-0.110018
6.150000,-0.119500,-0.109681
6.160000,-0.119500,-0.109330
6.170000,-0.119500,-0.108967
6.180000,-0.119500,-0.108590
6.190000,-0.119500,-0.108199
6.200000,-0.119500,-0.107794
6.210000,-0.119500,-0.107374
6.220000,-0.119500,-0.106938
6.230000,-0.119500,-0.106486
6.240000,-0.119500,-0.106018
6.250000,-0.119500,-0.105532
6.260000,-0.119500,-0.105029
6.270000,-0.119500,-0.104507
6.280000,-0.119500,-0.103966
6.290000,-0.119500,-0.103405
6.300000,-0.119500,-0.102823
6.310000,-0.119500,-0.102220
6.320000,-0.119500,-0.101595
6.330000,-0.119500,-0.100947
6.340000,-0.119500,-0.100275
6.350000,-0.119500,-0.099579
6.360000,-0.119500,-0.098857
6.370000,-0.119500,-0.098109
6.380000,-0.119500,-0.097334
6.390000,-0.119500,-0.096530
6.400000,-0.119500,-0.095696
6.410000,-0.119500,-0.094833
6.420000,-0.119500,-0.093937
6.430000,-0.119500,-0.093009
6.440000,-0.119500,-0.092047
6.450000,-0.119500,-0.091050
6.460000,-0.119500,-0.090017
6.470000,-0.119500,-0.088946
6.480000,-0.119500,-0.087836
6.490000,-0.119500,-0.086685
6.500000,-0.119500,-0.085493
6.510000,-0.119500,-0.084258
6.520000,-0.119500,-0.082979
6.530000,-0.114320,-0.081657
6.540000,-0.111730,-0.080292
6.550000,-0.109140,-0.078888
6.560000,-0.106550,-0.077444
6.570000,-0.103960,-0.075964
6.580000,-0.101370,-0.074447
6.590000,-0.098780,-0.072896
6.600000,-0.096190,-0.071312
6.610000,-0.093600,-0.069696
6.620000,-0.091010,-0.068049
6.630000,-0.088420,-0.066374
6.640000,-0.085830,-0.064670
6.650000,-0.083240,-0.062938
6.660000,-0.080650,-0.061181
6.670000,-0.078060,-0.059399
6.680000,-0.075470,-0.057593
6.690000,-0.072880,-0.055765
6.700000,-0.070290,-0.053914
6.710000,-0.067700,-0.052043
6.720000,-0.065110,-0.050151
6.730000,-0.062520,-0.048240
6.740000,-0.059930,-0.046311
6.750000,-0.057340,-0.044365
6.760000,-0.054750,-0.042402
6.770000,-0.052160,-0.040423
6.780000,-0.049570,-0.038430
6.790000,-0.046980,-0.036422
6.800000,-0.044390,-0.034400
6.810000,-0.041800,-0.032366
6.820000,-0.039210,-0.030320
6.830000,-0.036620,-0.028262
6.840000,-0.034030,-0.026194
6.850000,-0.031440,-0.024115
6.860000,-0.028850,-0.022028
6.870000,-0.026260,-0.019931
6.880000,-0.023670,-0.017827
6.890000,-0.021080,-0.015715
6.900000,-0.018490,-0.013596
6.910000,-0.015900,-0.011471
6.920000,-0.013310,-0.009340
6.930000,-0.010720,-0.007205
6.940000,-0.008130,-0.005064
6.950000,-0.005540,-0.002920
6.960000,-0.002950,-0.000773
6.970000,-0.000360,0.001377
6.980000,0.002230,0.003530
6.990000,0.004820,0.005684
7.000000,0.007410,0.007839
7.010000,0.010000,0.009995
7.020000,0.012590,0.012151
7.030000,0.015180,0.014306
7.040000,0.017770,0.016460
7.050000,0.020360,0.018613
7.060000,0.022950,0.020763
7.070000,0.025540,0.022910
7.080000,0.028130,0.025054
7.090000,0.030720,0.027194
7.100000,0.033310,0.029330
7.110000,0.035900,0.031460
7.120000,0.038490,0.033585
7.130000,0.041080,0.035703
7.140000,0.043670,0.037815
7.150000,0.046260,0.039919
7.160000,0.048850,0.042015
7.170000,0.051440,0.044102
7.180000,0.054030,0.046180
7.190000,0.056620,0.048248
7.200000,0.059210,0.050305
7.210000,0.061800,0.052351
7.220000,0.064390,0.054384
7.230000,0.066980,0.056405
7.240000,0.069570,0.058412
7.250000,0.072160,0.060405
7.260000,0.074750,0.062383
7.270000,0.077340,0.064346
7.280000,0.079930,0.066291
7.290000,0.082520,0.068219
7.300000,0.085110,0.070129
7.310000,0.087700,0.072020
7.320000,0.090290,0.073890
7.330000,0.092880,0.075740
7.340000,0.095470,0.077568
7.350000,0.098060,0.079372
7.360000,0.100650,0.081153
7.370000,0.103240,0.082909
7.380000,0.105830,0.084639
7.390000,0.108420,0.086342
7.400000,0.111010,0.088016
7.410000,0.113600,0.089661
7.420000,0.116190,0.091276
7.430000,0.118780,0.092858
7.440000,0.121370,0.094408
7.450000,0.123960,0.095923
7.460000,0.126550,0.097402
7.470000,0.129140,0.098844
7.480000,0.131730,0.100247
7.490000,0.134320,0.101610
7.500000,0.136910,0.102931
7.510000,0.139500,0.104211
7.520000,0.139500,0.105446
7.530000,0.139500,0.106640
7.540000,0.139500,0.107791
7.550000,0.139500,0.108902
7.560000,0.139500,0.109974
7.570000,0.139500,0.111009
7.580000,0.139500,0.112007
7.590000,0.139500,0.112970
7.600000,0.139500,0.113898
7.610000,0.139500,0.114794
7.620000,0.139500,0.115659
7.630000,0.139500,0.116493
7.640000,0.139500,0.117298
7.650000,0.139500,0.118074
7.660000,0.139500,0.118823
7.670000,0.139500,0.119545
7.680000,0.139500,0.120242
7.690000,0.139500,0.120914
7.700000,0.139500,0.121562
7.710000,0.139500,0.122188
7.720000,0.139500,0.122791
7.730000,0.139500,0.123373
7.740000,0.139500,0.123935
7.750000,0.139500,0.124476
7.760000,0.139500,0.124999
7.770000,0.139500,0.125502
7.780000,0.139500,0.125988
7.790000,0.139500,0.126457
7.800000,0.139500,0.126909
7.810000,0.139500,0.127345
7.820000,0.139500,0.127765
7.830000,0.139500,0.128171
7.840000,0.139500,0.128561
7.850000,0.139500,0.128938
7.860000,0.139500,0.129302
7.870000,0.139500,0.129652
7.880000,0.139500,0.129990
7.890000,0.139500,0.130316
7.900000,0.139500,0.130630
7.910000,0.139500,0.130932
7.920000,0.139500,0.131224
7.930000,0.139500,0.131505
7.940000,0.139500,0.131776
7.950000,0.139500,0.132037
7.960000,0.139500,0.132289
7.970000,0.139500,0.132531
7.980000,0.139500,0.132765
7.990000,0.139500,0.132989
8.000000,0.139500,0.133206
8.010000,0.139500,0.133414
8.020000,0.139500,0.133615
8.030000,0.139500,0.133808
8.040000,0.139500,0.133994
8.050000,0.139500,0.134173
8.060000,0.139500,0.134345
8.070000,0.139500,0.134511
8.080000,0.139500,0.134670
8.090000,0.139500,0.134823
8.100000,0.139500,0.134970
8.110000,0.139500,0.135112
8.120000,0.139500,0.135247
8.130000,0.139500,0.135378
8.140000,0.139500,0.135503
8.150000,0.139500,0.135623
8.160000,0.139500,0.135738
8.170000,0.139500,0.135848
8.180000,0.139500,0.135953
8.190000,0.139500,0.136054
8.200000,0.139500,0.136151
8.210000,0.139500,0.136243
8.220000,0.139500,0.136331
8.230000,0.139500,0.136415
8.240000,0.139500,0.136496
8.250000,0.139500,0.136572
8.260000,0.139500,0.136645
8.270000,0.139500,0.136714
8.280000,0.139500,0.136779
8.290000,0.139500,0.136841
8.300000,0.139500,0.136900
8.310000,0.139500,0.136955
8.320000,0.139500,0.137007
8.330000,0.139500,0.137056
8.340000,0.139500,0.137101
8.350000,0.139500,0.137144
8.360000,0.139500,0.137184
8.370000,0.139500,0.137221
8.380000,0.139500,0.137254
8.390000,0.139500,0.137285
8.400000,0.139500,0.137313
8.410000,0.139500,0.137339
8.420000,0.139500,0.137361
8.430000,0.139500,0.137381
8.440000,0.139500,0.137398
8.450000,0.139500,0.137413
8.460000,0.139500,0.137425
8.470000,0.139500,0.137434
8.480000,0.139500,0.137440
8.490000,0.139500,0.137444
8.500000,0.139500,0.137446
8.510000,0.139500,0.137444
8.520000,0.139500,0.137440
8.530000,0.139500,0.137434
8.540000,0.139500,0.137425
8.550000,0.139500,0.137413
8.560000,0.139500,0.137398
8.570000,0.139500,0.137381
8.580000,0.139500,0.137361
8.590000,0.139500,0.137338
8.600000,0.139500,0.137313
8.610000,0.139500,0.137285
8.620000,0.139500,0.137254
8.630000,0.139500,0.137220
8.640000,0.139500,0.137183
8.650000,0.139500,0.137144
8.660000,0.139500,0.137101
8.670000,0.139500,0.137055
8.680000,0.139500,0.137006
8.690000,0.139500,0.136954
8.700000,0.139500,0.136899
8.710000,0.139500,0.136840
8.720000,0.139500,0.136778
8.730000,0.139500,0.136712
8.740000,0.139500,0.136643
8.750000,0.139500,0.136571
8.760000,0.139500,0.136494
8.770000,0.139500,0.136414
8.780000,0.139500,0.136330
8.790000,0.139500,0.136241
8.800000,0.139500,0.136149
8.810000,0.139500,0.136052
8.820000,0.139500,0.135951
8.830000,0.139500,0.135845
8.840000,0.139500,0.135735
8.850000,0.139500,0.135620
8.860000,0.139500,0.135500
8.870000,0.139500,0.135375
8.880000,0.139500,0.135244
8.890000,0.139500,0.135108
8.900000,0.139500,0.134967
8.910000,0.139500,0.134820
8.920000,0.139500,0.134666
8.930000,0.139500,0.134507
8.940000,0.139500,0.134341
8.950000,0.139500,0.134169
8.960000,0.139500,0.133990
8.970000,0.139500,0.133803
8.980000,0.139500,0.133610
8.990000,0.139500,0.133409
9.000000,0.139500,0.133200
9.010000,0.139500,0.132983
9.020000,0.139500,0.132758
9.030000,0.139500,0.132524
9.040000,0.139500,0.132282
9.050000,0.139500,0.132030
9.060000,0.139500,0.131768
9.070000,0.139500,0.131497
9.080000,0.139500,0.131215
9.090000,0.139500,0.130923
9.100000,0.139500,0.130620
9.110000,0.139500,0.130306
9.120000,0.139500,0.129979
9.130000,0.139500,0.129641
9.140000,0.139500,0.129290
9.150000,0.139500,0.128926
9.160000,0.139500,0.128548
9.170000,0.139500,0.128157
9.180000,0.139500,0.127751
9.190000,0.139500,0.127330
9.200000,0.139500,0.126893
9.210000,0.139500,0.126440
9.220000,0.139500,0.125971
9.230000,0.139500,0.125484
9.240000,0.139500,0.124979
9.250000,0.139500,0.124456
9.260000,0.139500,0.123914
9.270000,0.139500,0.123351
9.280000,0.139500,0.122768
9.290000,0.139500,0.122164
9.300000,0.139500,0.121537
9.310000,0.139500,0.120888
9.320000,0.139500,0.120214
9.330000,0.139500,0.119516
9.340000,0.139500,0.118793
9.350000,0.139500,0.118042
9.360000,0.139500,0.117265
9.370000,0.139500,0.116459
9.380000,0.139500,0.115623
9.390000,0.139500,0.114757
9.400000,0.139500,0.113860
9.410000,0.139500,0.112929
9.420000,0.139500,0.111965
9.430000,0.139500,0.110965
9.440000,0.139500,0.109929
9.450000,0.139500,0.108855
9.460000,0.139500,0.107742
9.470000,0.139500,0.106588
9.480000,0.139500,0.105392
9.490000,0.139500,0.104152
9.500000,0.139500,0.102868
9.510000,0.139500,0.101538
9.520000,0.139500,0.100160
9.530000,0.133920,0.098735
9.540000,0.131130,0.097266
9.550000,0.128340,0.095752
9.560000,0.125550,0.094198
9.570000,0.122760,0.092602
9.580000,0.119970,0.090969
9.590000,0.117180,0.089298
9.600000,0.114390,0.087592
9.610000,0.111600,0.085851
9.620000,0.108810,0.084077
9.630000,0.106020,0.082272
9.640000,0.103230,0.080436
9.650000,0.100440,0.078571
9.660000,0.097650,0.076678
9.670000,0.094860,0.074759
9.680000,0.092070,0.072813
9.690000,0.089280,0.070844
9.700000,0.086490,0.068850
9.710000,0.083700,0.066834
9.720000,0.080910,0.064796
9.730000,0.078120,0.062738
9.740000,0.075330,0.060660
9.750000,0.072540,0.058563
9.760000,0.069750,0.056449
9.770000,0.066960,0.054317
9.780000,0.064170,0.052170
9.790000,0.061380,0.050007
9.800000,0.058590,0.047829
9.810000,0.055800,0.045638
9.820000,0.053010,0.043433
9.830000,0.050220,0.041217
9.840000,0.047430,0.038989
9.850000,0.044640,0.036750
9.860000,0.041850,0.034501
9.870000,0.039060,0.032243
9.880000,0.036270,0.029976
9.890000,0.033480,0.027701
9.900000,0.030690,0.025418
9.910000,0.027900,0.023129
9.920000,0.025110,0.020834
9.930000,0.022320,0.018533
9.940000,0.019530,0.016228
9.950000,0.016740,0.013918
9.960000,0.013950,0.011605
9.970000,0.011160,0.009288
9.980000,0.008370,0.006970
9.990000,0.005580,0.004649
10.000000,0.002790,0.002327
10.010000,0.000000,0.000005
10.020000,-0.002790,-0.002317
10.030000,-0.005580,-0.004639
10.040000,-0.008370,-0.006959
10.050000,-0.011160,-0.009278
10.060000,-0.013950,-0.011594
10.070000,-0.016740,-0.013907
10.080000,-0.019530,-0.016217
10.090000,-0.022320,-0.018522
10.100000,-0.025110,-0.020823
10.110000,-0.027900,-0.023118
10.120000,-0.030690,-0.025407
10.130000,-0.033480,-0.027689
10.140000,-0.036270,-0.029963
10.150000,-0.039060,-0.032230
10.160000,-0.041850,-0.034488
10.170000,-0.044640,-0.036736
10.180000,-0.047430,-0.038975
10.190000,-0.050220,-0.041202
10.200000,-0.053010,-0.043418
10.210000,-0.055800,-0.045622
10.220000,-0.058590,-0.047813
10.230000,-0.061380,-0.049990
10.240000,-0.064170,-0.052152
10.250000,-0.066960,-0.054299
10.260000,-0.069750,-0.056430
10.270000,-0.072540,-0.058544
10.280000,-0.075330,-0.060640
10.290000,-0.078120,-0.062717
10.300000,-0.080910,-0.064774
10.310000,-0.083700,-0.066811
10.320000,-0.086490,-0.068826
10.330000,-0.089280,-0.070819
10.340000,-0.092070,-0.072788
10.350000,-0.094860,-0.074732
10.360000,-0.097650,-0.076651
10.370000,-0.100440,-0.078543
10.380000,-0.103230,-0.080406
10.390000,-0.106020,-0.082241
10.400000,-0.108810,-0.084045
10.410000,-0.111600,-0.085817
10.420000,-0.114390,-0.087556
10.430000,-0.117180,-0.089262
10.440000,-0.119970,-0.090931
10.450000,-0.122760,-0.092563
10.460000,-0.125550,-0.094157
10.470000,-0.128340,-0.095710
10.480000,-0.131130,-0.097222
10.490000,-0.133920,-0.098690
10.500000,-0.136710,-0.100114
10.510000,-0.139500,-0.101492
10.520000,-0.139500,-0.102824
10.530000,-0.139500,-0.104110
10.540000,-0.139500,-0.105351
10.550000,-0.139500,-0.106548
10.560000,-0.139500,-0.107703
10.570000,-0.139500,-0.108818
10.580000,-0.139500,-0.109893
10.590000,-0.139500,-0.110931
10.600000,-0.139500,-0.111932
10.610000,-0.139500,-0.112897
10.620000,-0.139500,-0.113829
10.630000,-0.139500,-0.114728
10.640000,-0.139500,-0.115595
10.650000,-0.139500,-0.116432
10.660000,-0.139500,-0.117239
10.670000,-0.139500,-0.118017
10.680000,-0.139500,-0.118768
10.690000,-0.139500,-0.119493
10.700000,-0.139500,-0.120192
10.710000,-0.139500,-0.120866
10.720000,-0.139500,-0.121517
10.730000,-0.139500,-0.122144
10.740000,-0.139500,-0.122750
10.750000,-0.139500,-0.123334
10.760000,-0.139500,-0.123897
10.770000,-0.139500,-0.124440
10.780000,-0.139500,-0.124964
10.790000,-0.139500,-0.125470
10.800000,-0.139500,-0.125957
10.810000,-0.139500,-0.126427
10.820000,-0.139500,-0.126881
10.830000,-0.139500,-0.127318
10.840000,-0.139500,-0.127740
10.850000,-0.139500,-0.128147
10.860000,-0.139500,-0.128539
10.870000,-0.139500,-0.128918
10.880000,-0.139500,-0.129282
10.890000,-0.139500,-0.129634
10.900000,-0.139500,-0.129973
10.910000,-0.139500,-0.130300
10.920000,-0.139500,-0.130616
10.930000,-0.139500,-0.130919
10.940000,-0.139500,-0.131212
10.950000,-0.139500,-0.131495
10.960000,-0.139500,-0.131767
10.970000,-0.139500,-0.132029
10.980000,-0.139500,-0.132282
10.990000,-0.139500,-0.132525
11.000000,-0.139500,-0.132760
11.010000,-0.139500,-0.132986
11.020000,-0.139500,-0.133203
11.030000,-0.139500,-0.133413
11.040000,-0.139500,-0.133615
11.050000,-0.139500,-0.133809
11.060000,-0.139500,-0.133996
11.070000,-0.139500,-0.134176
11.080000,-0.139500,-0.134349
11.090000,-0.139500,-0.134516
11.100000,-0.139500,-0.134676
11.110000,-0.139500,-0.134830
11.120000,-0.139500,-0.134979
11.130000,-0.139500,-0.135121
11.140000,-0.139500,-0.135258
11.150000,-0.139500,-0.135389
11.160000,-0.139500,-0.135515
11.170000,-0.139500,-0.135637
11.180000,-0.139500,-0.135753
11.190000,-0.139500,-0.135864
11.200000,-0.139500,-0.135971
11.210000,-0.139500,-0.136073
11.220000,-0.139500,-0.136171
11.230000,-0.139500,-0.136265
11.240000,-0.139500,-0.136354
11.250000,-0.139500,-0.136440
11.260000,-0.139500,-0.136521
11.270000,-0.139500,-0.136599
11.280000,-0.139500,-0.136673
11.290000,-0.139500,-0.136744
11.300000,-0.139500,-0.136811
11.310000,-0.139500,-0.136874
11.320000,-0.139500,-0.136934
11.330000,-0.139500,-0.136991
11.340000,-0.139500,-0.137045
11.350000,-0.139500,-0.137096
11.360000,-0.139500,-0.137143
11.370000,-0.139500,-0.137188
11.380000,-0.139500,-0.137229
11.390000,-0.139500,-0.137268
11.400000,-0.139500,-0.137304
11.410000,-0.139500,-0.137337
11.420000,-0.139500,-0.137367
11.430000,-0.139500,-0.137395
11.440000,-0.139500,-0.137420
11.450000,-0.139500,-0.137442
11.460000,-0.139500,-0.137461
11.470000,-0.139500,-0.137478
11.480000,-0.139500,-0.137493
11.490000,-0.139500,-0.137505
11.500000,-0.139500,-0.137514
11.510000,-0.139500,-0.137521
11.520000,-0.139500,-0.137525
11.530000,-0.139500,-0.137527
11.540000,-0.139500,-0.137526
11.550000,-0.139500,-0.137523
11.560000,-0.139500,-0.137517
11.570000,-0.139500,-0.137509
11.580000,-0.139500,-0.137498
11.590000,-0.139500,-0.137485
11.600000,-0.139500,-0.137469
11.610000,-0.139500,-0.137450
11.620000,-0.139500,-0.137429
11.630000,-0.139500,-0.137405
11.640000,-0.139500,-0.137379
11.650000,-0.139500,-0.137349
11.660000,-0.139500,-0.137317
11.670000,-0.139500,-0.137283
11.680000,-0.139500,-0.137245
11.690000,-0.139500,-0.137205
11.700000,-0.139500,-0.137161
11.710000,-0.139500,-0.137115
11.720000,-0.139500,-0.137066
11.730000,-0.139500,-0.137013
11.740000,-0.139500,-0.136958
11.750000,-0.139500,-0.136899
11.760000,-0.139500,-0.136836
11.770000,-0.139500,-0.136771
11.780000,-0.139500,-0.136702
11.790000,-0.139500,-0.136629
11.800000,-0.139500,-0.136553
11.810000,-0.139500,-0.136473
11.820000,-0.139500,-0.136389
11.830000,-0.139500,-0.136301
11.840000,-0.139500,-0.136209
11.850000,-0.139500,-0.136113
11.860000,-0.139500,-0.136012
11.870000,-0.139500,-0.135907
11.880000,-0.139500,-0.135797
11.890000,-0.139500,-0.135683
11.900000,-0.139500,-0.135564
11.910000,-0.139500,-0.135440
11.920000,-0.139500,-0.135310
11.930000,-0.139500,-0.135176
11.940000,-0.139500,-0.135035
11.950000,-0.139500,-0.134889
11.960000,-0.139500,-0.134738
11.970000,-0.139500,-0.134580
11.980000,-0.139500,-0.134415
11.990000,-0.139500,-0.134245
12.000000,-0.139500,-0.134067
12.010000,-0.139500,-0.133883
12.020000,-0.139500,-0.133691
12.030000,-0.139500,-0.133492
12.040000,-0.139500,-0.133286
12.050000,-0.139500,-0.133071
12.060000,-0.139500,-0.132848
12.070000,-0.139500,-0.132617
12.080000,-0.139500,-0.132377
12.090000,-0.139500,-0.132128
12.100000,-0.139500,-0.131869
12.110000,-0.139500,-0.131601
12.120000,-0.139500,-0.131322
12.130000,-0.139500,-0.131033
12.140000,-0.139500,-0.130734
12.150000,-0.139500,-0.130423
12.160000,-0.139500,-0.130100
12.170000,-0.139500,-0.129765
12.180000,-0.139500,-0.129418
12.190000,-0.139500,-0.129059
12.200000,-0.139500,-0.128685
12.210000,-0.139500,-0.128298
12.220000,-0.139500,-0.127897
12.230000,-0.139500,-0.127480
12.240000,-0.139500,-0.127049
12.250000,-0.139500,-0.126601
12.260000,-0.139500,-0.126137
12.270000,-0.139500,-0.125656
12.280000,-0.139500,-0.125157
12.290000,-0.139500,-0.124640
12.300000,-0.139500,-0.124104
12.310000,-0.139500,-0.123548
12.320000,-0.139500,-0.122972
12.330000,-0.139500,-0.122374
12.340000,-0.139500,-0.121755
12.350000,-0.139500,-0.121113
12.360000,-0.139500,-0.120447
12.370000,-0.139500,-0.119757
12.380000,-0.139500,-0.119042
12.390000,-0.139500,-0.118301
12.400000,-0.139500,-0.117532
12.410000,-0.139500,-0.116735
12.420000,-0.139500,-0.115910
12.430000,-0.139500,-0.115054
12.440000,-0.139500,-0.114166
12.450000,-0.139500,-0.113247
12.460000,-0.139500,-0.112293
12.470000,-0.139500,-0.111305
12.480000,-0.139500,-0.110281
12.490000,-0.139500,-0.109220
12.500000,-0.139500,-0.108120
12.510000,-0.139500,-0.106981
12.520000,-0.139500,-0.105802
12.530000,-0.133920,-0.104582
12.540000,-0.131130,-0.103325
12.550000,-0.128340,-0.102033
12.560000,-0.125550,-0.100707
12.570000,-0.122760,-0.099348
12.580000,-0.119970,-0.097960
12.590000,-0.117180,-0.096544
12.600000,-0.114390,-0.095101
12.610000,-0.111600,-0.093634
12.620000,-0.108810,-0.092144
12.630000,-0.106020,-0.090632
12.640000,-0.103230,-0.089101
12.650000,-0.100440,-0.087551
12.660000,-0.097650,-0.085985
12.670000,-0.094860,-0.084405
12.680000,-0.092070,-0.082810
12.690000,-0.089280,-0.081204
12.700000,-0.086490,-0.079588
12.710000,-0.083700,-0.077963
12.720000,-0.080910,-0.076330
12.730000,-0.078120,-0.074692
12.740000,-0.075330,-0.073049
12.750000,-0.072540,-0.071403
12.760000,-0.069750,-0.069756
12.770000,-0.066960,-0.068109
12.780000,-0.064170,-0.066463
12.790000,-0.061380,-0.064820
12.800000,-0.058590,-0.063182
12.810000,-0.055800,-0.061550
12.820000,-0.053010,-0.059925
12.830000,-0.050220,-0.058308
12.840000,-0.047430,-0.056703
12.850000,-0.044640,-0.055109
12.860000,-0.041850,-0.053528
12.870000,-0.039060,-0.051962
12.880000,-0.036270,-0.050413
12.890000,-0.033480,-0.048882
12.900000,-0.030690,-0.047371
12.910000,-0.027900,-0.045881
12.920000,-0.025110,-0.044414
12.930000,-0.022320,-0.042972
12.940000,-0.019530,-0.041556
12.950000,-0.016740,-0.040169
12.960000,-0.013950,-0.038811
12.970000,-0.011160,-0.037486
12.980000,-0.008370,-0.036193
12.990000,-0.005580,-0.034937
13.000000,-0.002790,-0.033717
13.010000,-0.000000,-0.032536
13.020000,0.000000,-0.031395
13.030000,0.000000,-0.030292
13.040000,0.000000,-0.029228
13.050000,0.000000,-0.028202
13.060000,0.000000,-0.027211
13.070000,0.000000,-0.026255
13.080000,0.000000,-0.025333
13.090000,0.000000,-0.024443
13.100000,0.000000,-0.023584
13.110000,0.000000,-0.022756
13.120000,0.000000,-0.021956
13.130000,0.000000,-0.021185
13.140000,0.000000,-0.020441
13.150000,0.000000,-0.019723
13.160000,0.000000,-0.019030
13.170000,0.000000,-0.018362
13.180000,0.000000,-0.017717
13.190000,0.000000,-0.017095
13.200000,0.000000,-0.016494
13.210000,0.000000,-0.015915
13.220000,0.000000,-0.015356
13.230000,0.000000,-0.014817
13.240000,0.000000,-0.014297
13.250000,0.000000,-0.013795
13.260000,0.000000,-0.013310
13.270000,0.000000,-0.012843
13.280000,0.000000,-0.012392
13.290000,0.000000,-0.011957
13.300000,0.000000,-0.011537
13.310000,0.000000,-0.011132
13.320000,0.000000,-0.010741
13.330000,0.000000,-0.010364
13.340000,0.000000,-0.010000
13.350000,0.000000,-0.009649
13.360000,0.000000,-0.009310
13.370000,0.000000,-0.008984
13.380000,0.000000,-0.008668
13.390000,0.000000,-0.008364
13.400000,0.000000,-0.008070
13.410000,0.000000,-0.007787
13.420000,0.000000,-0.007514
13.430000,0.000000,-0.007250
13.440000,0.000000,-0.006996
13.450000,0.000000,-0.006750
13.460000,0.000000,-0.006513
13.470000,0.000000,-0.006285
13.480000,0.000000,-0.006064
13.490000,0.000000,-0.005851
13.500000,0.000000,-0.005646
13.510000,0.000000,-0.005448
13.520000,0.000000,-0.005257
13.530000,0.000000,-0.005072
13.540000,0.000000,-0.004894
13.550000,0.000000,-0.004722
13.560000,0.000000,-0.004557
13.570000,0.000000,-0.004397
13.580000,0.000000,-0.004243
13.590000,0.000000,-0.004094
13.600000,0.000000,-0.003950
13.610000,0.000000,-0.003812
13.620000,0.000000,-0.003678
13.630000,0.000000,-0.003549
13.640000,0.000000,-0.003424
13.650000,0.000000,-0.003304
13.660000,0.000000,-0.003188
13.670000,0.000000,-0.003076
13.680000,0.000000,-0.002969
13.690000,0.000000,-0.002864
13.700000,0.000000,-0.002764
13.710000,0.000000,-0.002667
13.720000,0.000000,-0.002574
13.730000,0.000000,-0.002483
13.740000,0.000000,-0.002396
13.750000,0.000000,-0.002312
13.760000,0.000000,-0.002231
13.770000,0.000000,-0.002153
13.780000,0.000000,-0.002077
13.790000,0.000000,-0.002004
13.800000,0.000000,-0.001934
13.810000,0.000000,-0.001866
13.820000,0.000000,-0.001801
13.830000,0.000000,-0.001738
13.840000,0.000000,-0.001677
13.850000,0.000000,-0.001618
13.860000,0.000000,-0.001561
13.870000,0.000000,-0.001507
13.880000,0.000000,-0.001454
13.890000,0.000000,-0.001403
13.900000,0.000000,-0.001354
13.910000,0.000000,-0.001306
13.920000,0.000000,-0.001260
13.930000,0.000000,-0.001216
13.940000,0.000000,-0.001174
13.950000,0.000000,-0.001132
13.960000,0.000000,-0.001093
13.970000,0.000000,-0.001054
13.980000,0.000000,-0.001018
13.990000,0.000000,-0.000982
14.000000,0.000000,-0.000947
14.010000,0.000000,-0.000914
14.020000,0.000000,-0.000882
14.030000,0.000000,-0.000851
14.040000,0.000000,-0.000821
14.050000,0.000000,-0.000793
14.060000,0.000000,-0.000765
14.070000,0.000000,-0.000738
14.080000,0.000000,-0.000712
14.090000,0.000000,-0.000687
14.100000,0.000000,-0.000663
14.110000,0.000000,-0.000640
14.120000,0.000000,-0.000618
14.130000,0.000000,-0.000596
14.140000,0.000000,-0.000575
14.150000,0.000000,-0.000555
14.160000,0.000000,-0.000535
14.170000,0.000000,-0.000517
14.180000,0.000000,-0.000499
14.190000,0.000000,-0.000481
14.200000,0.000000,-0.000464
14.210000,0.000000,-0.000448
14.220000,0.000000,-0.000432
14.230000,0.000000,-0.000417
14.240000,0.000000,-0.000403
14.250000,0.000000,-0.000388
14.260000,0.000000,-0.000375
14.270000,0.000000,-0.000362
14.280000,0.000000,-0.000349
14.290000,0.000000,-0.000337
14.300000,0.000000,-0.000325
14.310000,0.000000,-0.000314
14.320000,0.000000,-0.000303
14.330000,0.000000,-0.000292
14.340000,0.000000,-0.000282
14.350000,0.000000,-0.000272
14.360000,0.000000,-0.000262
14.370000,0.000000,-0.000253
14.380000,0.000000,-0.000244
14.390000,0.000000,-0.000236
14.400000,0.000000,-0.000228
14.410000,0.000000,-0.000220
14.420000,0.000000,-0.000212
14.430000,0.000000,-0.000205
14.440000,0.000000,-0.000197
14.450000,0.000000,-0.000190
14.460000,0.000000,-0.000184
14.470000,0.000000,-0.000177
14.480000,0.000000,-0.000171
14.490000,0.000000,-0.000165
14.500000,0.000000,-0.000159
14.510000,0.000000,-0.000154
14.520000,0.000000,-0.000148
14.530000,0.000000,-0.000143
14.540000,0.000000,-0.000138
14.550000,0.000000,-0.000133
14.560000,0.000000,-0.000129
14.570000,0.000000,-0.000124
14.580000,0.000000,-0.000120
14.590000,0.000000,-0.000116
14.600000,0.000000,-0.000112
14.610000,0.000000,-0.000108
14.620000,0.000000,-0.000104
14.630000,0.000000,-0.000100
14.640000,0.000000,-0.000097
14.650000,0.000000,-0.000093
14.660000,0.000000,-0.000090
14.670000,0.000000,-0.000087
14.680000,0.000000,-0.000084
14.690000,0.000000,-0.000081
14.700000,0.000000,-0.000078
14.710000,0.000000,-0.000075
14.720000,0.000000,-0.000073
14.730000,0.000000,-0.000070
14.740000,0.000000,-0.000068
14.750000,0.000000,-0.000065
14.760000,0.000000,-0.000063
14.770000,0.000000,-0.000061
14.780000,0.000000,-0.000059
14.790000,0.000000,-0.000057
14.800000,0.000000,-0.000055
14.810000,0.000000,-0.000053
14.820000,0.000000,-0.000051
14.830000,0.000000,-0.000049
14.840000,0.000000,-0.000047
14.850000,0.000000,-0.000046
14.860000,0.000000,-0.000044
14.870000,0.000000,-0.000043
14.880000,0.000000,-0.000041
14.890000,0.000000,-0.000040
14.900000,0.000000,-0.000038
14.910000,0.000000,-0.000037
14.920000,0.000000,-0.000036
14.930000,0.000000,-0.000034
14.940000,0.000000,-0.000033
14.950000,0.000000,-0.000032
14.960000,0.000000,-0.000031
14.970000,0.000000,-0.000030
14.980000,0.000000,-0.000029
14.990000,0.000000,-0.000028
15.000000,0.000000,-0.000027
15.010000,0.000000,-0.000026
