0.00 -0.67 3.56 -37.03 0.80 0.52 -0.12   37.00 -2.58 -123.38 -0.14 -1.08 0.79
0.41 0.36 4.09 -18.45 0.75 0.52 -0.19   -9.37 -15.09 -168.15 -0.12 1.28 1.01
0.81 0.36 4.09 -18.45 0.75 0.52 -0.19   -18.34 -2.53 -105.94 0.17 1.21 -0.21
1.21 0.36 4.09 -18.45 0.75 0.52 -0.19   -10.68 0.12 49.80 -0.03 0.17 -0.67
1.61 0.36 4.09 -18.45 0.75 0.52 -0.19   -14.56 12.31 207.33 0.50 -0.48 -1.99
2.02 0.36 4.09 -18.45 0.75 0.52 -0.19   -9.94 34.12 188.10 0.83 -0.94 -2.34
2.42 0.36 4.09 -18.45 0.75 0.52 -0.19   11.31 25.12 -78.19 0.43 -1.10 0.30
2.82 0.36 4.09 -18.45 0.75 0.52 -0.19   14.38 19.39 -75.70 0.13 -0.93 0.29
3.22 0.36 4.09 -18.45 0.75 0.52 -0.19   11.89 22.72 -182.20 -1.06 -2.93 -0.37
3.63 0.36 4.09 -18.45 0.75 0.52 -0.19   -10.16 30.37 65.36 0.28 -1.13 -0.70
4.03 0.36 4.09 -18.45 0.75 0.52 -0.19   3.37 30.41 84.73 0.22 -1.14 -0.97
4.43 2.10 0.06 -40.27 0.71 0.54 0.00   34.18 18.04 -74.05 -0.04 -1.56 0.28
4.83 -0.27 -0.42 -49.79 0.65 0.59 0.09   32.25 15.40 -24.47 0.08 -1.51 -0.47
5.23 2.53 2.31 -42.44 0.91 0.51 0.00   12.20 9.83 -256.73 0.42 -0.91 1.54
5.63 2.54 -8.28 -107.95 -0.56 1.06 0.08   -29.77 6.52 92.30 0.31 0.22 -0.71
6.03 -6.12 -16.07 -187.42 -2.46 2.16 0.13   -29.57 -7.13 35.66 0.40 1.18 0.14
6.43 3.25 -2.25 -56.33 0.67 0.51 0.08   -9.91 -16.06 29.92 -1.86 0.23 1.11
6.84 1.09 2.74 -41.79 0.93 0.47 0.01   -5.31 -20.74 -117.56 -0.41 0.32 1.56
7.24 0.23 1.46 -46.74 0.72 0.53 0.11   -11.43 -21.33 -96.58 -0.21 0.22 1.70
7.64 1.74 -1.70 -63.34 0.38 0.67 0.12   -29.60 -10.53 -164.06 0.11 0.55 1.87
8.04 5.88 -0.37 -47.06 0.69 0.47 0.13   -11.81 -23.28 -178.34 -0.25 1.20 1.83
8.45 4.99 4.86 -43.07 0.81 0.45 0.03   13.77 -27.46 -251.94 -0.56 0.88 2.68
8.85 4.59 1.77 -43.85 0.78 0.45 0.02   9.43 -34.78 -243.80 -0.51 0.72 2.53
9.25 5.27 -0.54 -52.86 0.77 0.51 0.06   7.67 -27.59 -263.90 -0.16 -0.09 2.91
9.65 1.43 2.31 -46.41 0.86 0.47 0.13   -10.78 -15.81 -244.05 0.07 0.12 2.22
10.05 2.38 -1.16 -42.58 0.64 0.41 0.07   -14.20 -18.42 -347.22 0.55 1.21 2.25
10.45 2.79 2.29 -53.21 0.77 0.55 0.12   -6.76 -18.95 -278.89 -0.16 1.24 2.12
10.86 0.91 0.60 -54.15 0.57 0.41 0.00   2.03 -24.98 -234.73 -0.18 0.76 2.43
11.26 3.18 3.56 -38.35 0.84 0.50 0.00   1.22 -26.25 -208.42 0.07 0.53 2.22
11.66 0.14 1.24 -39.01 0.88 0.65 0.04   -2.49 -17.25 -212.62 -0.37 0.08 2.40
12.06 5.72 1.17 -45.61 0.67 0.43 0.11   -15.04 -18.13 -260.90 -0.40 0.38 2.54
12.46 5.59 3.42 -41.82 0.83 0.58 0.10   -20.49 -24.49 -304.91 -0.37 1.56 2.72
12.87 0.52 3.24 -32.28 0.70 0.62 -0.09   1.46 -35.00 -215.08 -0.83 1.01 2.52
13.27 5.38 -0.06 -59.52 0.79 0.49 0.08   -4.90 -35.27 -135.41 -0.42 0.81 2.08
13.67 2.46 3.37 -47.25 0.87 0.56 0.05   -9.70 -21.79 -54.86 0.00 0.11 1.74
14.07 5.88 -0.74 -44.51 0.75 0.26 0.07   -24.21 -10.26 -71.52 -0.38 0.45 1.15
14.47 -0.25 3.14 -44.96 0.76 0.50 0.07   -20.85 -4.43 -17.59 0.12 0.47 0.02
14.87 0.53 -0.74 -32.00 0.66 0.60 -0.05   0.98 -13.56 -80.07 0.01 0.95 -0.02
15.28 2.98 2.56 -42.49 0.70 0.56 0.01   -11.17 1.26 116.54 0.41 0.29 -0.62
15.68 5.74 3.49 -42.15 0.90 0.48 0.07   -4.94 13.98 267.03 0.14 -0.49 -1.94
16.08 4.63 1.21 -44.75 0.79 0.46 0.05   -7.85 5.83 200.03 0.30 -0.35 -1.49
16.48 1.83 1.79 -46.23 0.81 0.49 0.07   2.45 23.65 11.04 0.09 -0.74 -0.50
16.89 2.25 4.66 -42.62 0.82 0.63 0.12   61.23 -9.90 -259.57 0.23 -1.93 1.76
17.29 5.24 0.04 -32.15 0.70 0.45 -0.03   70.42 -21.66 -261.80 -0.32 -1.13 0.69
17.69 9.51 3.45 -53.98 1.21 0.42 0.03   23.38 8.52 -18.27 0.05 -1.15 -0.43
18.09 2.39 3.25 -46.77 0.85 0.55 0.08   28.25 4.66 -8.55 -0.36 -1.36 -0.43
18.49 10.90 -3.16 -28.28 0.63 0.39 -0.23   -17.05 -5.56 160.52 0.18 0.38 -1.20
18.89 2.98 -0.35 -44.96 0.65 0.50 0.01   -21.61 -8.00 86.97 0.38 0.54 -0.46
19.29 4.56 -0.19 -44.63 0.72 0.48 -0.01   -22.97 -5.66 130.27 0.52 0.47 -0.59
19.69 4.10 1.06 -39.84 0.77 0.49 -0.04   -22.20 -6.06 164.86 0.30 0.76 -0.76
20.09 -1.03 -0.03 -37.46 0.79 0.54 -0.05   -22.78 -3.53 159.69 -0.01 0.75 -1.20
20.49 5.96 2.85 -47.19 0.80 0.43 0.21   -27.05 -3.79 63.22 -0.06 0.48 -0.72
