1371713838.864494 1.536524 -0.219509 0.008793 -0.001648
1371713838.906934 1.541619 -0.220642 0.000000 0.000000
1371713838.931813 1.538552 -0.219845 -0.092004 0.023915
1371713838.966755 1.538552 -0.219845 -0.092004 0.023915
1371713838.999414 1.537421 -0.219476 0.000000 0.000000
1371713839.033437 1.538681 -0.218200 0.037778 0.038284
1371713839.066986 1.536542 -0.219277 -0.002478 0.002816
1371713839.101514 1.532792 -0.217794 -0.032187 0.015446
1371713839.132225 1.528937 -0.218438 -0.050244 0.010169
1371713839.168523 1.531327 -0.216832 -0.044240 0.015138
1371713839.203137 1.526239 -0.217210 -0.049980 0.013247
1371713839.239626 1.539348 -0.220626 -0.020027 -0.023126
1371713839.269161 1.534860 -0.219570 -0.012579 -0.022144
1371713839.302229 1.533348 -0.217740 -0.011722 -0.003619
1371713839.336778 1.536563 -0.219011 -0.003823 -0.006477
1371713839.376374 1.537869 -0.218841 0.003386 -0.005798
1371713839.400374 1.539348 -0.220626 0.011764 -0.016814
1371713839.438333 1.524364 -0.217141 -0.011024 0.017446
1371713839.470230 1.529723 -0.219214 -0.013979 0.008198
1371713839.507096 1.533787 -0.220251 -0.007993 -0.007680
1371713839.537566 1.536657 -0.217814 -0.001261 0.001851
1371713839.580072 1.540847 -0.220136 0.012563 -0.012958
1371713839.603446 1.542605 -0.220767 0.023908 -0.020628
1371713839.640424 1.537236 -0.220319 0.020353 -0.011215
1371713839.672357 1.533316 -0.218138 0.008797 0.012758
1371713839.709470 1.526973 -0.217611 -0.009509 0.027413
1371713839.735435 1.528565 -0.218242 -0.017139 0.020805
1371713839.781321 1.534022 -0.217249 -0.012833 0.015467
1371713839.805031 1.532734 -0.218537 -0.010165 0.002100
1371713839.842355 1.538017 -0.219019 0.000843 -0.010877
1371713839.874445 1.535653 -0.219220 0.003839 -0.012842
1371713839.910426 1.537989 -0.219369 0.009299 -0.013246
1371713839.940095 1.528409 -0.217618 -0.005096 0.008646
1371713839.974386 1.536532 -0.219409 0.001287 -0.003077
1371713840.012408 1.537265 -0.219946 0.006679 -0.010927
1371713840.040742 1.525290 -0.218168 -0.012002 0.009356
1371713840.078994 1.535663 -0.217011 -0.006531 0.014432
1371713840.106006 1.537300 -0.218334 0.001849 0.003355
1371713840.141380 1.537265 -0.219946 0.008322 -0.012151
1371713840.173205 1.534406 -0.216899 0.004445 0.007141
1371713840.208966 1.523798 -0.216351 -0.015864 0.024627
1371713840.245671 1.526239 -0.217210 -0.022843 0.017364
1371713840.274817 1.524699 -0.217362 -0.028747 0.009845
1371713840.312238 1.537411 -0.218084 -0.009672 -0.010251
1371713840.355493 1.535820 -0.218607 0.000828 -0.017885
1371713840.381501 1.538017 -0.219019 0.011246 -0.020851
1371713840.419395 1.535849 -0.218235 0.013049 -0.009922
1371713840.448231 1.542980 -0.219894 0.026813 -0.019118
1371713840.481261 1.535197 -0.217906 0.019659 0.001501
1371713840.520027 1.534860 -0.219570 0.015147 -0.001216
1371713840.552524 1.533922 -0.218535 0.008722 0.005697
1371713840.586750 1.539810 -0.218121 0.013726 0.005648
1371713840.619092 1.534261 -0.218758 0.007775 0.004693
1371713840.656165 1.534261 -0.218758 0.007775 0.004693
1371713840.687973 1.536524 -0.219509 0.000000 0.000000
1371713840.719952 1.537522 -0.218187 0.029947 0.039673
1371713840.760103 1.529723 -0.219214 -0.076543 0.007056
1371713840.784675 1.539348 -0.220626 -0.005798 -0.019490
1371713840.819380 1.536563 -0.219011 -0.002149 -0.005323
1371713840.856224 1.534860 -0.219570 -0.005776 -0.002892
1371713840.888353 1.539348 -0.220626 0.004710 -0.011449
1371713840.925102 1.536551 -0.219160 0.002438 -0.000308
1371713840.957606 1.539886 -0.219087 0.007279 0.002318
1371713840.992910 1.527097 -0.216025 -0.014107 0.032860
1371713841.029338 1.534681 -0.219846 -0.009782 0.005684
1371713841.058674 1.534261 -0.218758 -0.008861 0.000947
1371713841.090136 1.534860 -0.219570 -0.006348 -0.007187
1371713841.127793 1.541011 -0.218036 0.004045 -0.003181
1371713841.157646 1.535820 -0.218607 0.003145 -0.000353
1371713841.190506 1.527753 -0.217429 -0.011807 0.014643
1371713841.228482 1.531760 -0.219510 -0.012293 -0.000309
1371713841.258241 1.532262 -0.216995 -0.013586 0.009814
1371713841.291463 1.535849 -0.218235 -0.006223 0.000466
1371713841.330573 1.529211 -0.218390 -0.012154 0.000541
1371713841.358224 1.525290 -0.218168 -0.022333 0.004241
1371713841.395470 1.537489 -0.218617 -0.007167 -0.008000
1371713841.427142 1.526174 -0.216539 -0.017342 0.011385
1371713841.465147 1.538207 -0.219249 -0.000263 -0.010979
1371713841.495650 1.537274 -0.218662 0.008399 -0.012299
1371713841.541238 1.542786 -0.218458 0.022549 -0.012142
1371713841.564699 1.528627 -0.217449 0.006399 0.008760
1371713841.600664 1.537265 -0.219946 0.012354 -0.008234
1371713841.633541 1.538681 -0.218200 0.015938 -0.002130
1371713841.668931 1.530702 -0.218981 0.004922 0.001940
1371713841.698556 1.520924 -0.216213 -0.021254 0.028421
1371713841.744257 1.537382 -0.218456 -0.007129 0.004203
1371713841.768053 1.525290 -0.218168 -0.018267 0.004571
1371713841.805081 1.529211 -0.218390 -0.018037 -0.001553
1371713841.835675 1.534261 -0.218758 -0.008491 -0.010203
1371713841.867644 1.539348 -0.220626 0.007814 -0.027340
1371713841.900624 1.540347 -0.220300 0.018699 -0.025870
1371713841.944747 1.537382 -0.218456 0.018435 -0.004209
1371713841.968268 1.539348 -0.220626 0.022851 -0.010000
1371713842.003996 1.531565 -0.217793 0.009097 0.015164
1371713842.041622 1.535197 -0.217906 0.006656 0.018105
1371713842.070028 1.538888 -0.219051 0.012132 0.005065
1371713842.102966 1.538552 -0.219845 0.014853 -0.005824
1371713842.148961 1.528409 -0.217618 -0.003339 0.013781
1371713842.172639 1.534985 -0.217976 -0.003252 0.010537
1371713842.209941 1.539458 -0.219228 0.005459 -0.004718
1371713842.240995 1.535936 -0.217119 0.003078 0.007251
1371713842.272959 1.538552 -0.219845 0.008287 -0.009582
1371713842.307730 1.538552 -0.219845 0.008287 -0.009582
1371713842.338719 1.526934 -0.218106 0.000000 0.000000
1371713842.379758 1.536688 -0.217415 0.292547 0.020731
1371713842.418584 1.535686 -0.218791 0.162137 -0.006371
1371713842.441263 1.526942 -0.218007 0.052299 0.008357
1371713842.480237 1.533922 -0.218535 0.050950 0.001794
1371713842.549605 1.538552 -0.219845 0.060341 -0.011448
1371713842.576374 1.530255 -0.217684 0.037453 0.007530
1371713842.649143 1.539194 -0.219733 0.043880 -0.006005
1371713842.687829 1.537522 -0.218187 0.040204 0.002552
1371713842.710441 1.546255 -0.219737 0.051879 -0.010263
1371713842.747605 1.536732 -0.216856 0.038260 0.014560
1371713842.816513 1.534056 -0.216820 0.023967 0.023854
1371713842.844129 1.526085 -0.215624 -0.000076 0.036069
1371713842.915572 1.537794 -0.216803 0.004635 0.015615
1371713842.945229 1.541992 -0.217404 0.014453 -0.002796
1371713843.018205 1.535783 -0.215489 0.008140 0.008363
1371713843.045239 1.530351 -0.216191 -0.004624 0.010149
1371713843.083362 1.538137 -0.215425 -0.000491 0.007477
1371713843.112851 1.541992 -0.217404 0.010316 -0.010993
1371713843.145160 1.543273 -0.216155 0.017428 -0.007926
1371713843.179495 1.543224 -0.216779 0.021703 -0.008336
1371713843.216475 1.536907 -0.214622 0.011218 0.012891
1371713843.244098 1.541851 -0.215324 0.013232 0.010193
1371713843.279684 1.538137 -0.215425 0.007914 0.009214
1371713843.313989 1.541432 -0.216397 0.010163 -0.002046
1371713843.348034 1.543273 -0.216155 0.013507 -0.005500
1371713843.383134 1.532986 -0.215318 -0.002998 0.007725
1371713843.412990 1.527206 -0.214637 -0.023704 0.019228
1371713843.446203 1.525307 -0.215379 -0.038352 0.014548
1371713843.479625 1.540822 -0.214234 -0.021261 0.004511
1371713843.513779 1.533040 -0.214330 -0.021261 0.004511
1371713843.555699 1.532332 -0.214180 -0.021261 0.004511
1371713843.920677 1.531184 -0.224265 0.000000 0.000000
1371713843.953481 1.536344 -0.221803 0.154758 0.073843
1371713843.985668 1.531142 -0.220968 0.028735 0.053574
1371713844.034628 1.540369 -0.220020 0.070749 0.038512
1371713844.055589 1.533989 -0.217677 0.042157 0.048608
1371713844.098009 1.539348 -0.220626 0.047885 0.017136
1371713844.125599 1.539348 -0.220626 0.047885 0.017136
1371713844.161439 1.519570 -0.219260 0.000000 0.000000
1371713844.192639 1.521705 -0.219657 0.064019 -0.011919
1371713844.229642 1.531142 -0.220968 0.153678 -0.030337
1371713844.259574 1.537185 -0.222486 0.169819 -0.037685
1371713844.295394 1.534628 -0.218999 0.135948 0.002962
1371713844.329159 1.537353 -0.218829 0.119218 0.016266
1371713844.362915 1.539760 -0.220686 0.110116 0.005741
1371713844.395385 1.537522 -0.218187 0.091932 0.020834
1371713844.430331 1.533539 -0.217218 0.069143 0.033181
1371713844.462215 1.541443 -0.220527 0.068622 0.004184
1371713844.499110 1.539886 -0.219087 0.059938 0.003866
1371713844.528094 1.532719 -0.218722 0.038999 0.011698
1371713844.571155 1.540369 -0.220020 0.036567 -0.001873
1371713844.595676 1.540369 -0.220020 0.036567 -0.001873
1371713844.631811 1.539823 -0.219887 0.000000 0.000000
1371713844.662221 1.538830 -0.219797 -0.029786 0.002705
1371713844.694813 1.540993 -0.221999 0.010183 -0.035214
1371713844.731412 1.539348 -0.220626 -0.000197 -0.011736
1371713844.766348 1.536563 -0.219011 -0.015444 0.010412
1371713844.796611 1.526973 -0.217611 -0.049298 0.029529
1371713844.826971 1.529211 -0.218390 -0.052411 0.021654
1371713844.862244 1.530255 -0.217684 -0.048332 0.016588
1371713844.896354 1.530731 -0.218610 -0.041326 0.003335
1371713844.929091 1.536505 -0.219742 -0.024481 -0.015167
1371713844.966813 1.540369 -0.220020 -0.006856 -0.023898
1371713844.998511 1.539348 -0.220626 0.003245 -0.024896
1371713845.039567 1.525957 -0.214303 -0.016648 0.032870
1371713845.063151 1.528110 -0.216426 -0.021558 0.031536
1371713845.100507 1.542718 -0.220681 0.003945 -0.015498
1371713845.130665 1.536563 -0.219011 0.007789 -0.014401
1371713845.169001 1.527153 -0.221098 -0.004446 -0.017402
1371713845.199287 1.536688 -0.217415 0.000136 0.002155
1371713845.232790 1.542980 -0.219894 0.016290 -0.011294
1371713845.268087 1.539348 -0.220626 0.020306 -0.015398
1371713845.304574 1.540369 -0.220020 0.022665 -0.009690
1371713845.337565 1.532719 -0.218722 0.009283 0.009614
1371713845.371128 1.540369 -0.220020 0.014305 0.000705
1371713845.406921 1.529723 -0.219214 -0.001838 0.010639
1371713845.433210 1.539886 -0.219087 0.004726 0.004980
1371713845.478820 1.534738 -0.217605 -0.000721 0.015573
1371713845.505008 1.538830 -0.219797 0.004797 -0.001394
1371713845.540444 1.538830 -0.219797 0.004797 -0.001394
1371713845.570784 1.530255 -0.217684 0.000000 0.000000
1371713845.606211 1.529723 -0.219214 -0.015944 -0.045894
1371713845.639666 1.538830 -0.219797 0.101193 -0.036009
1371713845.682091 1.539348 -0.220626 0.094646 -0.029582
1371713845.708072 1.534261 -0.218758 0.056201 -0.001244
1371713845.743509 1.536542 -0.219277 0.045319 0.003308
1371713845.776000 1.539348 -0.220626 0.044951 -0.005782
1371713845.810060 1.538830 -0.219797 0.039820 -0.001150
1371713845.843100 1.524331 -0.217567 0.006332 0.026942
1371713845.875042 1.539348 -0.220626 0.015358 0.000095
1371713845.917037 1.537522 -0.218187 0.014611 0.007470
1371713845.945491 1.541300 -0.218078 0.019778 0.007072
1371713845.981496 1.539348 -0.220626 0.021213 -0.009455
1371713846.016160 1.529723 -0.219214 0.003244 0.003036
1371713846.048705 1.530731 -0.218610 -0.007565 0.009915
1371713846.080670 1.538713 -0.221288 0.001019 -0.013768
1371713846.113132 1.532719 -0.218722 -0.006233 0.001562
1371713846.148399 1.535686 -0.218791 -0.005264 0.004277
1371713846.181027 1.539348 -0.220626 0.003371 -0.010516
1371713846.220219 1.538207 -0.219249 0.005379 -0.003714
1371713846.252517 1.537489 -0.218617 0.005016 0.004779
1371713846.288304 1.529723 -0.219214 -0.007687 0.008929
1371713846.321477 1.538176 -0.219648 -0.001146 -0.001139
1371713846.357067 1.550599 -0.222897 0.025896 -0.035154
1371713846.386179 1.540038 -0.218396 0.020339 -0.001856
1371713846.420402 1.541969 -0.219496 0.020602 0.003424
1371713846.456713 1.540369 -0.220020 0.017659 0.002989
1371713846.486922 1.540530 -0.217967 0.013527 0.015959
1371713846.527952 1.537265 -0.219946 0.006805 0.007028
1371713846.557067 1.539348 -0.220626 0.005543 -0.004259
1371713846.590336 1.537265 -0.219946 -0.000207 -0.001758
1371713846.623957 1.550388 -0.222233 0.019249 -0.025209
1371713846.658836 1.536546 -0.220207 0.005623 -0.004343
1371713846.688160 1.531094 -0.220117 -0.012581 0.009128
1371713846.736563 1.536438 -0.220606 -0.014278 0.004256
1371713846.758158 1.531792 -0.219112 -0.023621 0.014265
1371713846.792676 1.540281 -0.221140 -0.012361 -0.005483
1371713846.831906 1.528596 -0.217846 -0.026755 0.018418
1371713846.861474 1.535720 -0.218361 -0.021491 0.013994
1371713846.889799 1.529832 -0.217824 -0.026725 0.016660
1371713846.927737 1.543003 -0.221969 -0.003321 -0.023837
1371713846.958747 1.538017 -0.219019 0.000321 -0.010828
1371713846.991143 1.529777 -0.216984 -0.012135 0.016535
1371713847.023773 1.538552 -0.219845 -0.001801 -0.002393
1371713847.058673 1.533922 -0.218535 -0.004095 0.002955
1371713847.093606 1.529211 -0.218390 -0.013173 0.008650
1371713847.126823 1.539194 -0.219733 -0.000636 -0.007846
1371713847.158902 1.524829 -0.215699 -0.019694 0.025148
1371713847.194787 1.541506 -0.219726 0.000919 -0.007366
1371713847.226629 1.538552 -0.219845 0.008818 -0.016705
1371713847.261475 1.539886 -0.219087 0.014658 -0.012138
1371713847.302761 1.541506 -0.219726 0.020938 -0.012432
1371713847.337718 1.539348 -0.220626 0.020885 -0.013444
1371713847.375571 1.527954 -0.216364 -0.002789 0.026358
1371713847.406516 1.538830 -0.219797 0.003971 0.004638
1371713847.438536 1.540310 -0.220766 0.010788 -0.012299
1371713847.474709 1.538176 -0.219648 0.009508 -0.006876
1371713847.505432 1.524364 -0.217141 -0.016937 0.023851
1371713847.537874 1.539194 -0.219733 -0.005600 0.001278
1371713847.575784 1.535624 -0.217518 -0.005869 0.009521
1371713847.608751 1.540874 -0.219786 0.005215 -0.008289
1371713847.647434 1.539886 -0.219087 0.009489 -0.007688
1371713847.676705 1.533888 -0.218964 0.001643 -0.000160
1371713847.707138 1.538552 -0.219845 0.004887 -0.006634
1371713847.739349 1.543160 -0.219966 0.014147 -0.011647
1371713847.776106 1.538552 -0.219845 0.011551 -0.006223
1371713847.814743 1.534860 -0.219570 0.002810 0.002021
1371713847.839019 1.536551 -0.219160 -0.000441 0.006069
1371713847.876227 1.535849 -0.218235 -0.004182 0.012865
1371713847.909023 1.538947 -0.218305 -0.000747 0.009784
1371713847.940256 1.536551 -0.219160 -0.001576 0.002548
1371713847.976354 1.539458 -0.219228 0.002569 -0.003543
1371713848.009963 1.539348 -0.220626 0.005814 -0.014186
1371713848.050767 1.534056 -0.216820 -0.004551 0.014126
1371713848.074597 1.540281 -0.221140 0.003563 -0.011389
1371713848.107940 1.540874 -0.219786 0.007525 -0.010192
1371713848.144753 1.533922 -0.218535 -0.002856 0.006279
1371713848.179946 1.538552 -0.219845 -0.000338 -0.001084
1371713848.209570 1.540369 -0.220020 0.004228 -0.006190
1371713848.246022 1.541999 -0.219123 0.008854 -0.001801
1371713848.282456 1.530255 -0.217684 -0.009018 0.018905
1371713848.309089 1.530731 -0.218610 -0.018012 0.015492
1371713848.348178 1.539348 -0.220626 -0.007117 -0.009744
1371713848.374148 1.536563 -0.219011 -0.006306 -0.004730
1371713848.411132 1.537382 -0.218456 -0.004333 0.001305
1371713848.448567 1.541380 -0.221327 0.006341 -0.018530
1371713848.478985 1.539228 -0.219303 0.007009 -0.006820
1371713848.519396 1.536532 -0.219409 0.002968 0.000846
1371713848.541508 1.539348 -0.220626 0.005946 -0.006486
1371713848.577149 1.540515 -0.218154 0.007403 0.007852
1371713848.609020 1.535720 -0.218361 0.000888 0.014213
1371713848.644910 1.534860 -0.219570 -0.003595 0.005956
1371713848.678695 1.537265 -0.219946 -0.002419 -0.003204
1371713848.709289 1.529777 -0.216984 -0.016578 0.018995
1371713848.747362 1.536532 -0.219409 -0.011012 0.001637
1371713848.776081 1.546325 -0.220767 0.009891 -0.021791
1371713848.810926 1.532792 -0.217794 -0.002274 0.004282
1371713848.846351 1.540223 -0.221886 0.006103 -0.019373
1371713848.877749 1.535686 -0.218791 0.000225 -0.000258
1371713848.910651 1.534860 -0.219570 -0.003920 0.002642
1371713848.946606 1.530815 -0.218446 -0.013973 0.013380
1371713848.981903 1.541999 -0.219123 -0.000298 0.001382
1371713849.020265 1.532756 -0.218258 -0.007254 0.009234
1371713849.044031 1.544536 -0.220508 0.010098 -0.013550
1371713849.078423 1.535720 -0.218361 0.004102 0.001854
1371713849.118510 1.541631 -0.218125 0.010077 0.004753
1371713849.145427 1.537594 -0.219343 0.008066 0.000180
1371713849.181114 1.540369 -0.220020 0.011149 -0.008082
1371713849.213044 1.534592 -0.219464 0.002048 -0.001331
1371713849.249448 1.539261 -0.218873 0.003283 0.001871
1371713849.290453 1.540369 -0.220020 0.006811 -0.005541
1371713849.313117 1.529723 -0.219214 -0.010049 0.006149
1371713849.349052 1.534738 -0.217605 -0.013145 0.015532
1371713849.383493 1.538830 -0.219797 -0.005392 -0.002109
1371713849.413077 1.538552 -0.219845 -0.000965 -0.008681
1371713849.447461 1.535533 -0.215681 -0.006197 0.020678
1371713849.479849 1.542421 -0.218711 0.005720 0.002411
1371713849.516577 1.538713 -0.221288 0.008770 -0.019306
1371713849.554747 1.538947 -0.218305 0.007171 -0.003787
1371713849.588933 1.537489 -0.218617 0.003969 0.002378
1371713849.618653 1.544129 -0.219869 0.013778 -0.008804
1371713849.657378 1.533585 -0.220802 0.002199 -0.009162
1371713849.687825 1.525171 -0.216215 -0.023519 0.029002
1371713849.720541 1.539348 -0.220626 -0.010755 -0.003435
1371713849.761674 1.539458 -0.219228 -0.003677 -0.006316
1371713849.795371 1.539194 -0.219733 0.001098 -0.009042
1371713849.831517 1.537382 -0.218456 0.000084 0.001898
1371713849.864923 1.538533 -0.218623 0.001908 0.003891
1371713849.897217 1.541672 -0.221480 0.010609 -0.017270
1371713849.930018 1.533499 -0.217725 -0.001637 0.009561
1371713849.961668 1.538552 -0.219845 0.001269 -0.000129
1371713850.002704 1.537522 -0.218187 -0.000113 0.007914
1371713850.034349 1.537522 -0.218187 -0.000113 0.007914
1371713850.070785 1.541443 -0.220527 0.000000 0.000000
1371713850.138804 1.541999 -0.219123 0.016672 0.042114
1371713850.169297 1.539348 -0.220626 -0.020880 -0.002204
1371713850.240024 1.529723 -0.219214 -0.085923 0.013303
1371713850.267140 1.534985 -0.217976 -0.065722 0.018236
1371713850.338221 1.537421 -0.219476 -0.043576 0.002297
1371713850.380960 1.537265 -0.219946 -0.031067 -0.007695
1371713850.404517 1.540281 -0.221140 -0.016234 -0.020316
1371713850.447138 1.532228 -0.217424 -0.025028 0.009576
1371713850.474296 1.530702 -0.218981 -0.029380 0.009206
1371713850.508126 1.540427 -0.219273 -0.014251 -0.002860
1371713850.539488 1.533285 -0.218536 -0.015910 0.003276
1371713850.573552 1.540874 -0.219786 -0.002719 -0.009298
1371713850.618040 1.538207 -0.219249 0.001160 -0.006299
1371713850.641346 1.541165 -0.221558 0.010340 -0.020990
1371713850.684074 1.533051 -0.219264 -0.000051 -0.000417
1371713850.708600 1.531620 -0.218827 -0.009121 0.011417
1371713850.743358 1.540369 -0.220020 0.001264 -0.001248
1371713850.779721 1.541506 -0.219726 0.009530 -0.004486
1371713850.809510 1.530742 -0.219374 -0.003809 0.005973
1371713850.844775 1.539295 -0.218442 0.001457 0.008146
1371713850.890420 1.535686 -0.218791 -0.000457 0.007764
1371713850.911461 1.535193 -0.220022 -0.001493 -0.002026
1371713850.948209 1.539348 -0.220626 0.004762 -0.012620
1371713850.980016 1.530731 -0.218610 -0.007813 0.006000
1371713851.012586 1.539348 -0.220626 0.000734 -0.008263
1371713851.050834 1.539458 -0.219228 0.004977 -0.002594
1371713851.080498 1.538176 -0.219648 0.005979 -0.001307
1371713851.116052 1.539348 -0.220626 0.009035 -0.007661
1371713851.148341 1.539458 -0.219228 0.009370 0.001037
1371713851.190038 1.541380 -0.221327 0.014206 -0.010777
1371713851.213389 1.541443 -0.220527 0.015503 -0.007345
1371713851.250420 1.540369 -0.220020 0.013358 0.000234
1371713851.281669 1.539458 -0.219228 0.009373 0.009385
1371713851.317084 1.536688 -0.217415 0.000804 0.025098
1371713851.346861 1.540369 -0.220020 0.004125 0.005572
1371713851.379357 1.539348 -0.220626 0.004223 -0.006588
1371713851.415152 1.536551 -0.219160 -0.002365 0.001850
1371713851.457627 1.527666 -0.218540 -0.021828 0.015126
1371713851.482382 1.530731 -0.218610 -0.027846 0.013003
1371713851.517205 1.537265 -0.219946 -0.018352 -0.005279
1371713851.554764 1.526274 -0.215259 -0.033312 0.027773
1371713851.582791 1.529832 -0.217824 -0.032006 0.013656
1371713851.619258 1.539348 -0.220626 -0.011677 -0.021240
1371713851.648797 1.535585 -0.220079 -0.005640 -0.023702
1371713851.682665 1.541165 -0.221558 0.008516 -0.033200
1371713851.730336 1.533764 -0.217699 0.001656 0.002246
1371713851.751829 1.534261 -0.218758 -0.000176 0.008262
1371713851.786986 1.534880 -0.218662 -0.000011 0.008952
1371713851.821583 1.543097 -0.220767 0.015528 -0.012644
1371713851.852648 1.535820 -0.218607 0.010563 0.002095
1371713851.888096 1.531301 -0.218943 -0.000154 0.008641
1371713851.916458 1.531517 -0.220137 -0.005792 0.000794
1371713851.950175 1.540369 -0.220020 0.004938 -0.008553
1371713851.986258 1.539348 -0.220626 0.010285 -0.013162
1371713852.016840 1.545588 -0.223240 0.025201 -0.033477
1371713852.052528 1.541474 -0.220126 0.023409 -0.009380
1371713852.092413 1.542718 -0.220681 0.024062 -0.001725
1371713852.122203 1.526107 -0.217393 -0.006880 0.036453
1371713852.153656 1.537236 -0.220319 -0.004426 0.014552
1371713852.187035 1.535585 -0.220079 -0.006012 0.005259
1371713852.221490 1.544244 -0.220393 0.007511 -0.008186
1371713852.256536 1.539348 -0.220626 0.007801 -0.009071
1371713852.307088 1.537265 -0.219946 0.003341 -0.001185
1371713852.330230 1.537265 -0.219946 0.003341 -0.001185
1371713852.368214 1.544502 -0.220940 0.000000 0.000000
1371713852.440563 1.539458 -0.219228 -0.151298 0.051373
1371713852.466543 1.534860 -0.219570 -0.144711 0.018589
1371713852.504279 1.539348 -0.220626 -0.080902 -0.006602
1371713852.533269 1.550034 -0.221707 -0.009021 -0.025375
1371713852.601992 1.539348 -0.220626 -0.018593 -0.011169
1371713852.636161 1.540310 -0.220766 -0.018696 -0.005653
1371713852.670191 1.541474 -0.220126 -0.015566 0.000779
1371713852.707520 1.541269 -0.220239 -0.013042 0.002261
1371713852.736686 1.527921 -0.216791 -0.035958 0.034785
1371713852.771127 1.526007 -0.218673 -0.048466 0.027177
1371713852.807778 1.530731 -0.218610 -0.046167 0.013355
1371713852.838514 1.536406 -0.221005 -0.031353 -0.016287
1371713852.872000 1.527782 -0.217059 -0.037925 0.007931
1371713852.904479 1.538207 -0.219249 -0.020652 -0.007549
1371713852.941670 1.540369 -0.220020 -0.004143 -0.018587
1371713852.976283 1.529270 -0.217649 -0.013412 0.005618
1371713853.011238 1.546072 -0.222079 0.013152 -0.028226
1371713853.043747 1.534847 -0.216210 0.006135 0.012984
1371713853.079134 1.539348 -0.220626 0.013524 -0.006194
1371713853.114928 1.540369 -0.220020 0.018106 -0.008630
1371713853.144970 1.535686 -0.218791 0.011258 0.004506
1371713853.178522 1.539348 -0.220626 0.014019 -0.006083
1371713853.223255 1.537382 -0.218456 0.009717 0.007299
1371713853.245002 1.528596 -0.217846 -0.008323 0.021588
1371713853.281494 1.535619 -0.219649 -0.006034 0.004461
1371713853.313516 1.540369 -0.220020 0.003403 -0.009371
1371713853.348066 1.539886 -0.219087 0.007479 -0.005848
1371713853.380692 1.537555 -0.219852 0.006565 -0.006174
1371713853.412072 1.539348 -0.220626 0.008961 -0.011264
1371713853.447811 1.548171 -0.220358 0.023998 -0.015090
1371713853.481649 1.527414 -0.217766 -0.004073 0.020356
1371713853.516659 1.542785 -0.219818 0.006059 0.003883
1371713853.548748 1.537522 -0.218187 0.002249 0.011558
1371713853.587208 1.527283 -0.219432 -0.016266 0.011164
1371713853.618346 1.539348 -0.220626 -0.006777 -0.009344
1371713853.650271 1.530731 -0.218610 -0.016768 0.004372
1371713853.682211 1.523177 -0.217328 -0.035744 0.022155
1371713853.723729 1.544207 -0.220861 -0.007995 -0.015963
1371713853.755053 1.531792 -0.219112 -0.012119 -0.006314
1371713853.792274 1.539348 -0.220626 -0.000340 -0.017082
1371713853.824601 1.540369 -0.220020 0.008223 -0.013862
1371713853.856230 1.539261 -0.218873 0.010857 -0.000502
1371713853.892507 1.539348 -0.220626 0.014036 -0.006364
1371713853.924966 1.535518 -0.220938 0.008865 -0.006114
1371713853.959155 1.537382 -0.218456 0.006046 0.010465
1371713853.999516 1.539917 -0.218687 0.009033 0.011464
1371713854.021879 1.539348 -0.220626 0.011422 -0.002789
1371713854.057082 1.529284 -0.217463 -0.007417 0.020853
1371713854.093563 1.542684 -0.221112 0.006524 -0.009188
1371713854.127236 1.535849 -0.218235 0.000868 0.005497
1371713854.159178 1.539348 -0.220626 0.005225 -0.008467
1371713854.191194 1.540398 -0.219647 0.008160 -0.006167
1371713854.225574 1.538207 -0.219249 0.005754 0.000680
1371713854.262167 1.526152 -0.218320 -0.016948 0.018333
1371713854.296975 1.529095 -0.219872 -0.024260 0.007443
1371713854.329983 1.536926 -0.222218 -0.013385 -0.020773
1371713854.362463 1.535720 -0.218361 -0.011608 -0.000849
1371713854.394799 1.530633 -0.220765 -0.015753 -0.005170
1371713854.430343 1.531301 -0.218943 -0.018247 0.005323
1371713854.502463 1.539194 -0.219733 -0.004715 -0.003180
1371713854.539291 1.538713 -0.221288 0.004886 -0.015453
1371713854.568175 1.532225 -0.219202 -0.002001 0.002192
1371713854.610189 1.538830 -0.219797 0.005579 -0.000333
1371713854.640546 1.538278 -0.221885 0.011066 -0.014299
1371713854.675263 1.544469 -0.221372 0.023136 -0.017343
1371713854.705156 1.539348 -0.220626 0.020652 -0.004988
1371713854.744536 1.534738 -0.217605 0.008401 0.024937
1371713854.778585 1.529197 -0.218575 -0.007422 0.028678
1371713854.806687 1.540369 -0.220020 0.002656 0.005298
1371713854.840823 1.538460 -0.219555 0.005132 -0.000376
1371713854.872478 1.529723 -0.219214 -0.008603 0.006297
1371713854.906947 1.539886 -0.219087 -0.000285 0.000242
1371713854.940690 1.540369 -0.220020 0.006757 -0.008466
1371713854.977134 1.536688 -0.217415 0.002731 0.010361
1371713855.008166 1.526181 -0.217950 -0.016564 0.019614
1371713855.046505 1.534985 -0.217976 -0.013236 0.011169
1371713855.078721 1.541160 -0.224129 0.004899 -0.040168
1371713855.109662 1.536563 -0.219011 0.002365 -0.013765
1371713855.146349 1.532683 -0.219187 -0.005227 0.001480
1371713855.180790 1.540369 -0.220020 0.003902 -0.004307
1371713855.209908 1.537286 -0.221196 0.005422 -0.010790
1371713855.247477 1.532574 -0.220580 -0.002735 -0.003260
1371713855.278754 1.538830 -0.219797 0.001918 0.000703
1371713855.312250 1.539348 -0.220626 0.006681 -0.003506
1371713855.348329 1.529723 -0.219214 -0.007831 0.012392
1371713855.379776 1.530644 -0.219723 -0.014488 0.011121
1371713855.416685 1.540369 -0.220020 -0.001687 -0.001513
1371713855.451708 1.531792 -0.219112 -0.008217 0.006498
1371713855.480255 1.539760 -0.220686 0.002661 -0.008455
1371713855.516253 1.527666 -0.218540 -0.012618 0.011054
1371713855.550983 1.535016 -0.217577 -0.009710 0.016476
1371713855.583696 1.536532 -0.219409 -0.002671 0.001602
1371713855.613458 1.532225 -0.219202 -0.005603 -0.000005
1371713855.652456 1.540369 -0.220020 0.006745 -0.012232
1371713855.685614 1.530644 -0.219723 -0.002346 -0.004711
1371713855.715947 1.536542 -0.219277 0.001276 -0.002436
1371713855.753652 1.534860 -0.219570 0.001157 -0.001527
1371713855.787367 1.539348 -0.220626 0.009256 -0.011078
1371713855.820799 1.539458 -0.219228 0.012858 -0.002687
1371713855.853317 1.538713 -0.221288 0.015199 -0.011403
1371713855.887559 1.539458 -0.219228 0.015080 0.001227
1371713855.922978 1.537236 -0.220319 0.011775 0.000762
1371713855.958531 1.537265 -0.219946 0.008613 0.003002
1371713855.986560 1.533579 -0.216712 -0.002283 0.027518
1371713856.025499 1.532719 -0.218722 -0.008068 0.017975
1371713856.055740 1.538713 -0.221288 0.000362 -0.011640
1371713856.089866 1.534056 -0.216820 -0.006337 0.012474
1371713856.125847 1.538552 -0.219845 0.000292 -0.004431
1371713856.160606 1.537265 -0.219946 0.001949 -0.009722
1371713856.190440 1.539458 -0.219228 0.005652 -0.006391
1371713856.224500 1.541165 -0.221558 0.012459 -0.020048
1371713856.259758 1.527666 -0.218540 -0.009485 0.009470
1371713856.286894 1.534261 -0.218758 -0.011340 0.011693
1371713856.330202 1.536615 -0.218346 -0.007998 0.010681
1371713856.357007 1.536551 -0.219160 -0.004529 0.002479
1371713856.392173 1.541474 -0.220126 0.006707 -0.011296
1371713856.429276 1.534860 -0.219570 0.001837 -0.005218
