1370582274.833706 0.000000 0.000000 0.000000 0.000000
1370582274.901957 1.166654 0.038792 0.000000 0.000000
1370582274.933007 1.162625 0.039950 0.000000 0.000000
1370582274.966623 1.160332 0.042152 0.000000 0.000000
1370582274.999936 1.161287 0.041841 0.000000 0.000000
1370582275.032903 1.154820 0.042092 0.000000 0.000000
1370582275.069881 1.158458 0.041628 0.000000 0.000000
1370582275.099734 1.153728 0.041133 0.000000 0.000000
1370582275.135962 1.155313 0.040933 0.000000 0.000000
1370582275.168548 1.152159 0.040609 0.000000 0.000000
1370582275.207704 1.155643 0.041157 0.000000 0.000000
1370582275.235137 1.152612 0.041152 0.000000 0.000000
1370582275.268106 1.151452 0.040937 0.000000 0.000000
1370582275.301636 1.152754 0.041144 0.000000 0.000000
1370582275.335263 1.262827 0.056495 0.000000 0.000000
1370582275.368203 1.333754 0.056870 0.000000 0.000000
1370582275.403154 1.207484 0.045585 0.000000 0.000000
1370582275.434956 1.176851 0.045021 0.000000 0.000000
1370582275.469483 1.160400 0.042143 0.000000 0.000000
1370582275.502965 1.157588 0.042914 0.000000 0.000000
1370582275.536497 1.158138 0.042341 0.000000 0.000000
1370582275.569572 1.158402 0.043221 0.000000 0.000000
1370582275.602020 1.158893 0.043292 0.000000 0.000000
1370582275.636724 1.158213 0.042601 0.000000 0.000000
1370582275.673372 1.155383 0.042187 0.000000 0.000000
1370582275.704226 1.155841 0.041882 0.000000 0.000000
1370582275.738324 1.158112 0.042421 0.000000 0.000000
1370582275.770587 1.157822 0.041975 0.000000 0.000000
1370582275.804058 1.157238 0.042503 0.000000 0.000000
1370582275.835895 1.160391 0.042673 0.000000 0.000000
1370582275.869177 1.160212 0.042191 0.000000 0.000000
1370582275.902722 1.160040 0.042638 0.000000 0.000000
1370582275.936119 1.158098 0.042442 0.000000 0.000000
1370582275.970739 1.160391 0.042616 0.000000 0.000000
1370582276.002670 1.160040 0.042451 0.000000 0.000000
1370582276.037059 1.160884 0.043161 0.000000 0.000000
1370582276.072369 1.159702 0.044160 0.000000 0.000000
1370582276.109383 1.157993 0.042203 0.000000 0.000000
1370582276.138262 1.159693 0.042397 0.000000 0.000000
1370582276.171546 1.158357 0.042741 0.000000 0.000000
1370582276.204632 1.160531 0.042020 0.000000 0.000000
1370582276.238275 1.159519 0.041717 0.000000 0.000000
1370582276.271578 1.159208 0.042367 0.000000 0.000000
1370582276.307637 1.159196 0.041624 0.000000 0.000000
1370582276.338776 1.159868 0.042048 0.000000 0.000000
1370582276.370787 1.158528 0.043875 0.000000 0.000000
1370582276.406489 1.160214 0.041812 0.000000 0.000000
1370582276.437931 1.156393 0.042751 0.000000 0.000000
1370582276.471199 1.159527 0.042368 0.000000 0.000000
1370582276.511131 1.158400 0.042263 0.000000 0.000000
1370582276.538684 1.157581 0.041809 0.000000 0.000000
1370582276.571514 1.158891 0.042015 0.000000 0.000000
1370582276.605033 1.156212 0.041938 0.000000 0.000000
1370582276.639315 1.161099 0.044830 0.000000 0.000000
1370582276.672358 1.160039 0.042146 0.000000 0.000000
1370582276.705272 1.157384 0.041871 0.000000 0.000000
1370582276.746468 1.159693 0.042228 0.000000 0.000000
1370582276.772616 1.161988 0.042792 0.000000 0.000000
1370582276.807912 1.163369 0.043410 0.000000 0.000000
1370582276.840332 1.161196 0.045162 0.000000 0.000000
1370582276.874485 1.160699 0.043572 0.000000 0.000000
1370582276.907569 1.160045 0.044843 0.000000 0.000000
1370582276.947373 1.160516 0.043664 0.000000 0.000000
1370582276.972506 1.159585 0.043475 0.000000 0.000000
1370582277.007373 1.163211 0.043815 0.000000 0.000000
1370582277.040910 1.161466 0.043802 0.000000 0.000000
1370582277.077037 1.162260 0.044397 0.000000 0.000000
1370582277.108541 1.164937 0.043970 0.000000 0.000000
1370582277.141446 1.161920 0.044695 0.000000 0.000000
1370582277.175512 1.162449 0.044449 0.000000 0.000000
1370582277.209094 1.161626 0.044424 0.000000 0.000000
1370582277.241486 1.159884 0.044613 0.000000 0.000000
1370582277.275335 1.159434 0.044211 0.000000 0.000000
1370582277.308762 1.161177 0.043553 0.000000 0.000000
1370582277.343959 1.160046 0.045172 0.000000 0.000000
1370582277.382815 1.161965 0.043599 0.000000 0.000000
1370582277.409212 1.163133 0.044991 0.000000 0.000000
1370582277.442535 1.162876 0.043310 0.000000 0.000000
1370582277.476084 1.163211 0.043918 0.000000 0.000000
1370582277.511317 1.161605 0.043821 0.000000 0.000000
1370582277.543031 1.163832 0.044300 0.000000 0.000000
1370582277.575904 1.160361 0.043176 0.000000 0.000000
1370582277.610094 1.162155 0.044585 0.000000 0.000000
1370582277.642610 1.163485 0.043382 0.000000 0.000000
1370582277.676772 1.163460 0.045267 0.000000 0.000000
1370582277.710287 1.164596 0.042781 0.000000 0.000000
1370582277.744174 1.162419 0.044338 0.000000 0.000000
1370582277.779819 1.164275 0.045022 0.000000 0.000000
1370582277.809510 1.165001 0.045546 0.000000 0.000000
1370582277.842288 1.162289 0.044460 0.000000 0.000000
1370582277.875607 1.163775 0.044864 0.000000 0.000000
1370582277.909180 1.160201 0.044587 0.000000 0.000000
1370582277.942652 1.155191 0.044052 0.000000 0.000000
1370582277.976080 1.149607 0.044113 0.000000 0.000000
1370582278.012226 1.139502 0.043247 0.000000 0.000000
1370582278.043716 1.130111 0.040218 0.000000 0.000000
1370582278.076556 1.110997 0.040209 0.000000 0.000000
1370582278.109330 1.101682 0.038464 0.000000 0.000000
1370582278.143722 1.088642 0.036099 0.000000 0.000000
1370582278.175764 1.078589 0.034574 0.000000 0.000000
1370582278.212232 1.066032 0.032377 0.000000 0.000000
1370582278.249148 1.057490 0.028761 0.000000 0.000000
1370582278.278201 1.043910 0.027055 0.000000 0.000000
1370582278.311510 1.033514 0.026414 0.000000 0.000000
1370582278.344749 1.024084 0.023999 0.000000 0.000000
1370582278.378593 1.009145 0.022886 0.000000 0.000000
1370582278.414527 0.999801 0.022504 0.000000 0.000000
1370582278.444971 0.988770 0.018858 0.000000 0.000000
1370582278.478950 0.978863 0.019050 0.000000 0.000000
1370582278.511758 0.969105 0.015452 0.000000 0.000000
1370582278.545382 0.925390 0.013642 0.000000 0.000000
1370582278.579166 0.896949 0.012977 0.000000 0.000000
1370582278.610877 0.900120 0.011787 -0.806708 -0.081735
1370582278.650373 0.894553 0.009126 -0.645367 -0.065388
1370582278.678087 0.889054 0.007753 -0.516293 -0.052311
1370582278.711315 0.889689 0.007962 -0.413035 -0.041849
1370582278.745580 0.876951 0.004642 -0.330428 -0.033479
1370582278.778183 0.867383 0.003107 -0.264342 -0.026783
1370582278.812197 0.857962 0.002019 -0.211474 -0.021426
1370582278.846563 0.846843 0.001178 -0.169179 -0.017141
1370582278.878760 0.838318 -0.001077 -0.135343 -0.013713
1370582278.914483 0.828625 -0.002240 -0.108275 -0.010970
1370582278.947196 0.815467 -0.003919 -0.086620 -0.008776
1370582278.979628 0.806069 -0.005698 -0.069296 -0.007021
1370582279.013514 0.792811 -0.008540 -0.055437 -0.005617
1370582279.047149 0.786758 -0.010589 -0.044349 -0.004493
1370582279.080615 0.773771 -0.012329 -0.035479 -0.003595
1370582279.119631 0.765201 -0.014785 -0.028384 -0.002876
1370582279.146465 0.750572 -0.015598 -0.022707 -0.002301
1370582279.179097 0.742855 -0.018983 -0.018165 -0.001841
1370582279.212926 0.732575 -0.021586 -0.014532 -0.001472
1370582279.246051 0.723388 -0.022654 -0.011626 -0.001178
1370582279.279990 0.714061 -0.025048 -0.011626 -0.001178
1370582279.312775 0.705144 -0.027580 -0.884779 -0.177823
1370582279.346973 0.695119 -0.031021 -0.707823 -0.142258
1370582279.379553 0.677784 -0.032957 -0.566259 -0.113807
1370582279.414749 0.636586 -0.034000 -0.453007 -0.091045
1370582279.447902 0.635994 -0.035569 -0.362405 -0.072836
1370582279.485493 0.634631 -0.038743 -0.289924 -0.058269
1370582279.514639 0.633394 -0.042158 -0.231939 -0.046615
1370582279.547711 0.632766 -0.044024 -0.185552 -0.037292
1370582279.581717 0.628679 -0.046888 -0.148441 -0.029834
1370582279.615316 0.623093 -0.049630 -0.118753 -0.023867
1370582279.649055 0.616627 -0.053453 -0.095002 -0.019094
1370582279.682250 0.608295 -0.056139 -0.076002 -0.015275
1370582279.721182 0.600719 -0.059183 -0.060802 -0.012220
1370582279.751550 0.593448 -0.063852 -0.048641 -0.009776
1370582279.783822 0.584888 -0.066631 -0.038913 -0.007821
1370582279.814332 0.575677 -0.067324 -0.031130 -0.006257
1370582279.848736 0.568425 -0.069813 -0.024904 -0.005005
1370582279.881355 0.559287 -0.073422 -0.019923 -0.004004
1370582279.915884 0.550962 -0.075609 -0.015939 -0.003203
1370582279.949216 0.546227 -0.078868 -0.015939 -0.003203
1370582279.983774 0.537492 -0.081007 -0.751996 -0.238333
1370582280.020809 0.530383 -0.082762 -0.601597 -0.190666
1370582280.048284 0.524523 -0.085292 -0.481277 -0.152533
1370582280.082330 0.516904 -0.087789 -0.385022 -0.122027
1370582280.115047 0.507996 -0.089688 -0.308017 -0.097621
1370582280.148208 0.502444 -0.092592 -0.246414 -0.078097
1370582280.181952 0.489131 -0.130655 -0.197131 -0.062478
1370582280.215548 0.485178 -0.126690 -0.157705 -0.049982
1370582280.250445 0.473117 -0.127711 -0.126164 -0.039986
1370582280.282628 0.469589 -0.121127 -0.100931 -0.031989
1370582280.315330 0.464171 -0.115872 -0.080745 -0.025591
1370582280.348807 0.457522 -0.115765 -0.064596 -0.020473
1370582280.382463 0.446078 -0.114372 -0.051677 -0.016378
1370582280.416916 0.416362 -0.109251 -0.041341 -0.013102
1370582280.449577 0.408660 -0.110981 -0.033073 -0.010482
1370582280.483056 0.415216 -0.116309 -0.026459 -0.008386
1370582280.516402 0.410396 -0.119343 -0.021167 -0.006708
1370582280.550076 0.412802 -0.125021 -0.016933 -0.005367
1370582280.583268 0.410963 -0.129095 -0.013547 -0.004293
1370582280.618694 0.406802 -0.133148 -0.010837 -0.003435
1370582280.657198 0.403619 -0.135522 -0.008670 -0.002748
1370582280.683644 0.399339 -0.138630 -0.008670 -0.002748
1370582280.717651 0.395255 -0.141983 -0.711927 -0.304519
1370582280.751424 0.390091 -0.143729 -0.569542 -0.243615
1370582280.785103 0.384490 -0.146919 -0.455633 -0.194892
1370582280.816132 0.379888 -0.148394 -0.364507 -0.155913
1370582280.849834 0.374759 -0.151670 -0.291605 -0.124731
1370582280.883349 0.370002 -0.154318 -0.233284 -0.099785
1370582280.917601 0.365182 -0.155804 -0.186627 -0.079828
1370582280.951394 0.360214 -0.158125 -0.149302 -0.063862
1370582280.985304 0.356200 -0.161044 -0.119442 -0.051090
1370582281.018239 0.352026 -0.163215 -0.095553 -0.040872
1370582281.052069 0.346477 -0.164158 -0.076443 -0.032697
1370582281.086716 0.342664 -0.165934 -0.061154 -0.026158
1370582281.117075 0.337482 -0.167860 -0.048923 -0.020926
1370582281.152926 0.333143 -0.170038 -0.039139 -0.016741
1370582281.185188 0.328830 -0.171056 -0.031311 -0.013393
1370582281.218782 0.325572 -0.174003 -0.025049 -0.010714
1370582281.251756 0.322403 -0.174875 -0.020039 -0.008571
1370582281.285197 0.317732 -0.176068 -0.016031 -0.006857
1370582281.320988 0.312848 -0.178293 -0.012825 -0.005486
1370582281.352150 0.309347 -0.178926 -0.010260 -0.004389
1370582281.384506 0.302861 -0.185691 -0.008208 -0.003511
1370582281.418563 0.288536 -0.205774 -0.006566 -0.002809
1370582281.456805 0.286292 -0.204058 -0.005253 -0.002247
1370582281.485002 0.285146 -0.199409 -0.004202 -0.001798
1370582281.518331 0.284417 -0.194670 -0.003362 -0.001438
1370582281.552483 0.283103 -0.192732 -0.002690 -0.001150
1370582281.586482 0.283415 -0.190944 -0.002152 -0.000920
1370582281.620349 0.281781 -0.190739 -0.001721 -0.000736
1370582281.653088 0.279522 -0.191382 -0.001377 -0.000589
1370582281.685472 0.277097 -0.192128 -0.001102 -0.000471
1370582281.720456 0.273858 -0.194149 -1.041799 -0.447674
1370582281.754316 0.271707 -0.196108 -0.833439 -0.358139
1370582281.787098 0.269479 -0.197469 -0.666751 -0.286512
1370582281.819392 0.266742 -0.198374 -0.533401 -0.229209
1370582281.852578 0.264218 -0.199720 -0.426721 -0.183367
1370582281.887341 0.262125 -0.200968 -0.341377 -0.146694
1370582281.919834 0.259971 -0.202355 -0.273101 -0.117355
1370582281.953238 0.258700 -0.203518 -0.218481 -0.093884
1370582281.986243 0.276572 -0.195769 -0.174785 -0.075107
1370582282.019878 0.329722 -0.185492 -0.139828 -0.060086
1370582282.053016 0.358861 -0.189719 -0.111862 -0.048069
1370582282.086895 0.367125 -0.178889 -0.089490 -0.038455
1370582282.119927 0.371374 -0.179534 -0.071592 -0.030764
1370582282.153038 0.403422 -0.192150 -0.057274 -0.024611
1370582282.186381 0.000000 0.000000 -0.017182 -0.007383
1370582282.220426 0.000000 0.000000 -0.005155 -0.002215
1370582282.255291 0.000000 0.000000 -0.001546 -0.000665
1370582282.292678 0.000000 0.000000 -0.000464 -0.000199
