1370582321.8081	0 0	0 0	0 0	0 0
1370582321.8415	0 0	0 0	0 0	0 0
1370582321.875	0 0	0 0	0 0	0 0
1370582321.9103	0 0	0 0	0 0	0 0
1370582321.9756	0 0	0 0	0 0	0 0
1370582322.0185	0 0	0 0	0 0	0 0
1370582322.076	0 0	0 0	0 0	0 0
1370582322.1088	0 0	0 0	0 0	0 0
1370582322.1756	0 0	0 0	0 0	0 0
1370582322.2094	0 0	0 0	0 0	0 0
1370582322.2758	0 0	0 0	0 0	0 0
1370582322.3092	0 0	0 0	0 0	0 0
1370582322.3427	0 0	0 0	0 0	0 0
1370582322.3758	0 0	0 0	0 0	0 0
1370582322.4093	0 0	0 0	0 0	0 0
1370582322.4428	0 0	0 0	0 0	0 0
1370582322.4772	0 0	0 0	0 0	0 0
1370582322.5113	0 0	0 0	0 0	0 0
1370582322.5445	0 0	0 0	0 0	0 0
1370582322.5851	0 0	0 0	0 0	0 0
1370582322.612	0 0	0 0	0 0	0 0
1370582322.6454	0 0	0 0	0 0	0 0
1370582322.6785	0 0	0 0	0 0	0 0
1370582322.7116	0 0	0 0	0 0	0 0
1370582322.7433	0 0	0 0	0 0	0 0
1370582322.7779	0 0	0 0	0 0	0 0
1370582322.8115	0 0	0 0	0 0	0 0
1370582322.8455	0 0	0 0	0 0	0 0
1370582322.879	0 0	0 0	0 0	0 0
1370582322.9128	0 0	0 0	0 0	0 0
1370582322.9453	0 0	0 0	0 0	0 0
1370582322.9791	0 0	0 0	0 0	0 0
1370582323.0152	0 0	0 0	0 0	0 0
1370582323.0509	0 0	0 0	0 0	0 0
1370582323.0802	0 0	0 0	0 0	0 0
1370582323.1118	0 0	0 0	0 0	0 0
1370582323.1457	0 0	0 0	0 0	0 0
1370582323.1798	0 0	0 0	0 0	0 0
1370582323.2133	0 0	0 0	0 0	0 0
1370582323.2481	0 0	0 0	0 0	0 0
1370582323.2798	0 0	0 0	0 0	0 0
1370582323.3135	0 0	0 0	0 0	0 0
1370582323.3477	0 0	0 0	0 0	0 0
1370582323.3801	0 0	0 0	0 0	0 0
1370582323.4146	0 0	0 0	0 0	0 0
1370582323.4478	0 0	0 0	0 0	0 0
1370582323.4888	1.319355 0.016453	32.23759119355 0.40201847714033	0 0	0.12473863873755 0.029696776178921
1370582323.514	0 0	-52.239438445026 -0.65145126272762	0 0	-0.01200078458563 -0.0050717159458433
1370582323.5477	1.314371 0.018265	39.039128859631 0.54250260285807	0 0	0.11182018180311 0.029807980942175
1370582323.5893	0 0	-31.616665765023 -0.43935722881754	0 0	-0.026139568055697 -0.006503839607708
1370582323.6146	0 0	0 0	0 0	-0.026114361330191 -0.0029219759794339
1370582323.6481	0 0	0 0	0 0	-0.014933804943651 -0.0011070254790787
1370582323.6813	0 0	0 0	0 0	-0.0066390197039223 -0.00041028666948294
1370582323.7148	1.293386 0.01554	38.657009209124 0.46446298561279	0 0	0.12076822978577 0.02869698175079
1370582323.7471	1.287941 0.015539	-0.16861321323627 -3.0966614001129e-05	0 0	0.4000234117098 0.086888022649829
1370582323.7802	1.276552 0.014547	-0.34389143999943 -0.02995349095438	0 0	0.859177558473 0.13864066897833
1370582323.8141	1.269447 0.015294	-0.2096045712678 0.02203724345349	0 0	1.4825951695681 0.16407799925599
1370582323.8483	1.267485 0.015066	-0.057330131795097 -0.0066622171505006	0 0	2.1990399283401 0.15419647684171
1370582323.8822	1.270156 0.015237	0.078813788624295 0.0050457348763587	0 0	2.9001612771204 0.1262191715547
1370582323.9174	1.271143 0.014608	0.028022216229384 -0.017858129694311	0 0	3.4823613072812 0.088036568457456
1370582323.9562	1.277119 0.01486	0.1543107663098 0.0065070805070398	0 0	3.8832864696805 0.053139969587106
1370582323.9804	1.269585 0.015229	-0.31110517889596 0.015237299046006	0 0	4.0803029140816 0.023719290359883
1370582324.0144	1.271357 0.015517	0.052027291416414 0.0084559028938637	0 0	4.100907112823 0.0010479586991915
1370582324.0484	1.271776 0.015383	0.012324249821174 -0.0039414068640514	0 0	3.9817449570922 -0.016362415831421
1370582324.0825	1.277459 0.015394	0.16657858617822 0.00032242907759286	0 0	3.7682863468837 -0.027739402651591
1370582324.1164	1.271358 0.014739	-0.17996531921148 -0.019320977558355	0 0	3.477397733997 -0.036327064685582
1370582324.1491	1.27779 0.015011	0.19693235512081 0.0083279851668005	0 0	3.1547398013038 -0.038908594454486
1370582324.1832	1.269076 0.014951	-0.25550458979216 -0.0017592696106874	0 0	2.7974458118389 -0.038791385811487
1370582324.2164	1.274218 0.015047	0.15509435751988 0.0028955772699161	0 0	2.4442747238173 -0.035828603697974
1370582324.2485	1.280628 0.014014	0.19970799144283 -0.03218383075826	0 0	2.1057091991892 -0.034155447762748
1370582324.282	1.279561 0.012829	-0.031791733806924 -0.035307595652483	0 0	1.7778817358521 -0.033897353355146
1370582324.3156	1.286253 0.012182	0.1990954849162 -0.01924907034381	0 0	1.4788220926163 -0.032655044572168
1370582324.3495	1.280716 0.011953	-0.16345392975888 -0.0067601498852775	0 0	1.1948893754905 -0.029927835086048
1370582324.3837	1.279571 0.011634	-0.033481678797511 -0.0093280834379096	0 0	0.93807727905935 -0.026498587670957
1370582324.4191	1.283511 0.010387	0.11122404754373 -0.035202128753054	0 0	0.71671378536386 -0.025399976518421
1370582324.4594	1.281078 0.010289	-0.060472543004448 -0.0024358032118519	0 0	0.5216137336968 -0.022609547704382
1370582324.4842	1.282405 0.009973	0.053512560407656 -0.012743006095568	0 0	0.35768968646714 -0.01955700703345
1370582324.5168	1.282675 0.00951	0.0082639750138647 -0.014171186783035	0 0	0.22159751066385 -0.017086813693267
1370582324.5497	1.282237 0.008989	-0.013310620006084 -0.015832952107696	0 0	0.1104076529415 -0.015390566456572
1370582324.585	1.281719 0.009037	-0.01467708891441 0.0013600391272039	0 0	0.021798940087524 -0.012559940339558
1370582324.6176	1.281467 0.009574	-0.0077502574315549 0.016515429526756	0 0	-0.046406820511182 -0.0078014667693771
1370582324.6518	1.280229 0.009088	-0.036151247977494 -0.014191846944317	0 0	-0.097923788913194 -0.005647695288356
1370582324.6831	1.280304 0.009317	0.0023974027161751 0.0073200696267167	0 0	-0.13367685842611 -0.0029525670667044
1370582324.7175	1.280631 0.009363	0.0094983788305841 0.0013361633828957	0 0	-0.15607168577609 -0.0008109210865143
1370582324.7515	1.282188 0.010418	0.045738738385898 0.030991887602519	0 0	-0.16637343474139 0.0040591411201731
1370582324.7846	1.280676 0.010596	-0.045785113549734 0.0053900464364098	0 0	-0.17025392950104 0.0070882101704234
1370582324.8174	1.280608 0.009505	-0.0020726610710198 -0.033254018065941	0 0	-0.1677186247312 0.0046027674396202
1370582324.8518	1.277382 0.01082	-0.093637629264645 0.038169089424368	0 0	-0.16343542437964 0.0070190715559285
1370582324.8847	1.277831 0.010757	0.013677310034786 -0.0019190880449703	0 0	-0.15440736390386 0.0075321637413956
1370582324.9217	1.286125 0.010639	0.22375160718834 -0.0031833481611073	0 0	-0.13454811847785 0.0068590095170447
1370582324.9608	1.285463 0.010317	-0.016932214824525 -0.0082359111382138	0 0	-0.11569610579858 0.0047128027248866
1370582324.985	1.280839 0.010356	-0.19087722003405 0.0016099073489032	0 0	-0.10205027894635 0.0030537153982662
1370582325.0186	1.285463 0.010573	0.13772128114526 0.0064631310572062	0 0	-0.083926271927147 0.0026176756367244
1370582325.0521	1.277282 0.00983	-0.24467595798661 -0.022221517758715	0 0	-0.075357151880466 -0.00049073431449752
1370582325.0853	1.280814 0.010057	0.10611417570752 0.0068199088011346	0 0	-0.062972607385936 -0.0013626166301244
1370582325.1187	1.284595 0.010309	0.11323410893097 0.0075469440493531	0 0	-0.047876003233204 -0.00080098707539251
1370582325.1509	1.280015 0.010468	-0.14222716706771 0.0049375806907785	0 0	-0.03927967997688 5.3210953236511e-05
1370582325.187	1.276964 0.010358	-0.084524376174055 -0.0030474209698939	0 0	-0.034469889506568 0.0001296846887304
1370582325.219	1.28 0.010287	0.094985207918725 -0.0022213273261625	0 0	-0.026740161070351 -3.8083610040218e-06
1370582325.253	1.285022 0.010824	0.14761410482498 0.01578430392095	0 0	-0.015131214385682 0.001770160218587
1370582325.2862	1.277863 0.010244	-0.21561997670528 -0.017468862479265	0 0	-0.012805040951762 0.00055764750844808
1370582325.32	1.28021 0.009917	0.06946260143808 -0.0096780019898812	0 0	-0.0083306463618669 -0.0012139843795252
1370582325.3524	1.285246 0.010443	0.15545549176817 0.01623701125299	0 0	0.00024015435896509 -0.0002899781682027
1370582325.3851	1.27702 0.010689	-0.25157566593022 0.0075234152466368	0 0	-0.0013023011581091 0.00091357217826758
1370582325.4191	1.280653 0.010285	0.10700701843386 -0.011899486773267	0 0	0.0011337668582096 0.00025313610300669
1370582325.4591	1.279987 0.009805	-0.016633359914256 -0.011988007145409	0 0	0.0022845904723876 -0.0017349282981584
1370582325.487	1.278738 0.010387	-0.044691819481652 0.020825171287686	0 0	0.0018677761151666 -0.00081173213131157
1370582325.5199	1.279163 0.00966	0.012930170750464 -0.022118197966082	0 0	0.0018959772908018 -0.0025590937237313
1370582325.5532	1.28351 0.010747	0.13045771283423 0.032621930952568	0 0	0.0061313745643951 0.00033532657502512
1370582325.5862	1.286508 0.009859	0.09097799364758 -0.026947451087074	0 0	0.012039447397064 -0.00088761127074596
1370582325.6188	1.285675 0.009962	-0.025509854863796 0.0031542797730741	0 0	0.015333394859251 -0.0011884465464257
1370582325.6521	1.284362 0.010558	-0.039529143054017 0.01794316013724	0 0	0.01606514838564 0.00066981050931693
1370582325.6866	1.285463 0.010827	0.031857671028941 0.0077835726673795	0 0	0.017174329695961 0.0025436774469525
1370582325.72	1.278081 0.010568	-0.22123709103901 -0.007762179162707	0 0	0.010164989361585 0.0023505461238286
1370582325.7536	1.277863 0.010502	-0.006484626478683 -0.0019632355394173	0 0	0.0043192433223719 0.0017704505459487
1370582325.7875	1.284582 0.010625	0.19846985489527 0.003633247827373	0 0	0.0063564465089695 0.0017792933208935
1370582325.8204	1.276964 0.010554	-0.23104384013883 -0.0021533358689758	0 0	0.0001944874555947 0.0012075063882569
1370582325.8546	1.284582 0.010625	0.22312059461195 0.0020794909710487	0 0	0.0030109894423031 0.0011352109551415
1370582325.8875	1.278279 0.011027	-0.19150505343832 0.012214030062225	0 0	-0.0011299823068698 0.0021546565638536
1370582325.9303	1.278308 0.010256	0.00067700143042539 -0.017998900098516	0 0	-0.004213640306201 -1.2154144895258e-06
1370582325.9548	1.278093 0.010254	-0.0087654829992838 -8.1539376737506e-05	0 0	-0.006620066549773 -0.0012381457485128
1370582325.9882	1.284812 0.010311	0.20165096223364 0.0017106868354395	0 0	-0.0016525967952314 -0.0014926520936076
1370582326.0197	1.286551 0.010455	0.055225399628997 0.0045730060647359	0 0	0.00387150220958 -0.00098318931115191
1370582326.0535	1.278081 0.010568	-0.2504212124288 0.0033409205436192	0 0	-0.00036400493074083 -0.00038164332922719
1370582326.0873	1.279383 0.010711	0.038537965110368 0.0042326643708011	0 0	-0.0022663555447406 0.00049964722220169
1370582326.1209	1.282747 0.010268	0.099874984292827 -0.013152383484459	0 0	-0.0003429687892036 -0.00042516433875685
1370582326.1536	1.278093 0.01019	-0.14260357830296 -0.0023900041056361	0 0	-0.0034476271857876 -0.0012539107146321
1370582326.1868	1.279791 0.010099	0.051061667457716 -0.0027365204585702	0 0	-0.0040110238137683 -0.001849504888202
1370582326.2205	1.279163 0.009846	-0.018655478047774 -0.007515662334535	0 0	-0.004926201883722 -0.0028226814076641
1370582326.2544	1.279389 0.010709	0.0066688197212644 0.025465448758627	0 0	-0.005214721506693 -0.0002511647589183
1370582326.2871	1.278738 0.010387	-0.019873009629037 -0.0098296606767251	0 0	-0.0059151800285547 0.00019063260762946
1370582326.3209	1.285249 0.010134	0.1927697582641 -0.0074905158717274	0 0	9.7983316558213e-05 -0.00027845729056719
1370582326.3553	1.28003 0.010399	-0.15164896101755 0.0077001292718241	0 0	-0.00042862195954509 0.00024307672347699
1370582326.3884	1.284813 0.0098	0.14471568127191 -0.018123498449064	0 0	0.0038522070895636 -0.0013471044352564
1370582326.431	1.287368 0.010537	0.059979328926676 0.017301278050473	0 0	0.0094774678981431 0.00032107101774232
1370582326.4557	1.286122 0.00873	-0.050437218035828 -0.07314610994441	0 0	0.012210912618245 -0.0046702152374566
1370582326.4886	1.278741 0.01008	-0.2242922190312 0.041023505716314	0 0	0.0066456053054225 -0.002768762934041
1370582326.5228	1.279758 0.010247	0.029702923688628 0.0048774712448384	0 0	0.0032301792941206 -0.00081810355503321
1370582326.5561	1.282118 0.010796	0.07094570386245 0.016503894669696	0 0	0.0028698926950569 0.0022161216526237
1370582326.5901	1.275316 0.010666	-0.19983508544052 -0.0038192533236205	0 0	-0.0042300399933516 0.0031701266021589
1370582326.6217	1.278738 0.010387	0.10858690327511 -0.0088532279408983	0 0	-0.0060789914855269 0.0025381123787952
1370582326.6547	1.278106 0.010011	-0.019131753657391 -0.011382182555664	0 0	-0.00790923575238 0.00066837458974802
1370582326.6882	1.277428 0.010175	-0.020209203794903 0.0048883619798884	0 0	-0.0097004335619406 5.4658556212944e-05
1370582326.7218	1.277863 0.010244	0.012970045495904 0.0020573175614195	0 0	-0.010308615126827 -6.0662887227772e-05
1370582326.7549	1.277047 0.010127	-0.024607805815189 -0.0035283250985016	0 0	-0.011236679512146 -0.00050986638740747
1370582326.7891	1.283044 0.010028	0.17532056240329 -0.0028942363978532	0 0	-0.0057077786405498 -0.00091700899343896
1370582326.8233	1.279608 0.010582	-0.10046517259793 0.016198400936918	0 0	-0.0046648483426891 0.00069093911665957
1370582326.8552	1.275735 0.009979	-0.12161635216962 -0.018934846464828	0 0	-0.007554364327126 -0.00050351462872802
1370582326.8894	1.277863 0.010244	0.06214778829804 0.0077392687495213	0 0	-0.0073867556851942 -0.00021793111958806
1370582326.9277	1.228928 0.009959	-1.2771423270632 -0.0074381437256158	0 0	-0.057923755778792 -0.0019256605832895
1370582326.9601	1.209962 0.019419	-0.58654630603954 0.2925618504236	0 0	-0.11309363058906 0.028498605042975
1370582326.9892	1.276391 0.012453	2.2794078653086 -0.23902746074365	0 0	-0.083611974903417 0.021203625857043
1370582327.0228	1.276603 0.009937	0.0063080294547431 -0.074863217491239	0 0	-0.057938052410304 0.0063005569024875
1370582327.056	1.276331 0.0107	-0.0081997131377838 0.023001401191666	0 0	-0.036654358727828 -0.00044983829428108
1370582327.0894	1.281635 0.01067	0.15868317997075 -0.00089752929847708	0 0	-0.014120608988178 -0.0042441456886796
1370582327.1237	1.28254 0.009174	0.026407165009772 -0.043652065032732	0 0	0.0044126638277701 -0.010883708903011
1370582327.159	1.27403 0.010407	-0.24120670527575 0.034948045547003	0 0	0.010116470330171 -0.0096341770436463
1370582327.1897	1.27599 0.01041	0.06377486998076 9.7614596909369e-05	0 0	0.016024357307362 -0.007846273625983
1370582327.2251	1.276218 0.010412	0.006436532044641 5.6460807409061e-05	0 0	0.020195577572414 -0.0059797992889775
1370582327.2575	1.280784 0.011192	0.14096892299085 0.02408141917058	0 0	0.027173740704103 -0.0016554888337301
1370582327.2913	1.280018 0.010244	-0.022682157378248 -0.028071390593451	0 0	0.030806869272387 -0.0021317971851928
1370582327.3243	1.283452 0.010552	0.10408318954777 0.0093353588761544	0 0	0.035912256571964 -0.0011301488879057
1370582327.3585	1.281561 0.010998	-0.055195507658478 0.013018083773496	0 0	0.036779605647465 0.00095692562606997
1370582327.3915	1.275791 0.01014	-0.17492814606539 -0.026011845636759	0 0	0.030515960904027 -0.00088336854284381
1370582327.4251	1.275306 0.011213	-0.014432743320132 0.0319305847062	0 0	0.02432425589437 0.0016397794140445
1370582327.4648	1.282155 0.009895	0.17262761086239 -0.033219914019074	0 0	0.025555029302985 -0.0012587961162597
1370582327.494	1.274927 0.010016	-0.24742450143641 0.0041419984330113	0 0	0.018527358116747 -0.0025499104393644
1370582327.5251	1.281791 0.011271	0.22114114816379 0.040433004217011	0 0	0.019399679256855 0.0011989335650824
1370582327.5586	1.276109 0.010698	-0.16918231033748 -0.017061151676061	0 0	0.013804397052807 0.0012356160218064
1370582327.5919	1.283452 0.010552	0.22088266412307 -0.0043917838706207	0 0	0.016326551331721 0.00078658852629912
1370582327.6251	1.281409 0.011068	-0.061511801875009 0.015536020444202	0 0	0.015722716649371 0.0020708448472371
1370582327.6576	1.275534 0.010743	-0.18056375760241 -0.0099886333992819	0 0	0.0089327724147668 0.0013990048931907
1370582327.6917	1.281561 0.010998	0.1769004213296 0.0074845872638209	0 0	0.009453280175523 0.0018155773077901
1370582327.7245	1.280784 0.011192	-0.023725269599529 0.0059236837867548	0 0	0.0087795338799034 0.0024673983422494
1370582327.7585	1.281998 0.010498	0.035673446474612 -0.020393222284497	0 0	0.0091577269336956 0.00033297582794364
1370582327.7915	1.275601 0.01042	-0.19354230069753 -0.0023599029942798	0 0	0.002829196062575 -0.0013152707715314
1370582327.8248	1.282216 0.008596	0.1991281450328 -0.054906989650767	0 0	0.0044579765676145 -0.0079111148662735
1370582327.859	1.276218 0.010547	-0.17497538126404 0.056915133185419	0 0	-0.00032657408460221 -0.0045911484454365
1370582327.8924	1.28277 0.010613	0.1964267167578 0.0019786574032379	0 0	0.0024974109479075 -0.0018618307855828
1370582327.9268	1.277218 0.010184	-0.16142338299863 -0.012473096416861	0 0	-0.00090913645173777 -0.0015940357559826
1370582327.9585	1.27485 0.011141	-0.074714609294836 0.030195051138159	0 0	-0.0057779808686632 0.0018185633130741
1370582327.9926	1.281931 0.010156	0.20785416986731 -0.028913480768154	0 0	-0.0023407477192951 0.00050149523708233
1370582328.0323	1.283947 0.010173	0.050729938409297 0.00042778221872918	0 0	0.0023119068216269 -0.0002199392714802
1370582328.0592	1.27485 0.010131	-0.33768692628616 -0.0015590690231966	0 0	-0.0031833312488341 -0.00092474959565936
1370582328.0927	1.282127 0.009892	0.21747180391738 -0.007142470954549	0 0	-7.4172427289348e-05 -0.0018602288834866
1370582328.1272	1.275888 0.010108	-0.18100254994674 0.0062664771259009	0 0	-0.00384412270174 -0.0016075146475476
1370582328.159	1.274395 0.010531	-0.046918683060231 0.013293103104138	0 0	-0.0080374421935705 7.41152363542e-05
1370582328.199	1.275152 0.010615	0.018940145599449 0.0021016806213388	0 0	-0.010196015282935 0.0013262602511693
1370582328.2271	1.275666 0.009844	0.018260664029608 -0.027390996044418	0 0	-0.011003375360801 -0.0006010379257969
1370582328.2612	1.276725 0.010496	0.031033969621177 0.019106844374886	0 0	-0.010198002991521 0.00051879033399676
1370582328.2933	1.282316 0.010743	0.17445583740514 0.0077071350096712	0 0	-0.0037900941758231 0.0020154826586893
1370582328.3276	1.274395 0.010195	-0.23083928200496 -0.015970196507855	0 0	-0.0065882721837796 0.00070837705945109
1370582328.3606	1.276331 0.010242	0.058613323016073 0.0014229474079314	0 0	-0.0065741514699091 8.4507256633497e-05
1370582328.3941	1.281561 0.010998	0.15599415397306 0.0225490593506	0 0	-0.0012121669634618 0.0022851196194228
1370582328.4276	1.27456 0.010358	-0.20903444221077 -0.019108990574903	0 0	-0.0040001202008678 0.0010684316873952
1370582328.4613	1.273309 0.010618	-0.037150321823289 0.0077210900671911	0 0	-0.0072097848388667 0.0010905515373507
1370582328.4945	1.275729 0.010446	0.072894127515329 -0.0051809049308418	0 0	-0.0070136687718171 0.00047816390838818
1370582328.5282	1.27605 0.011021	0.0095288659391062 0.017068840856653	0 0	-0.0063062710787161 0.0019649017169755
1370582328.5637	1.276275 0.010094	0.0063450078663963 -0.026141432409536	0 0	-0.0053617587235908 -0.00042141298553407
1370582328.6001	1.283452 0.010552	0.19694286392453 0.012567901863931	0 0	0.0025399006063889 -0.00010828258647423
1370582328.6288	1.282185 0.010448	-0.044081716489847 -0.0036183887252909	0 0	0.007235120660365 -0.00029313081532548
1370582328.6622	1.275075 0.010311	-0.21290731244824 -0.0041024334466116	0 0	0.0035633996634335 -0.00096044690791259
1370582328.6951	1.283498 0.009906	0.25670393675522 -0.012343000639423	0 0	0.0089278665066595 -0.0023951206041857
1370582328.7287	1.275888 0.010697	-0.22615849788145 0.023507407598453	0 0	0.0052540563109534 -0.00052890525269043
1370582328.7599	1.276725 0.010496	0.026801994503152 -0.006436321260612	0 0	0.0031236259487093 -4.4264992017935e-05
1370582328.7952	1.282379 0.010555	0.16032474388166 0.0016730031639579	0 0	0.0069508625619773 0.00053483136064403
1370582328.8281	1.274857 0.010052	-0.22883387143054 -0.015302238411269	0 0	0.0022162169812345 -0.00098376700403875
1370582328.8623	1.280784 0.010505	0.17329829074939 0.013245170526316	0 0	0.0044078930605909 -0.000151060063048
1370582328.8973	1.281862 0.010672	0.030736901687268 0.0047616536009027	0 0	0.0069835007891601 0.00090106104375586
1370582328.9288	1.276903 0.010823	-0.15758311957634 0.0047983567364442	0 0	0.0038335485118168 0.0017989278422659
1370582328.9615	1.281561 0.010998	0.14248984794912 0.0053533111616781	0 0	0.0059021364097896 0.0027762244084209
1370582328.9945	1.275511 0.010444	-0.18358937049175 -0.016811324173956	0 0	0.0013038902919933 0.0011030057979178
1370582329.028	1.275078 0.011076	-0.01292309072538 0.018862340273528	0 0	-0.0026302021817527 0.0020877568340888
1370582329.0616	1.274771 0.01025	-0.0091322789219809 -0.024570887262411	0 0	-0.0058401014894261 -0.00027080293767398
1370582329.0948	1.274605 0.010569	-0.0050007502980713 0.0096098755727932	0 0	-0.0082336481706625 -0.00054339331054467
1370582329.1377	1.280784 0.010574	0.14379819238857 0.00011636040814741	0 0	-0.0037153051194759 -0.00049790466318734
1370582329.1619	1.275394 0.01017	-0.22332607487899 -0.016739097263657	0 0	-0.0054598785771085 -0.0018451603210207
1370582329.1964	1.279922 0.010665	0.13100328692437 0.014321251552024	0 0	-0.0021425005132786 -0.00070725840576827
1370582329.2302	1.275376 0.010484	-0.13460478337357 -0.0053593193556129	0 0	-0.0040305844359311 -0.00065745186192716
1370582329.2634	1.276903 0.010823	0.045978751932915 0.010207463592181	0 0	-0.0038141260694569 0.00058356526324062
1370582329.2957	1.280317 0.010844	0.10587009519866 0.00065122202670532	0 0	-0.00018146111208097 0.0013643893111348
1370582329.3289	1.282543 0.011078	0.066941420231875 0.0070369687036201	0 0	0.0047564541658713 0.0024636437676003
1370582329.3623	1.280221 0.010488	-0.069533740918435 -0.017667918665753	0 0	0.0060673915337379 0.00084581064259086
1370582329.396	1.281484 0.010649	0.037457616472452 0.0047748822264962	0 0	0.0081038943032858 0.00037224154879618
1370582329.4327	1.27599 0.01041	-0.14996131909438 -0.0065236176307894	0 0	0.0039649683098326 -0.00083417644963744
1370582329.4626	1.273652 0.01042	-0.078011525198283 0.00033366777244774	0 0	-0.0016112731797099 -0.0014403659466776
1370582329.4958	1.273652 0.01049	0 0.0021086289662304	0 0	-0.0057673544939288 -0.001391212402652
1370582329.53	1.275078 0.010941	0.041791231738843 0.013217282969298	0 0	-0.0073002293525815 0.00029804666380192
1370582329.5628	1.27485 0.010737	-0.0069344933976256 -0.0062045467241942	0 0	-0.0084543005483118 0.00056913717793501
1370582329.5996	1.273986 0.010644	-0.02347953671716 -0.002527311243861	0 0	-0.0099059758237257 0.00034868120368884
1370582329.6336	1.280503 0.010394	0.19215797065708 -0.0073714121013153	0 0	-0.0042987864202112 -0.00049900439726935
1370582329.6994	1.276725 0.010496	-0.057359716323145 0.0015486212453576	0 0	-0.0035931093970525 -0.00067503966721884
1370582329.7282	1.275511 0.00967	-0.042208319636597 -0.028718345980089	0 0	-0.0041471707057163 -0.0034246430713699
1370582329.7527	1.281101 0.010385	0.22759726023142 0.029111277471461	0 0	0.0010617124626804 -0.0021834276124612
1370582329.7872	1.283498 0.009774	0.069609340709404 -0.017743557435731	0 0	0.00730578590982 -0.003193046583942
1370582329.82	1.282602 0.009965	-0.027258853706834 0.0058107601093808	0 0	0.010946427944622 -0.0028315505506022
1370582329.8544	1.280551 0.011052	-0.059782050507999 0.031683612336516	0 0	0.011370676295474 0.0011798058159912
1370582329.8878	1.276391 0.010332	-0.12454001113474 -0.021555001927167	0 0	0.0071871051379139 0.00091501196893664
1370582329.9203	1.283405 0.010879	0.21551638234777 0.016807450975796	0 0	0.010685312589254 0.0025746501135136
1370582329.9534	1.275696 0.010326	-0.23308407848791 -0.016720131716671	0 0	0.0053885617675547 0.0012880153974474
1370582329.9859	1.27695 0.010498	0.038539345784945 0.0052860984649203	0 0	0.002453457661649 0.0010028715331268
1370582330.0193	1.280551 0.01016	0.10769502445007 -0.010108558251631	0 0	0.0036846099594823 -0.00029954467750762
1370582330.0531	1.27833 0.01075	-0.06584078413412 0.017490347878942	0 0	0.0023300006631853 0.00086444337669721
1370582330.0863	1.282602 0.009833	0.12845413067604 -0.027573136196143	0 0	0.0053950135551669 -0.0014706019626867
1370582330.1198	1.275075 0.010698	-0.22466607511991 0.025818540584392	0 0	0.00015025451574986 2.5041250412953e-05
1370582330.1542	1.276166 0.010385	0.031790924440738 -0.0091205860219536	0 0	-0.002747542665098 -0.00011705416244166
1370582330.1865	1.28005 0.009924	0.11994313603298 -0.014236299101752	0 0	-0.0010396861637921 -0.0016100896911611
1370582330.221	1.273986 0.009594	-0.17598275378303 -0.0095768978806728	0 0	-0.0056937224481434 -0.0034840347798203
1370582330.2604	1.283452 0.010218	0.24052828041947 0.015855656769675	0 0	0.00026952583409538 -0.0019630807617302
1370582330.2875	1.283102 0.009988	-0.012917019947385 -0.0084883273939938	0 0	0.0044502641343029 -0.0016402107153858
1370582330.321	1.282653 0.010246	-0.013363532797818 0.0076788228548721	0 0	0.0070480301187481 -0.00045243656633427
1370582330.3543	1.2765 0.010361	-0.18518622640643 0.0034611435132032	0 0	0.0027287465757546 0.0005353231530007
1370582330.3885	1.281862 0.010205	0.15682429186657 -0.0045625866339395	0 0	0.0046438366974488 0.00063343609169536
1370582330.4224	1.275762 0.010408	-0.17952296832681 0.0059742889459577	0 0	-6.3316668384962e-05 0.0011666930091876
1370582330.4556	1.281484 0.010923	0.17237526027437 0.015514375924729	0 0	0.0020189832264323 0.0031327833490665
1370582330.4883	1.279386 0.010973	-0.064326336045386 0.0015330394672398	0 0	0.0014705527518592 0.0040408867478928
1370582330.5224	1.282117 0.010364	0.079893455047639 -0.017815860169905	0 0	0.0036683692229259 0.0021899055379229
1370582330.5556	1.275696 0.010942	-0.19377082737234 0.017442694007353	0 0	-0.0010990519987115 0.0026459626662701
1370582330.5887	1.27389 0.01007	-0.054517741133118 -0.026323073238139	0 0	-0.0064739147460432 -0.00025520125020044
1370582330.6263	1.272701 0.009849	-0.031600465456386 -0.0058735936634667	0 0	-0.011503167034467 -0.0026174774978413
1370582330.6565	1.282826 0.010756	0.33520927625918 0.03002812973502	0 0	-0.0049808030625158 -0.00052475323380925
1370582330.6887	1.275798 0.011002	-0.21838309474667 0.0076440297819693	0 0	-0.0067407987412853 0.0014066166703597
1370582330.723	1.273751 0.010087	-0.05969823380777 -0.026684848038159	0 0	-0.0098968781906633 -0.0006670695120432
1370582330.7562	1.275762 0.009263	0.060658056179613 -0.024854419836898	0 0	-0.0099787432878576 -0.0044213241606072
1370582330.7957	1.274078 0.010313	-0.042542525830137 0.026525921687436	0 0	-0.01135303468844 -0.0026796929881113
1370582330.824	1.274771 0.010455	0.024563953959268 0.0050333065832841	0 0	-0.01133488598913 -0.00090640591397743
1370582330.8563	1.275159 0.010932	0.012000869814015 0.014753646652803	0 0	-0.010557981982635 0.0017808367516829
1370582330.8893	1.281635 0.01067	0.19602861300636 -0.007930743762765	0 0	-0.0033088641655437 0.0023910631499333
1370582330.9275	1.274703 0.009882	-0.18140982409904 -0.020621889987022	0 0	-0.0045011212682576 -0.0002369984498871
1370582330.9578	1.278577 0.010296	0.12812538890861 0.013692284720744	0 0	-0.0014378971820503 -0.00027994245279265
1370582330.9901	1.276036 0.011146	-0.078524995314024 0.026267707995638	0 0	-0.0015443195783702 0.0024538517903558
1370582331.0225	1.279275 0.009992	0.099993748480075 -0.035626053024392	0 0	0.0015767977588486 4.3111760875818e-05
1370582331.0574	1.282543 0.010411	0.093655097652301 0.012007798628003	0 0	0.0070903645860352 8.010269145029e-05
1370582331.0904	1.279723 0.010509	-0.085604855503045 0.0029749205103894	0 0	0.0082919242046474 0.00034760348846592
1370582331.1229	1.279153 0.01056	-0.017506724271758 0.0015663911190522	0 0	0.0083713842857454 0.00061151497465175
1370582331.1559	1.276275 0.010094	-0.087122131370212 -0.014106641146115	0 0	0.0053101132420708 -0.00088427842728701
1370582331.1899	1.276903 0.010823	0.01849787151324 0.02147284766426	0 0	0.0034572988168046 0.00074833904417626
1370582331.2232	1.281017 0.01037	0.12367753966127 -0.013618358159104	0 0	0.0059657312659516 0.00020180749489808
1370582331.2573	1.283225 0.010216	0.064655695718953 -0.0045095005166299	0 0	0.0098280259345539 -0.00060171426345275
1370582331.2904	1.285969 0.010388	0.082830176366864 0.0051919789850953	0 0	0.015115504566085 -0.00039864662887883
1370582331.3251	1.277916 0.009495	-0.23256444760252 -0.025789153322868	0 0	0.010724512505262 -0.0033176756732152
1370582331.3666	1.288117 0.010041	0.24590133797709 0.01316166361489	0 0	0.017036675230961 -0.0026645457752091
1370582331.3903	1.268123 0.026286	-0.84019711430604 0.68265490256585	0 0	0.0033418158392237 0.050686430557531
1370582331.4256	1.253183 0.053768	-0.42396231307889 0.7798749858122	0 0	-0.015645492560624 0.16469849090819
1370582331.4588	1.224129 0.081926	-0.87453574187622 0.84756582294178	0 0	-0.054346269944838 0.30171730633199
1370582331.4916	1.19321 0.109093	-0.9438336356795 0.82930005435186	0 0	-0.11290952148784 0.43149174865184
1370582331.525	1.166482 0.13479	-0.79863616638765 0.76782975036154	0 0	-0.1827887890973 0.53729309531413
1370582331.5571	1.137974 0.160954	-0.89007077938648 0.81688690444324	0 0	-0.26162941961272 0.61837999754158
1370582331.5911	1.116988 0.186176	-0.61622127921255 0.74060483676255	0 0	-0.3360265354534 0.67553887885504
1370582331.6255	1.093704 0.209633	-0.67755104057945 0.68258524131902	0 0	-0.40899879845192 0.70649745515411
1370582331.6595	1.066802 0.233191	-0.79037255157535 0.69212685190737	-0.663444 0.637287	-0.482548279973 0.7183862068373
1370582331.692	1.041441 0.25583	-0.78103679149442 0.69720799347984	-0.530756 0.50983	-0.55132779576696 0.71680497001668
1370582331.7256	1.018312 0.362299	-0.68870818282242 3.1703087689446	-0.424604 0.407864	-0.49147489419028 0.97339689756767
1370582331.7592	0.993762 0.435328	-0.72940025359316 2.1697503511061	-0.339684 0.326291	-0.4397997268108 1.2266467543014
1370582331.7924	0.960589 0.424235	-0.99912140307339 -0.33410465511992	-0.271747 0.261033	-0.55710231498036 1.2072851362554
1370582331.8263	0.930896 0.424851	-0.87584984473435 0.018170057062485	-0.271747 0.261033	-0.70712061501096 1.0596044857304
1370582331.8596	0.884029 0.475902	-1.409317657963 1.5351329454983	-0.271747 0.261033	-0.83223720832469 1.01486856028
1370582331.8951	0.855371 0.502958	-0.80772757777882 0.76257510448684	-0.808221 0.971233	-0.92207717920335 0.9747190940668
1370582331.9337	0.784536 0.458535	-1.8334857034244 -1.1498402682745	-0.646577 0.776986	-1.1833950752774 0.63698776592161
1370582331.9635	0.746062 0.455361	-1.2918103098488 -0.10657082506264	-0.517261 0.621589	-1.3532129129178 0.38865887677092
1370582331.9919	0.738617 0.468286	-0.26203621143083 0.4549117572523	-0.413809 0.497271	-1.3427306991691 0.31556824216495
1370582332.0278	0.727321 0.497033	-0.31456514194281 0.80053152756993	-0.331047 0.397817	-1.2138403240472 0.37816366251837
1370582332.0595	0.720877 0.52195	-0.20322945550518 0.78582686884272	-0.264838 0.318254	-1.032909990538 0.48750272741687
1370582332.0926	0.710369 0.554953	-0.31803829147063 0.99887873367008	-0.21187 0.254603	-0.83808836850797 0.61712279679742
1370582332.1261	0.695441 0.589799	-0.44462839164892 1.0378832352223	-0.169496 0.203682	-0.67035356208218 0.73446194155282
1370582332.1582	0.671615 0.615634	-0.74367999809491 0.80638683584244	-0.169496 0.203682	-0.5827703566979 0.79443054567475
1370582332.1921	0.649358 0.641936	-0.65589320607887 0.77509561514519	-1.05547 0.774565	-0.54609628353203 0.82028725067142
1370582332.2256	0.585988 0.697442	-1.8945297015574 1.6594250530953	-0.844376 0.619652	-0.62776767814293 0.84866738465658
1370582332.2587	0.528505 0.756533	-1.7365397351772 1.7851168082973	-0.675501 0.495721	-0.76040857751372 0.90130641359551
1370582332.2927	0.527814 0.764914	-0.020312751881807 0.24636928150713	-0.540401 0.396577	-0.78059204286444 0.92401538752875
1370582332.3253	0.503338 0.775569	-0.74921024567959 0.32614950023353	-0.432321 0.317262	-0.82071196113941 0.90186033369587
1370582332.3588	0.437657 0.80887	-1.962207477592 0.99486108937577	-0.432321 0.317262	-0.98460187593982 0.87173413711562
1370582332.3922	0.417482 0.82668	-0.60429535745656 0.53345726474852	-0.432321 0.317262	-1.0317196107987 0.84395811414394
1370582332.4264	0.421976 0.829063	0.13151095512391 0.069735337352088	-0.977808 0.777735	-0.94341641692336 0.81611684676604
1370582332.4665	0.401742 0.831175	-0.50464130683697 0.052673838096258	-0.782246 0.622188	-0.87847878831911 0.75589755871351
1370582332.4923	0.398457 0.83949	-0.12731974939474 0.32227205973128	-0.625797 0.49775	-0.76100176544251 0.70583055306405
1370582332.5259	0.386307 0.849714	-0.36105021467133 0.30381706953084	-0.500637 0.3982	-0.65593900419258 0.6525793384822
1370582332.5601	0.358112 0.873779	-0.82492240546328 0.70408787683894	-0.40051 0.31856	-0.61182868642267 0.60800733555138
1370582332.5942	0.337281 0.893536	-0.61184556459384 0.58030016896359	-0.320408 0.254848	-0.58587679275058 0.573836675695
1370582332.6277	0.31574 0.914675	-0.64180988161082 0.62983237024145	-0.256326 0.203879	-0.57454759200337 0.55041788687371
1370582332.6611	0.288629 0.9364	-0.81209355423038 0.65075919241839	-0.205061 0.163103	-0.59402948597138 0.53426896334131
1370582332.6944	0.263378 0.960082	-0.75931754363677 0.71213647255182	-0.164049 0.130482	-0.61954072688851 0.52893427019073
1370582332.7312	0.23874 0.982174	-0.66863749386614 0.59954296267923	-0.164049 0.130482	-0.64502606137911 0.53007360105424
1370582332.7604	0.213845 0.998873	-0.8517247691994 0.57131761079979	-0.164049 0.130482	-0.67244904796833 0.52932852635814
1370582332.7945	0.114781 1.012562	-2.9038188222435 0.40125954794568	-1.034652 0.640778	-0.9909996712577 0.55888301045422
1370582332.8273	0.059353 1.05651	-1.6917862442475 1.3413910273181	-0.827722 0.512623	-1.2252055936746 0.60021969857307
1370582332.8635	0.071271 1.073816	0.32936275752285 0.47826412835127	-0.662177 0.410098	-1.1542348188062 0.59394703458434
1370582332.8957	0.0634 1.086033	-0.24460868664236 0.37967022293352	-0.529742 0.328079	-1.0027591990208 0.58125697626999
1370582332.9284	0.062253 1.0987	-0.034992956757661 0.38644793657305	-0.423794 0.262463	-0.8021276425712 0.56645365540487
1370582332.9651	0.054313 1.112374	-0.2164021349899 0.37268045262617	-0.339035 0.20997	-0.62432507555699 0.54760779158888
1370582332.9949	0.042885 1.128148	-0.38458611704671 0.53084191549657	-0.271228 0.167976	-0.49304330052101 0.52921303818642
1370582333.0294	0.032906 1.146055	-0.28896977130943 0.5185471184325	-0.216982 0.134381	-0.39772656235959 0.51593723769755
1370582333.0951	-0.006956 1.182872	-0.60642336000929 0.56009956463453	-0.173586 0.107505	-0.43704913509769 0.53175752453327
1370582333.129	-0.016988 1.1886	-0.29625195539033 0.16915183417822	-0.138869 0.086004	-0.4435404158261 0.52864007087621
1370582333.1949	-0.065891 1.240813	-0.74244054190466 0.79269263673942	-0.138869 0.086004	-0.56209556902761 0.57489626305815
1370582333.2293	-0.078573 1.256994	-0.36818065194189 0.469762744762	-0.67546 0.791212	-0.61022642444301 0.59774307913312
1370582333.2967	0 0	1.1648735947744 -18.635397902458	-0.202638 0.237364	0.14613520813063 -4.7474080524663
1370582333.3381	-0.141927 1.364084	-3.428428998157 32.951201262072	0 0	-0.2596692569061 -4.4603082704396
1370582333.3945	0 0	2.5168803249153 -24.190155369534	0 0	0.11829478869791 -0.30722222824739
1370582333.4293	0 0	0 0	0 0	0.093626063071689 -0.10191640820967
1370582333.4622	0 0	0 0	0 0	0.049164951210471 -0.036796784098089
1370582333.4957	0 0	0 0	0 0	0.020566535361545 -0.013525105059506
