1370582274.8337	0 0	0 0	0 0	0 0	0 0	0 0
1370582274.902	1.166654 0.038792	17.09354774516 0.56837151728812	0 0	0 0	0 0	0 0
1370582274.933	1.162625 0.03995	-0.12975859279906 0.037294725852894	0 0	0 0	1.162625 0.03995	1.162625 0.03995
1370582274.9666	1.160332 0.042152	-0.068211432040628 0.065504393089166	0 0	-0.068778827329165 0.066058610977827	1.1603323472035 0.042151977920752	1.1580397196258 0.044353931620012
1370582274.9999	1.161287 0.041841	0.028667456217571 -0.0093356846949364	0 0	-0.029380266536537 0.022068009376683	1.1606441752934 0.042167395920436	1.1596648330755 0.042902996232992
1370582275.0329	1.15482 0.042092	-0.19616674237197 0.007613708417406	0 0	-0.062462742139528 0.01166918595307	1.1564931905095 0.042252640984996	1.1544110991049 0.042641613850098
1370582275.0699	1.158458 0.041628	0.098382805289594 -0.012547999355242	0 0	-0.044816695625791 0.0029531177014823	1.1566186662965 0.041944931963355	1.1551247764423 0.042043369220071
1370582275.0997	1.153728 0.041133	-0.15844247737854 -0.016581189493104	0 0	-0.049496408617889 -0.0050472077101087	1.154453646582 0.041412225088024	1.1528037662948 0.041243984831021
1370582275.136	1.155313 0.040933	0.043750760705752 -0.0055206007199691	0 0	-0.043051067202725 -0.0071118945313133	1.1538688734186 0.041057533547777	1.1524338378452 0.040820470396733
1370582275.1685	1.152159 0.040609	-0.096789742281018 -0.0099428904562615	0 0	-0.043715741092754 -0.0089156220345159	1.1523241714274 0.04067679831401	1.1508669800576 0.040379610912859
1370582275.2077	1.155643 0.041157	0.088977514345561 0.013995315115203	0 0	-0.033633342424332 -0.0014626178624064	1.1526313170591 0.040946733094277	1.1515102056449 0.04089797916553
1370582275.2351	1.152612 0.041152	-0.11048769727625 -0.00018226278006633	0 0	-0.031368320112329 0.00087985772236708	1.1519037167248 0.041079393380771	1.1508581060544 0.041108721971516
1370582275.2681	1.151452 0.040937	-0.035184569502901 -0.0065212779682099	0 0	-0.030230041779018 -0.00040540514598114	1.1510618815437 0.04100113248203	1.1500542134844 0.040987618977164
1370582275.3016	1.152754 0.041144	0.038830901326132 0.0061735764781171	0 0	-0.024850002539141 0.0014895676375167	1.150977772705 0.041122872085387	1.150149439287 0.041172524339971
1370582275.3353	1.262827 0.056495	3.2733485358404 0.4565077119156	0 0	-0.024850002539141 0.0014895676375167	1.150149439287 0.041172524339971	1.149321105869 0.041222176594555
1370582275.3682	1.333754 0.05687	2.1532237971048 0.011384365952519	0 0	0 0	1.333754 0.05687	1.333754 0.05687
1370582275.4032	1.207484 0.045585	-3.6127751020158 -0.32288086660527	0 0	0 0	1.333754 0.05687	1.333754 0.05687
1370582275.435	1.176851 0.045021	-0.96323593150808 -0.017734634719765	0 0	0 0	1.176851 0.045021	1.176851 0.045021
1370582275.4695	1.1604 0.042143	-0.47647010761242 -0.083355478068722	0 0	-0.49345272424738 -0.08634119369368	1.1604023949258 0.042142928551773	1.1439539707842 0.039264888761984
1370582275.503	1.157588 0.042914	-0.083985237535071 0.023027246849054	0 0	-0.32499153631395 -0.018730322312695	1.1549388582781 0.042490010300272	1.1441058070676 0.041865666223182
1370582275.5365	1.158138 0.042341	0.016402172861973 -0.017088081908933	0 0	-0.22991224156519 -0.010613926187512	1.1532433293873 0.042295300525317	1.1455795880018 0.041941502985734
1370582275.5696	1.158402 0.043221	0.0079818942087293 0.026606314029093	0 0	-0.17314751267734 0.0036338925454393	1.1526070210479 0.04293099394784	1.146835437292 0.043052123699355
1370582275.602	1.158893 0.043292	0.015131878469034 0.0021881127725077	0 0	-0.13424617554455 0.0080255968134594	1.1525649955337 0.043308140615912	1.1480901230156 0.043575660509694
1370582275.6367	1.158213 0.042601	-0.019594300043282 -0.019911266661629	0 0	-0.10820699054459 0.0020904110878083	1.1523885408111 0.043013837826698	1.1487816411263 0.043083518196291
1370582275.6734	1.155383 0.042187	-0.077221056904748 -0.011296649313981	0 0	-0.093505032034973 -0.0038451014220638	1.1513610611774 0.042552118951187	1.1482442267762 0.042423948903785
1370582275.7042	1.155841 0.041882	0.014844110871559 -0.0098852703402338	0 0	-0.077843475565521 -0.006603201261961	1.1510369530067 0.042145086388382	1.1484421704878 0.04192497967965
1370582275.7383	1.158112 0.042421	0.066602322688915 0.015807420488473	0 0	-0.058451556933206 -0.00030889221750227	1.1518611806871 0.042364919320927	1.149912795456 0.042354622913677
1370582275.7706	1.157822 0.041975	-0.0089886134450715 -0.013823867574139	0 0	-0.042955300831851 -0.0016335913274455	1.1526361021566 0.042193934430771	1.1512042587955 0.042139481386523
1370582275.8041	1.157238 0.042503	-0.017447883978685 0.015774799213608	0 0	-0.030956036717464 0.0027447580246458	1.1532669294694 0.042453069933465	1.1522350615788 0.04254456186762
1370582275.8359	1.160391 0.042673	0.099035755028681 0.0053397013494692	0 0	-0.014773059062052 0.0056688000334261	1.1549952640036 0.042727475395148	1.1545028287015 0.042916435396262
1370582275.8692	1.160212 0.042191	-0.0053782758408231 -0.014482284666356	0 0	-0.0035335249338225 0.0010017319710698	1.1564271331423 0.04250225433278	1.1563093489779 0.042535645398482
1370582275.9027	1.16004 0.042638	-0.0051274745588055 0.01332547167317	0 0	0.0039888166160605 0.0026945240579935	1.1575759032567 0.042648300814705	1.1577088638106 0.042738118283305
1370582275.9361	1.158098 0.042442	-0.058148591270574 -0.0058687558645898	0 0	0.0047083442517646 0.00034757888675947	1.1578378628874 0.042545941553926	1.1579948076958 0.042557527516818
1370582275.9707	1.160391 0.042616	0.066233758054071 0.0050260243791579	0 0	0.0095623735614233 0.0013734145254876	1.1588100307091 0.042624843537294	1.1591287764945 0.042670624021477
1370582276.0027	1.16004 0.042451	-0.01099239674753 -0.0051673659924288	0 0	0.011356549300874 -0.00022444248391639	1.1594365503667 0.042535595715008	1.1598151020101 0.042528114298877
1370582276.0371	1.160884 0.043161	0.024542718118667 0.020646125431578	0 0	0.013669586546574 0.0052185131446351	1.1601878745165 0.042960952042361	1.1606435274014 0.043134902480515
1370582276.0724	1.159702 0.04416	-0.033474907853425 0.028292244454798	0 0	0.012020641517864 0.013420196467339	1.160338277974 0.043803856965146	1.1607389660246 0.044251196847391
1370582276.1094	1.157993 0.042203	-0.046171709368236 -0.052871875502422	0 0	0.0060371783710628 -0.0040502319533875	1.1597871004999 0.042857543809388	1.159988339779 0.042722536077609
1370582276.1383	1.159693 0.042397	0.058866452566316 0.0067177010575677	0 0	0.0053669714468617 -0.0067925883505024	1.1598841184615 0.042502987524696	1.1600630175097 0.042276567913012
1370582276.1715	1.158357 0.042741	-0.040139467948397 0.010335312106473	0 0	0.0020217735259797 -0.0033642035567589	1.159486768557 0.0425646961546	1.1595541610078 0.042452556036041
1370582276.2046	1.160531 0.04202	0.065707427929061 -0.021791653880798	0 0	0.0039003955606707 -0.0066974579549086	1.1598823049544 0.042176932412486	1.1600123181398 0.041953683813989
1370582276.2383	1.159519 0.041717	-0.030080545167212 -0.009006329234847	0 0	0.0028518235539624 -0.0087535719803521	1.1598416874054 0.041790749029427	1.1599367481905 0.041498963296749
1370582276.2716	1.159208 0.042367	-0.0093384917563325 0.019517748043785	0 0	0.0015807399684254 -0.0017840546613687	1.1597000366658 0.04206673483588	1.1597527279981 0.042007266347168
1370582276.3076	1.159196 0.041624	-0.00033278882850343 -0.020605174964626	0 0	0.00037340252922437 -0.0050590415634318	1.1595591416708 0.041746278408015	1.1595715884218 0.041577643689234
1370582276.3388	1.159868 0.042048	0.02158056067439 0.013616306139793	0 0	0.0010794346903702 -0.001127262656076	1.1596784467643 0.041893343773621	1.1597144279206 0.041855768351752
1370582276.3708	1.158528 0.043875	-0.041860880212714 0.057074498618383	0 0	-0.00079796052756381 0.015197500528211	1.1593453353943 0.043182096621915	1.15931873671 0.043688679972856
1370582276.4065	1.160214 0.041812	0.04722425819894 -0.057783893632508	0 0	0.00063207080631466 -2.1913556623737e-05	1.1596109286174 0.042453240649338	1.1596319976442 0.04245251019745
1370582276.4379	1.156393 0.042751	-0.12152470907961 0.029864355358741	0 0	-0.0058683133517485 0.0016915619856324	1.1585281022327 0.042612131577248	1.1583324917876 0.042668516976769
1370582276.4712	1.159527 0.042368	0.094204712303634 -0.011512573328747	0 0	-0.0035227628483526 -0.00050703300511698	1.1587358687209 0.042483199561137	1.1586184432927 0.042466298460967
1370582276.5111	1.1584 0.042263	-0.028222970188728 -0.002629469272242	0 0	-0.0040104945418635 -0.0022287472078341	1.1585416271846 0.042328656752698	1.1584079440332 0.042254365179103
1370582276.5387	1.157581 0.041809	-0.029724700177394 -0.016477428425561	0 0	-0.0057820569503134 -0.0060791702952763	1.1581210866729 0.041948743130461	1.1579283514412 0.041746104120619
1370582276.5715	1.158891 0.042015	0.039902528268177 0.0062747487200342	0 0	-0.0037753150417212 -0.0036514116398451	1.1582595627452 0.041935921516342	1.1581337189105 0.041814207795013
1370582276.605	1.156212 0.041938	-0.079924748138186 -0.0022972025407391	0 0	-0.0076446036885869 -0.0030654466884101	1.1574783644187 0.041873962056235	1.1572235442957 0.041771780499955
1370582276.6393	1.161099 0.04483	0.14255307184834 0.084359215016448	0 0	0.0010165435968333 0.022956256231513	1.1586033303842 0.043847029279749	1.1586372151707 0.044612237820799
1370582276.6724	1.160039 0.042146	-0.032079269804393 -0.081227132221685	0 0	0.0033586915247979 0.0030014289141775	1.1591001767466 0.042990300608627	1.1592121331308 0.043090348239099
1370582276.7053	1.157384 0.041871	-0.080664950779062 -0.008355126728528	0 0	-0.00061109404195705 -0.0074445667242097	1.1585760573745 0.042258198462498	1.1585556875731 0.042010046238358
1370582276.7465	1.159693 0.042228	0.056048984229323 0.0086658672021947	0 0	0.0017364908249364 -0.0053958983308067	1.1589456883727 0.042168088021456	1.1590035714002 0.041988224743762
1370582276.7726	1.161988 0.042792	0.087770148077903 0.02156965730542	0 0	0.007942282478449 0.0018824934441739	1.1600288372228 0.042556842649057	1.1602935799721 0.04261959243053
1370582276.8079	1.163369 0.04341	0.039126023006831 0.017508966124707	0 0	0.014327741815667 0.0090731372464724	1.1613495034047 0.043180870667037	1.1618270947985 0.043483308575252
1370582276.8403	1.161196 0.045162	-0.067026692298082 0.054040849013451	0 0	0.013499240580023 0.022702053209504	1.1616422252018 0.044589500810005	1.1620921998878 0.045346235916988
1370582276.8745	1.160699 0.043572	-0.014552168881938 -0.046555228415056	0 0	0.010297569061221 0.0078089691441238	1.1616022697051 0.044151314718273	1.1619455220071 0.044411613689744
1370582276.9076	1.160045 0.044843	-0.019767913983452 0.038417459744602	0 0	0.0065636784435662 0.01089829540189	1.1613035860648 0.044674094595806	1.1615223753463 0.045037371109203
1370582276.9474	1.160516 0.043664	0.011832987026058 -0.029620152237197	0 0	0.0042258303948751 -0.0006174994778178	1.1611668194622 0.044113519293249	1.1613076804754 0.044092935977322
1370582276.9725	1.159585 0.043475	-0.037042735675799 -0.0075199538589968	0 0	0.00060105115735729 -0.0060979517023814	1.1607133920564 0.043661681726028	1.160733427095 0.043458416669282
1370582277.0074	1.163211 0.043815	0.10399503773856 0.0097513273113927	0 0	0.0056745262858205 -0.0025943523894166	1.1615794054906 0.043724920766131	1.1617685563668 0.043638442353151
1370582277.0409	1.161466 0.043802	-0.052032222032642 -0.00038763259967011	0 0	0.0051018977699373 -0.0013222692525533	1.1616675523971 0.043743321647129	1.1618376156561 0.043699246005377
1370582277.077	1.16226 0.044397	0.021977966950002 0.016469635182936	0 0	0.006124322865213 0.0045019257455263	1.1619912102027 0.044167280083631	1.1621953542982 0.044317344275148
1370582277.1085	1.164937 0.04397	0.084973563861744 -0.013553870664537	0 0	0.011560596412488 0.0022961869547199	1.1631220460031 0.044120604526688	1.1635073992168 0.044197144091846
1370582277.1414	1.16192 0.044695	-0.091687909690316 0.022033057515904	0 0	0.0084766487429041 0.0060044848533903	1.1629732818944 0.044507828103965	1.1632558368525 0.044707977599078
1370582277.1755	1.162449 0.044449	0.01552869701784 -0.0072212844355171	0 0	0.0067874958101087 0.0036893193325919	1.1629779412846 0.044526208915261	1.1632041911449 0.044649186226347
1370582277.2091	1.161626 0.044424	-0.02450719680802 -0.00074444704763134	0 0	0.0035469235060709 0.0014671682457621	1.1626635228463 0.044480220588324	1.1627817536298 0.044529126196516
1370582277.2415	1.159884 0.044613	-0.053778669296791 0.0058347695161267	0 0	-0.0022948977411833 0.0014656927289704	1.1617935404885 0.044548742842755	1.1617170438971 0.044597599267054
1370582277.2753	1.159434 0.044211	-0.013294336247028 -0.011876273714016	0 0	-0.0070022882186386 -0.0022516604833089	1.1609336116791 0.044312763792677	1.1607002020718 0.044237708443233
1370582277.3088	1.161177 0.043553	0.052143476758695 -0.019684686005292	0 0	-0.0061926083427513 -0.0077626168638082	1.1608557253262 0.043789186037769	1.1606493050481 0.043530432142308
1370582277.344	1.160046 0.045172	-0.032133402588957 0.045998212901434	0 0	-0.0069840546400258 0.005577322149729	1.1604713282383 0.044612465815598	1.1602385264169 0.044798376553923
1370582277.3828	1.161965 0.043599	0.04938774751646 -0.040483025973627	0 0	-0.0037604736301247 -0.0038643741970238	1.1608154235306 0.044023543625381	1.1606900744096 0.043894731152147
1370582277.4092	1.163133 0.044991	0.044247069780887 0.052732809190918	0 0	0.001443146980114 0.0057105240215056	1.1615376895307 0.044652218783023	1.16158579443 0.04484256958374
1370582277.4425	1.162876 0.04331	-0.0077124345548975 -0.050445924073094	0 0	0.0037198805531868 -0.0065637833854417	1.1620123417577 0.04384102621157	1.1621363377762 0.043622233432055
1370582277.4761	1.163211 0.043918	0.0099853735564786 0.018122707827879	0 0	0.0059573128665333 -0.0038864551191698	1.1625058734157 0.043831532624232	1.1627044505112 0.04370198412026
1370582277.5113	1.161605 0.043821	-0.045582239737985 -0.0027530991622569	0 0	0.0037641915587756 -0.0031667730252224	1.1623310826759 0.043767572584033	1.1624565557278 0.043662013483192
1370582277.543	1.163832 0.0443	0.070221436256747 0.015103757506503	0 0	0.0066884036174619 0.0023867645573148	1.1629328486397 0.044101805274449	1.1631557954269 0.044181364093026
1370582277.5759	1.160361 0.043176	-0.10558844482481 -0.034192282334511	0 0	0.00081776626426873 -0.0065190407713492	1.1621923945585 0.043479838230099	1.162219653434 0.043262536871054
1370582277.6101	1.162155 0.044585	0.052471209840732 0.041210665922847	0 0	0.0010214412817465 0.0043150177524172	1.1622183366718 0.044138617032594	1.1622523847145 0.044282450957675
1370582277.6426	1.163485 0.043382	0.040902936751186 -0.036997167602763	0 0	0.0033079551613827 -0.0027848845339241	1.1626629876654 0.043700133403294	1.1627732528375 0.04360730391883
1370582277.6768	1.16346 0.045267	-0.00073180631743985 0.055178196334604	0 0	0.0051292941463756 0.010987663856707	1.1630356429666 0.04471640031121	1.1632066194382 0.045082655773101
1370582277.7103	1.164596 0.042781	0.033895294539454 -0.074175794212219	0 0	0.0074667908626704 -0.0075602600762274	1.1636653674987 0.043572650084302	1.1639142605274 0.043320641415095
1370582277.7442	1.162419 0.044338	-0.064243096614411 0.045946945993865	0 0	0.004703202920977 0.00043240771786269	1.1634202515582 0.043977241357164	1.1635770249889 0.043991654947759
1370582277.7798	1.164275 0.045022	0.052069002073491 0.019189222746913	0 0	0.0063676940542098 0.0090417491142057	1.1638300177956 0.044683199902566	1.164042274264 0.044984591539707
1370582277.8095	1.165001 0.045546	0.024451869817639 0.017648457003365	0 0	0.008439037879067 0.013871570460903	1.1643763246787 0.045368792002735	1.1646576259414 0.045831177684765
1370582277.8423	1.162289 0.04446	-0.082738359831542 -0.033131953826347	0 0	0.0033455217502859 0.0020595573286809	1.1638367474351 0.044891535763822	1.1639482648268 0.044960187674778
1370582277.8756	1.163775 0.044864	0.044599182425763 0.012125215141324	0 0	0.0029730337272432 0.001229754690562	1.1638880833631 0.044894261366262	1.1639871844874 0.044935253189281
1370582277.9092	1.160201 0.044587	-0.10645486983631 -0.0082506992010794	0 0	-0.0047706482435142 -0.0025338105208403	1.1626895474548 0.044656836251197	1.1625305258467 0.044572375900503
1370582277.9427	1.155191 0.044052	-0.14967706877885 -0.015983479400536	0 0	-0.019808653515857 -0.0085619565768469	1.1600068550537 0.044135678115879	1.1593465666031 0.043850279563317
1370582277.9761	1.149607 0.044113	-0.16704582179207 0.0018248200446482	0 0	-0.03963229131848 -0.00872094624943	1.1559959767107 0.043904574887002	1.1546749003334 0.043613876678688
1370582278.0122	1.139502 0.043247	-0.27955940267004 -0.023958282307002	0 0	-0.070974046151088 -0.01537928925955	1.1494062149203 0.043182635818479	1.1470404133819 0.04266999284316
1370582278.0437	1.130111 0.040218	-0.29822308684262 -0.096189727403504	0 0	-0.10652289208 -0.039704828967976	1.1411333046098 0.040832057715244	1.1375825415405 0.039508563416312
1370582278.0766	1.110997 0.040209	-0.58203386541408 -0.00027405591653886	0 0	-0.16250171964863 -0.039952752874544	1.128180399732 0.039671049880487	1.1227636757437 0.038339291451336
1370582278.1093	1.101682 0.038464	-0.28421944480009 -0.053243470872374	0 0	-0.20717037068829 -0.043637808147591	1.1153043706301 0.038187854881693	1.1083986916072 0.036733261276773
1370582278.1437	1.088642 0.036099	-0.37915663780494 -0.068765755246064	0 0	-0.249599139461 -0.053349973375661	1.1013656425876 0.036092765597914	1.0930456712723 0.034314433152058
1370582278.1758	1.078589 0.034574	-0.31374420072325 -0.047593743768323	0 0	-0.28073958814351 -0.054167935408443	1.0878917956639 0.034342540746349	1.0785338093924 0.032536942899401
1370582278.2122	1.066032 0.032377	-0.34432900095451 -0.060244550059493	0 0	-0.30802364292538 -0.058082171742527	1.0740493272458 0.032305746899353	1.0637818724816 0.030369674507935
1370582278.2491	1.05749 0.028761	-0.23139156764577 -0.097952693585471	0 0	-0.32200336756204 -0.073273706004418	1.0615274101395 0.029212446044834	1.0507939645541 0.02676998917802
1370582278.2782	1.04391 0.027055	-0.46741821070427 -0.058719842964762	0 0	-0.33724934962603 -0.071987301209707	1.0483042597792 0.026909109497761	1.0370626147917 0.024509532790771
1370582278.3115	1.033514 0.026414	-0.31210799942737 -0.019244058063962	0 0	-0.34490766545906 -0.055756131639914	1.0357884326754 0.025795388430273	1.0242915104934 0.023936850708943
1370582278.3447	1.024084 0.023999	-0.28370383691738 -0.072655860673964	0 0	-0.34536831792473 -0.05523636488784	1.0242161202893 0.023978334184514	1.0127038430252 0.022137122021586
1370582278.3786	1.009145 0.022886	-0.44140771145176 -0.032886189359784	0 0	-0.35341027184818 -0.049068181710102	1.011399854042 0.022632534141032	0.99961951164701 0.020996928084029
1370582278.4145	0.999801 0.022504	-0.2600324883292 -0.010630609004897	0 0	-0.35278439286037 -0.035432762514531	0.9996967983922 0.02204944149176	0.98793731863019 0.020868349407943
1370582278.445	0.98877 0.018858	-0.36233567822573 -0.11976030122482	0 0	-0.35099042464072 -0.053602747993297	0.98825342377416 0.019465477119454	0.97655374295281 0.017678718853011
1370582278.479	0.978863 0.01905	-0.29156295855962 0.0056505590030733	0 0	-0.3454158776661 -0.040742080573018	0.97741834771878 0.018656200743706	0.96590448512991 0.017298131391272
1370582278.5118	0.969105 0.015452	-0.29742686369153 -0.10966815490491	0 0	-0.33795530619268 -0.057367846714806	0.96710354139336 0.016013981353145	0.95583836452027 0.014101719795985
1370582278.5454	0.92539 0.013642	-1.3001155745272 -0.053830703188706	0 0	-0.41356348513714 -0.065041817457319	0.9439830313457 0.013626628059973	0.93019758184113 0.011458567478063
1370582278.5792	0.896949 0.012977	-0.84185038859563 -0.019683924911785	0 0	-0.49782256225336 -0.053991442053608	0.91708365120653 0.012400338583257	0.90048956579809 0.010600623848137
1370582278.6109	0.90012 0.011787	0.099996526352196 -0.037526290242545	-0.806708 -0.081735	-0.49867166384587 -0.0426064080542	0.90034861134777 0.011449950067084	0.88372622255291 0.010029736465277
1370582278.6504	0.894553 0.009126	-0.14095117874174 -0.067374005143126	-0.645367 -0.065388	-0.47149060520831 -0.050486237432887	0.8878697279176 0.0094134731387014	0.87215337441065 0.0077305985576052
1370582278.6781	0.889054 0.007753	-0.19841947072031 -0.049541722731222	-0.516293 -0.052311	-0.42873372575043 -0.049101780373404	0.87861716972812 0.0077939429188556	0.86432604553644 0.0061572169064088
1370582278.7113	0.889689 0.007962	0.019110434533033 0.0062898910510304	-0.413035 -0.041849	-0.36457451475088 -0.029899685823254	0.87397551178462 0.0075335266807915	0.86182302795959 0.0065368704866831
1370582278.7456	0.876951 0.004642	-0.37174915008558 -0.096891755242906	-0.330428 -0.033479	-0.32566726224967 -0.04772839173309	0.86767547317497 0.0051852167821095	0.85681989776665 0.0035942703910065
1370582278.7782	0.867383 0.003107	-0.2934696971195 -0.047081520179602	-0.264342 -0.026783	-0.29829456945633 -0.052163615715549	0.86092205563228 0.0032508951117656	0.85097890331707 0.0015121079212473
1370582278.8122	0.857962 0.002019	-0.27697429631655 -0.031986841565906	-0.211474 -0.021426	-0.28006773505412 -0.046989718861283	0.85370041265439 0.0018864528008587	0.84436482148592 0.00032012883881591
1370582278.8466	0.846843 0.001178	-0.32354529683229 -0.024471768561557	-0.169179 -0.017141	-0.27354286278444 -0.038408108311277	0.84533567970433 0.00094912796535555	0.83621758427818 -0.00033114231168702
1370582278.8788	0.838318 -0.001077	-0.26477623293149 -0.070037584194781	-0.135343 -0.013713	-0.26791550110521 -0.045887079186713	0.83704996189975 -0.00087975610816859	0.82811944519624 -0.0024093254143924
1370582278.9145	0.828625 -0.00224	-0.27133801413574 -0.032556082785501	-0.108275 -0.01097	-0.26656852587107 -0.044186365837148	0.82831829731135 -0.0022852070463812	0.81943267978231 -0.0037580859076195
1370582278.9472	0.815467 -0.003919	-0.40222619695644 -0.051325261034342	-0.08662 -0.008776	-0.27735270165199 -0.045708271255251	0.81785162061755 -0.0038699429939638	0.80860653056249 -0.0053935520358055
1370582278.9796	0.806069 -0.005698	-0.28977482167169 -0.054853097228553	-0.069296 -0.007021	-0.28428866719219 -0.048710093345776	0.80759417895417 -0.0056127168263583	0.79811789004776 -0.0072363866045508
1370582279.0135	0.792811 -0.00854	-0.39125353506698 -0.083869553979511	-0.055437 -0.005617	-0.29888206269342 -0.061799470294042	0.79599410014684 -0.0081871510634049	0.78603136472373 -0.01024713340654
1370582279.0471	0.786758 -0.010589	-0.17996187922736 -0.060918865114301	-0.044349 -0.004493	-0.29679350365529 -0.065413519079746	0.78632841102133 -0.010505642622479	0.77643529423282 -0.01268609325847
1370582279.0806	0.773771 -0.012329	-0.38806433170189 -0.051992911154331	-0.035479 -0.003595	-0.30443384906235 -0.061378958336623	0.77534635727358 -0.012402980661893	0.76519856230483 -0.01444894593978
1370582279.1196	0.765201 -0.014785	-0.21965342833573 -0.0629485204192	-0.028384 -0.002876	-0.3043532599956 -0.064917634644846	0.76520498631576 -0.014701572428869	0.75505987764924 -0.016865493583697
1370582279.1465	0.750572 -0.015598	-0.54516635465127 -0.030297371408263	-0.022707 -0.002301	-0.31771120044996 -0.05075902139552	0.75319231804876 -0.015873660965827	0.74260194470043 -0.017565628345678
1370582279.1791	0.742855 -0.018983	-0.23648657076892 -0.10373293275273	-0.018165 -0.001841	-0.31656019723393 -0.0659634715788	0.74273742621129 -0.018641127440889	0.73218541963682 -0.020839909826849
1370582279.2129	0.732575 -0.021586	-0.30388152090719 -0.07694587538146	-0.014532 -0.001472	-0.31516879913818 -0.074083323526608	0.73236338804675 -0.021411220110972	0.72185776140881 -0.023880664228525
1370582279.2461	0.723388 -0.022654	-0.27734203882335 -0.032241351634194	-0.011626 -0.001178	-0.31093641290597 -0.061143693486539	0.72247631571767 -0.02296195996449	0.7121117686208 -0.025000083080708
1370582279.28	0.714061 -0.025048	-0.27481751603794 -0.070538558314015	-0.011626 -0.001178	-0.30499592823382 -0.062182511712055	0.71292992046367 -0.025061008112695	0.70276338952254 -0.027133758503097
1370582279.3128	0.705144 -0.02758	-0.27198464670206 -0.077230584888372	-0.884779 -0.177823	-0.29750858195172 -0.06778634460897	0.70377704127954 -0.027509156616132	0.69386008854782 -0.029768701436431
1370582279.347	0.695119 -0.031021	-0.29314540599706 -0.10061978474173	-0.707823 -0.142258	-0.29301422835885 -0.082050576657278	0.69443224732739 -0.030752541758816	0.6846651063821 -0.033487560980725
1370582279.3796	0.677784 -0.032957	-0.53207265106 -0.059422708534881	-0.566259 -0.113807	-0.31519248089756 -0.073557307034041	0.68168108880659 -0.032957955190741	0.67117467277667 -0.035409865425209
1370582279.4147	0.636586 -0.034	-1.1705364796033 -0.029634194578044	-0.453007 -0.091045	-0.43288952187928 -0.04300814547946	0.65542016853166 -0.033653513648485	0.64099051780235 -0.035087118497801
1370582279.4479	0.635994 -0.035569	-0.017856573475054 -0.047325952335064	-0.362405 -0.072836	-0.4492760425013 -0.046339898819662	0.63880201921969 -0.035367783017053	0.62382615113631 -0.036912446311041
1370582279.4855	0.634631 -0.038743	-0.036258697719258 -0.084435147880356	-0.289924 -0.058269	-0.41208627377536 -0.072795471780622	0.62860007161783 -0.038584110393719	0.61486386249198 -0.041010626119739
1370582279.5146	0.633394 -0.042158	-0.042441565420826 -0.11716891342937	-0.231939 -0.046615	-0.34912781400044 -0.095881554447246	0.62296486732161 -0.042352706797961	0.6113272735216 -0.045548758612869
1370582279.5477	0.632766 -0.044024	-0.018988875758754 -0.056422360136684	-0.185552 -0.037292	-0.27798075234057 -0.090213681350331	0.6205822589552 -0.04488367126762	0.61131623387718 -0.047890793979298
1370582279.5817	0.628679 -0.046888	-0.12018425351955 -0.084220137528745	-0.148441 -0.029834	-0.21977112412109 -0.088981994311578	0.61886440057564 -0.047564654854667	0.61153869643827 -0.050530721331719
1370582279.6153	0.623093 -0.04963	-0.16625544367177 -0.081609814992478	-0.118753 -0.023867	-0.1809020270651 -0.085902050885097	0.61658497756433 -0.050148765262953	0.61055490999549 -0.053012166959123
1370582279.6491	0.616627 -0.053453	-0.19164713709085 -0.11331070292272	-0.095002 -0.019094	-0.15952715867074 -0.095254696172903	0.6132666740004 -0.053546837515608	0.60794910204471 -0.056721994054705
1370582279.6823	0.608295 -0.056139	-0.25100151496086 -0.080915754822955	-0.076002 -0.015275	-0.15882828015022 -0.08867834401407	0.60807673809563 -0.056272083264291	0.60278246209062 -0.05922802806476
1370582279.7212	0.600719 -0.059183	-0.19459528028758 -0.078187438383764	-0.060802 -0.01222	-0.16617914700123 -0.086504090340364	0.60185376340023 -0.059120573506263	0.59631445850019 -0.062004043184275
1370582279.7515	0.593448 -0.063852	-0.23943083553685 -0.15374811870741	-0.048641 -0.009776	-0.17451349951658 -0.10586065653686	0.59512794899314 -0.063360493838738	0.58931083234259 -0.066889182389966
1370582279.7838	0.584888 -0.066631	-0.26524458839087 -0.086111531675027	-0.038913 -0.007821	-0.19089462472544 -0.09870160215083	0.58728524594276 -0.066506575256256	0.58092209178525 -0.069796628661284
1370582279.8143	0.575677 -0.067324	-0.30190152338084 -0.022713902475619	-0.03113 -0.006257	-0.21287961501609 -0.064058320919644	0.57840706853137 -0.067604762215994	0.57131108136417 -0.069740039579982
1370582279.8487	0.568425 -0.069813	-0.21078920179347 -0.072346155993375	-0.024904 -0.005005	-0.223573427869 -0.062006048482945	0.56998780438294 -0.069674223840225	0.56253535678731 -0.07174109212299
1370582279.8814	0.559287 -0.073422	-0.28014347911763 -0.1106410391919	-0.019923 -0.004004	-0.23381294679534 -0.078797955216223	0.56113522853623 -0.072939080939442	0.55334146364306 -0.075565679446649
1370582279.9159	0.550962 -0.075609	-0.24110188710513 -0.063338117369239	-0.015939 -0.003203	-0.24292360444747 -0.076622683462458	0.55223337683924 -0.075486638292492	0.54413592335766 -0.078040727741241
1370582279.9492	0.546227 -0.078868	-0.14205623186747 -0.09777428926211	-0.015939 -0.003203	-0.23366935761056 -0.089198231179016	0.54516717392883 -0.078811065533079	0.53737819534181 -0.081784339905713
1370582279.9838	0.537492 -0.081007	-0.25276304745873 -0.061895839555148	-0.751996 -0.238333	-0.23430975518249 -0.079831897237782	0.53738074858505 -0.081163248655358	0.5295704234123 -0.083824311896617
1370582280.0208	0.530383 -0.082762	-0.19195361755163 -0.047387621156719	-0.601597 -0.190666	-0.23258505964433 -0.067837210108763	0.52988622909003 -0.08300957674819	0.52213339376856 -0.085270817085149
1370582280.0483	0.524523 -0.085292	-0.21328388340753 -0.092083314850008	-0.481277 -0.152533	-0.22288030758844 -0.071351472348598	0.52327183860148 -0.085422754787044	0.5158424950152 -0.087801137198664
1370582280.0823	0.516904 -0.087789	-0.22378589609171 -0.073342089846568	-0.385022 -0.122027	-0.21853501434354 -0.072709667410695	0.51635091680216 -0.087853631821387	0.50906641632405 -0.090277287401744
1370582280.115	0.507996 -0.089688	-0.27227444002186 -0.058043237719074	-0.308017 -0.097621	-0.22397092141883 -0.063797261863312	0.50850439099586 -0.089733395038509	0.50103869361523 -0.091859970433952
1370582280.1482	0.502444 -0.092592	-0.16742596941483 -0.087572949420147	-0.246414 -0.078097	-0.21677415899544 -0.075097702375771	0.50177874365637 -0.09254364819569	0.49455293835652 -0.095046904941549
1370582280.182	0.489131 -0.130655	-0.39452826656681 -1.1279898903577	-0.197131 -0.062478	-0.12944816333425 -0.48965454302859	0.50058486325073 -0.12174457253014	0.49626992447293 -0.13806639063109
1370582280.2155	0.485178 -0.12669	-0.11766268104916 0.11801986601567	-0.157705 -0.049982	-0.20588848250992 -0.32632009583542	0.48996574848949 -0.12786733168849	0.48310279907249 -0.13874466821633
1370582280.2504	0.473117 -0.127711	-0.34561858154788 -0.029257654569305	-0.126164 -0.039986	-0.28044087048716 -0.16841548497023	0.47696158671499 -0.12893483515991	0.46761355769876 -0.13454868465892
1370582280.2826	0.469589 -0.121127	-0.10962251279392 0.20457897512335	-0.100931 -0.031989	-0.30008675674392 -0.0050322499501416	0.46775786616479 -0.12371493418207	0.45775497427333 -0.12388267584707
1370582280.3153	0.464171 -0.115872	-0.16567809649903 0.16069368717283	-0.080745 -0.025591	-0.28678092509844 0.082100982885008	0.46041566172641 -0.11784177482519	0.45085629755646 -0.11510507539569
1370582280.3488	0.457522 -0.115765	-0.19861357065229 0.0031962177861023	-0.064596 -0.020473	-0.25393778683388 0.059427737905747	0.45430483520929 -0.11620625615685	0.44584024231483 -0.11422533155999
1370582280.3825	0.446078 -0.114372	-0.34002971724885 0.041389496341109	-0.051677 -0.016378	-0.25247219533287 0.057044173724011	0.44597637500914 -0.11436597434347	0.43756063516471 -0.11246450188601
1370582280.4169	0.416362 -0.109251	-0.86251046782832 0.14863763984886	-0.041341 -0.013102	-0.36761495792919 0.1455494054349	0.42578354592125 -0.10801131837704	0.41352971399028 -0.10315967152921
1370582280.4496	0.40866 -0.110981	-0.23581497622472 -0.052968048411939	-0.033073 -0.010482	-0.37360510679957 0.054445910411073	0.41172282039617 -0.10922234184804	0.39926931683618 -0.10740747816767
1370582280.4831	0.415216 -0.116309	0.19582439253388 -0.15914465579935	-0.026459 -0.008386	-0.26954021295772 -0.099049087775069	0.40855739543078 -0.11621226157244	0.39957272166552 -0.11951389783161
1370582280.5164	0.410396 -0.119343	-0.14454534279974 -0.090985595446973	-0.021167 -0.006708	-0.21337879895529 -0.12306596176421	0.40529717260714 -0.12040271492977	0.3981845459753 -0.12450491365524
1370582280.5501	0.412802 -0.125021	0.071449779621776 -0.16861672846735	-0.016933 -0.005367	-0.13520264242366 -0.16633754747327	0.40597635780057 -0.12637168001001	0.40146960305312 -0.13191626492579
1370582280.5833	0.410963 -0.129095	-0.055405051509513 -0.12274071769971	-0.013547 -0.004293	-0.092638381174599 -0.15472749542585	0.40618613920297 -0.13057800480102	0.40309819316382 -0.13573558798188
1370582280.6187	0.406802 -0.133148	-0.11745564207069 -0.11440704573721	-0.010837 -0.003435	-0.08013001875825 -0.13160520789396	0.40476922053719 -0.13401517314308	0.40209821991192 -0.13840201340621
1370582280.6572	0.403619 -0.135522	-0.082666982247348 -0.061656115568711	-0.00867 -0.002748	-0.080250130665958 -0.099061796940504	0.40257283689483 -0.13621502641896	0.3998978325393 -0.13951708631697
1370582280.6836	0.399339 -0.13863	-0.16183858280068 -0.11752203629545	-0.00867 -0.002748	-0.086019383095449 -0.086214144787345	0.39948103061282 -0.13873467882855	0.39661371784298 -0.14160848365479
1370582280.7177	0.395255 -0.141983	-0.12009350815718 -0.098597828807796	-0.711927 -0.304519	-0.092494047522919 -0.087038877981655	0.39591750627629 -0.14176021666614	0.39283437135886 -0.14466151259887
1370582280.7514	0.390091 -0.143729	-0.15290237447319 -0.051697820648759	-0.569542 -0.243615	-0.11105533999588 -0.067103736159021	0.3912025720092 -0.14359014718308	0.38750072734267 -0.14582693838838
1370582280.7851	0.38449 -0.146919	-0.16630537097551 -0.094717752796262	-0.455633 -0.194892	-0.12501641695811 -0.071781425499373	0.38596873087308 -0.14635981577816	0.38180151697448 -0.14875252996148
1370582280.8161	0.379888 -0.148394	-0.14831293563333 -0.047536197318376	-0.364507 -0.155913	-0.13745128525195 -0.061309804367004	0.38068497800102 -0.14823353280769	0.37610326849262 -0.15027719295326
1370582280.8498	0.374759 -0.15167	-0.15218728045502 -0.097205211692464	-0.291605 -0.124731	-0.14079376980983 -0.074595525789076	0.37553939980832 -0.15123774866798	0.370846274148 -0.15372426619428
1370582280.8833	0.370002 -0.154318	-0.14193654588396 -0.079009454172951	-0.233284 -0.099785	-0.14389273943986 -0.079319478084511	0.37044969246729 -0.15409818159478	0.3656532678193 -0.1567421641976
1370582280.9176	0.365182 -0.155804	-0.14072102461299 -0.043384116716783	-0.186627 -0.079828	-0.15008639121491 -0.065964452154336	0.36525309003765 -0.15592515898586	0.36025021033049 -0.15812397405767
1370582280.9514	0.360214 -0.158125	-0.14701281429116 -0.068682919076041	-0.149302 -0.063862	-0.15031075553275 -0.065854945069028	0.36022944612778 -0.15812015788052	0.35521908761002 -0.16031532271616
1370582280.9853	0.3562 -0.161044	-0.11837203563268 -0.08608071051614	-0.119442 -0.05109	-0.14137099234632 -0.078337133498577	0.35589758470985 -0.16102764287087	0.3511852182983 -0.16363888065415
1370582281.0182	0.352026 -0.163215	-0.1267348460319 -0.065917908657222	-0.095553 -0.040872	-0.13748653492961 -0.076011299243243	0.35161352466148 -0.16341115714238	0.34703064016382 -0.16594486711716
1370582281.0521	0.346477 -0.164158	-0.16402636420401 -0.02787472723813	-0.076443 -0.032697	-0.14782641274538 -0.051793460946191	0.34644078769841 -0.1644372081196	0.34151324060689 -0.16616365681781
1370582281.0867	0.342664 -0.165934	-0.11005285681255 -0.051259867217176	-0.061154 -0.026158	-0.14101712006727 -0.05311753612027	0.34215958116096 -0.1661371587154	0.33745901049205 -0.16790774325274
1370582281.1171	0.337482 -0.16786	-0.17069056683551 -0.063440762586878	-0.048923 -0.020926	-0.14104594146768 -0.052611306674844	0.3374653734206 -0.16787285116761	0.33276384203834 -0.16962656139011
1370582281.1529	0.333143 -0.170038	-0.1210286962559 -0.0607514405267	-0.039139 -0.016741	-0.13680811598253 -0.059105772994885	0.33305637464166 -0.17000696113758	0.32849610410891 -0.17197715357074
1370582281.1852	0.32883 -0.171056	-0.13368633026153 -0.031554065431543	-0.031311 -0.013393	-0.13812448743347 -0.049025924892564	0.3285559510008 -0.17129095198024	0.32395180141968 -0.17292514947666
1370582281.2188	0.325572 -0.174003	-0.096981912606546 -0.087724277609419	-0.025049 -0.010714	-0.12225348826677 -0.068464333804473	0.32511251147344 -0.17401028617702	0.32103739519788 -0.17629243063717
1370582281.2518	0.322403 -0.174875	-0.09610600909597 -0.026445074134329	-0.020039 -0.008571	-0.11820939509396 -0.056449949161749	0.32164868184144 -0.17536723984549	0.31770836867164 -0.17724890481755
1370582281.2852	0.317732 -0.176068	-0.13967855858322 -0.035674699291326	-0.016031 -0.006857	-0.12288800924517 -0.042143202159487	0.31753380585169 -0.17631871933298	0.31343753887685 -0.1777234927383
1370582281.321	0.312848 -0.178293	-0.1364591903436 -0.062166604937449	-0.012825 -0.005486	-0.12486860440782 -0.046697302627764	0.31316446804142 -0.17808427407448	0.30900218122782 -0.17964085082874
1370582281.3521	0.309347 -0.178926	-0.11234828813417 -0.020313186629228	-0.01026 -0.004389	-0.12528492547984 -0.039425142297427	0.30910260446441 -0.1791285299756	0.30492644028174 -0.18044270138551
1370582281.3845	0.302861 -0.185691	-0.20045726392113 -0.20908007869664	-0.008208 -0.003511	-0.11798197548073 -0.093309161650343	0.30457418768577 -0.18416653621969	0.30064145516974 -0.18727684160804
1370582281.4186	0.288536 -0.205774	-0.42061958626483 -0.58968957423781	-0.006566 -0.002809	-0.12798462746958 -0.24918507619123	0.29663333164596 -0.19876747363662	0.29236717739697 -0.20707364284299
1370582281.4568	0.286292 -0.204058	-0.058678783383937 0.044872010823011	-0.005253 -0.002247	-0.19277207317776 -0.18833111622428	0.28794660690445 -0.20373129760021	0.28152087113186 -0.21000900147435
1370582281.485	0.285146 -0.199409	-0.040642549350198 0.16487540307947	-0.004202 -0.001798	-0.2101689823779 -0.082531044881311	0.28222110601514 -0.2023718753713	0.27521547326921 -0.20512291020068
1370582281.5183	0.284417 -0.19467	-0.021872836900539 0.14218844179924	-0.003362 -0.001438	-0.18025915527805 -0.001694437203288	0.27951064971868 -0.19849145437722	0.27350201120941 -0.19854793561732
1370582281.5525	0.283103 -0.192732	-0.038475017843679 0.056746259194103	-0.00269 -0.00115	-0.12683849932046 0.023795635458204	0.2787698058895 -0.19559982637661	0.27454185591216 -0.194806638528
1370582281.5865	0.283415 -0.190944	0.0091767496108043 0.052589834308074	-0.002152 -0.00092	-0.071144747889012 0.029944892484556	0.27962893169253 -0.19325429989792	0.27725744009623 -0.1922561368151
1370582281.6203	0.281781 -0.190739	-0.04824772426222 0.0060531110610501	-0.001721 -0.000736	-0.040609144100301 0.027841694506944	0.27994150491641 -0.19181191827626	0.27858786677974 -0.1908838617927
1370582281.6531	0.279522 -0.191382	-0.068999932536157 -0.019640087038844	-0.001377 -0.000589	-0.030630936600839 0.01789002840039	0.27928269970703 -0.19141932750061	0.278261668487 -0.19082299322059
1370582281.6855	0.277097 -0.192128	-0.074882845952234 -0.023036124981594	-0.001102 -0.000471	-0.034521690568767 0.0077916770122055	0.27771893992674 -0.1916411497917	0.27656821690779 -0.19138142722463
1370582281.7205	0.273858 -0.194149	-0.092585516932115 -0.057769475060143	-1.041799 -0.447674	-0.044924247103221 -0.012281067904998	0.27525485677317 -0.19306332200547	0.27375738186973 -0.19347269093564
1370582281.7543	0.271707 -0.196108	-0.063525897084918 -0.057855524123363	-0.833439 -0.358139	-0.050418260333731 -0.033503977973095	0.27285387651247 -0.19515165986663	0.27117326783467 -0.1962684591324
1370582281.7871	0.269479 -0.197469	-0.067964459675482 -0.041516889415769	-0.666751 -0.286512	-0.059563958866216 -0.039680074059248	0.270251931675 -0.19690631710489	0.26826646637946 -0.1982289862402
1370582281.8194	0.266742 -0.198374	-0.084752493876016 -0.02802375117201	-0.533401 -0.229209	-0.072231278064306 -0.03447704329348	0.26726960939233 -0.19808876783041	0.26486190012352 -0.19923800260686
1370582281.8526	0.264218 -0.19972	-0.076056262543823 -0.0405593222599	-0.426721 -0.183367	-0.075676617380156 -0.037042888816217	0.26451241805082 -0.19949762239282	0.26198986413815 -0.20073238535336
1370582281.8873	0.262125 -0.200968	-0.060207522766397 -0.035900137798597	-0.341377 -0.146694	-0.073373392290765 -0.040322446410684	0.26212246889531 -0.20093324335548	0.25967668915228 -0.2022773249025
1370582281.9198	0.259971 -0.202355	-0.066291454055839 -0.042686279840041	-0.273101 -0.117355	-0.070365035587834 -0.042538487398214	0.25989023854584 -0.20238486201077	0.25754473735958 -0.20380281159071
1370582281.9532	0.2587 -0.203518	-0.038049207991036 -0.034816073086998	-0.218481 -0.093884	-0.061268097593661 -0.044638583680503	0.25827946808781 -0.20378186620538	0.25623719816803 -0.20526981899473
1370582281.9862	0.276572 -0.195769	0.54149372684259 0.23478261466558	-0.174785 -0.075107	0.067302576456119 -0.029546247810004	0.2674905509686 -0.20158380319263	0.26973397018381 -0.20256867811963
1370582282.0199	0.329722 -0.185492	1.5802038461811 0.30554571829169	-0.139828 -0.060086	0.4137493504466 -0.093014397808107	0.29889845463799 -0.20032360806261	0.31269009965287 -0.20342408798955
1370582282.053	0.358861 -0.189719	0.87932185721378 -0.12755734549719	-0.111862 -0.048069	0.66674179390124 -0.1187960986207	0.33588587415865 -0.20029597751314	0.35811060062203 -0.20425584746717
1370582282.0869	0.367125 -0.178889	0.24392661634494 0.31966665718971	-0.08949 -0.038455	0.64242239812176 0.15842578137965	0.36033268248726 -0.18505945043769	0.38174676242466 -0.17977859105837
1370582282.1199	0.371374 -0.179534	0.12863307274118 -0.019526554934823	-0.071592 -0.030764	0.57653103651771 0.20016726223738	0.37586059944094 -0.17810155854795	0.3950783006582 -0.17142931647337
1370582282.153	0.403422 -0.19215	0.96789307587955 -0.38102031469347	-0.057274 -0.024611	0.69790325289617 -0.077362274096067	0.40240770918906 -0.18874563470875	0.42567115095227 -0.19132437717862
1370582282.1864	0 0	-12.099123411974 5.7628155222344	-0.017182 -0.007383	0.69790325289617 -0.077362274096067	0.42567115095227 -0.19132437717862	0.44893459271547 -0.19390311964849
1370582282.2204	0 0	0 0	-0.005155 -0.002215	0.69790325289617 -0.077362274096067	0.44893459271547 -0.19390311964849	0.47219803447868 -0.19648186211836
1370582282.2553	0 0	0 0	-0.001546 -0.000665	0.69790325289617 -0.077362274096067	0.47219803447868 -0.19648186211836	0.49546147624189 -0.19906060458823
1370582282.2927	0 0	0 0	-0.000464 -0.000199	0.69790325289617 -0.077362274096067	0.49546147624189 -0.19906060458823	0.51872491800509 -0.2016393470581
