1371713914.049839 1.150614 0.410089 0.069272 -0.041808
1371713914.085365 1.148415 0.407737 0.047448 -0.062477
1371713914.120739 1.157559 0.409863 0.066747 -0.024276
1371713914.153627 1.160263 0.409880 0.077419 -0.004508
1371713914.186067 1.161932 0.409659 0.079559 -0.000180
1371713914.220375 1.153336 0.406379 0.045618 -0.043998
1371713914.265369 1.154787 0.408186 0.034801 -0.033646
1371713914.288286 1.158456 0.406639 0.032471 -0.026865
1371713914.325261 1.151596 0.403377 0.005505 -0.056351
1371713914.354655 1.154994 0.405673 0.007494 -0.028363
1371713914.428040 1.153679 0.403686 -0.000111 -0.028345
1371713914.455454 1.153934 0.404171 -0.001587 -0.016666
1371713914.529171 1.150250 0.403957 -0.012491 -0.016401
1371713914.562201 1.153097 0.405779 -0.006412 0.008177
1371713914.598300 1.148632 0.405082 -0.017987 0.001883
1371713914.628895 1.157106 0.407465 0.003205 0.034613
1371713914.666600 1.153743 0.405181 -0.002028 0.013447
1371713914.698488 1.153275 0.405637 -0.004279 0.005227
1371713914.733435 1.154789 0.406832 0.001349 0.012864
1371713914.776303 1.149774 0.405175 -0.012966 -0.009559
1371713914.799747 1.151101 0.404722 -0.015389 -0.014308
1371713914.839297 1.147499 0.403007 -0.026806 -0.030778
1371713914.866407 1.147853 0.402391 -0.028342 -0.030523
1371713914.897815 1.154889 0.405465 -0.001011 0.014553
1371713914.934528 1.162575 0.408958 0.037221 0.065349
1371713914.970201 1.153500 0.405207 0.018646 0.018461
1371713915.002660 1.155492 0.404480 0.012705 -0.004679
1371713915.040284 1.150785 0.404670 -0.001508 -0.020062
1371713915.070196 1.155779 0.405082 0.006186 -0.007128
1371713915.101571 1.157731 0.405281 0.015080 0.003507
1371713915.137911 1.151617 0.404037 -0.000043 -0.015701
1371713915.169006 1.153620 0.406636 0.003528 0.004996
1371713915.206773 1.156939 0.408087 0.014360 0.027919
1371713915.234907 1.151506 0.403621 -0.006435 -0.014940
1371713915.269989 1.151401 0.403381 -0.014643 -0.027006
1371713915.304822 1.153102 0.404112 -0.009896 -0.014756
1371713915.338552 1.161738 0.408633 0.024446 0.042583
1371713915.371388 1.150019 0.406111 0.000362 0.008944
1371713915.403940 1.146384 0.404289 -0.024819 -0.023835
1371713915.439999 1.136954 0.400460 -0.065786 -0.072472
1371713915.474298 1.118459 0.387851 -0.148211 -0.194084
1371713915.507929 1.086665 0.374135 -0.275535 -0.338053
1371713915.539993 1.065796 0.366752 -0.365793 -0.370417
1371713915.570844 1.042462 0.356681 -0.445184 -0.376945
1371713915.610321 1.024126 0.346642 -0.498280 -0.357816
1371713915.644188 0.997650 0.334869 -0.561052 -0.363880
1371713915.674122 0.981234 0.330200 -0.577237 -0.294340
1371713915.710804 0.961686 0.322077 -0.591708 -0.255180
1371713915.744400 0.939872 0.310179 -0.617248 -0.273085
1371713915.779340 0.919392 0.301337 -0.630235 -0.274023
1371713915.810584 0.902230 0.292846 -0.624887 -0.259572
1371713915.849056 0.876986 0.284164 -0.636938 -0.264773
1371713915.882721 0.856588 0.273247 -0.645031 -0.282250
1371713915.908463 0.830516 0.262961 -0.664817 -0.304450
1371713915.944105 0.806285 0.252521 -0.681719 -0.316297
1371713915.975745 0.783902 0.243125 -0.686956 -0.306529
1371713916.008004 0.762333 0.234098 -0.683907 -0.288815
1371713916.043296 0.738856 0.221787 -0.691534 -0.311967
1371713916.078086 0.710612 0.210203 -0.714817 -0.340654
1371713916.107079 0.685353 0.199741 -0.728798 -0.339918
1371713916.141276 0.660313 0.188178 -0.739921 -0.342383
1371713916.180547 0.637415 0.176375 -0.739921 -0.342383
1371713916.209706 0.612751 0.164962 -0.739921 -0.342383
1371713918.651260 0.226928 -0.199295 -0.739921 -0.342383
1371713918.685258 0.227074 -0.199705 0.000000 0.000000
1371713918.720018 0.228418 -0.201259 0.040327 -0.046626
1371713918.749319 0.228560 -0.201432 0.009357 -0.011237
1371713918.819375 0.228075 -0.201820 -0.001277 -0.007703
1371713918.855240 0.227904 -0.201427 -0.006735 0.000201
1371713918.919294 0.318888 -0.163977 0.490233 0.063228
1371713918.953942 0.376411 -0.137938 0.906400 0.359295
1371713918.988077 0.471318 -0.094823 1.365041 0.762323
1371713919.031026 0.510798 -0.077081 1.589530 0.782175
1371713919.051068 0.529117 -0.056122 1.589530 0.782175
1371713919.084577 0.582101 -0.030049 1.589530 0.782175
1371713921.327242 1.339712 -0.027263 1.589530 0.782175
1371713921.360694 1.345711 -0.031132 0.000000 0.000000
1371713921.395111 1.344796 -0.035165 -0.027465 -0.120984
1371713921.426637 1.344868 -0.037059 -0.015819 -0.085232
1371713921.461330 1.338094 -0.040290 -0.056332 -0.085465
1371713921.496699 1.338190 -0.039266 -0.057323 -0.052312
1371713921.530416 1.333155 -0.039147 -0.067644 -0.028079
1371713921.564396 1.347948 -0.041259 -0.030239 -0.031546
1371713921.600364 1.352339 -0.038916 -0.000974 -0.008152
1371713921.631274 1.350013 -0.037838 0.011128 0.011009
1371713921.668739 1.355664 -0.035867 0.027680 0.029197
1371713921.698854 1.350281 -0.034909 0.027652 0.036894
1371713921.732000 1.347078 -0.035528 0.020856 0.026588
1371713921.770101 1.352892 -0.038127 0.025635 -0.003882
1371713921.800995 1.343525 -0.034748 0.010223 0.012571
1371713921.832200 1.350795 -0.035900 0.012152 0.005734
1371713921.866606 1.351112 -0.036722 0.013433 -0.004284
1371713921.899181 1.342408 -0.034832 -0.002346 0.008558
1371713921.936348 1.349647 -0.034896 0.000079 0.009423
1371713921.966192 1.348916 -0.038184 0.001144 -0.016925
1371713921.998704 1.345399 -0.036124 -0.005223 -0.006521
1371713922.037775 1.347627 -0.037419 -0.005028 -0.011149
1371713922.068440 1.348911 -0.036772 -0.002523 -0.005498
1371713922.099968 1.347832 -0.035811 -0.002694 0.005269
1371713922.135664 1.333848 -0.037627 -0.027392 -0.003452
1371713922.169182 1.345942 -0.035504 -0.021180 0.007795
1371713922.199385 1.344723 -0.036448 -0.017609 0.003090
1371713922.236574 1.344626 -0.035669 -0.014455 0.006360
1371713922.267221 1.344122 -0.037829 -0.011900 -0.010103
1371713922.299565 1.351565 -0.035288 0.003072 0.004133
1371713922.333221 1.344633 -0.035845 0.001013 0.005385
1371713922.366147 1.347677 -0.036331 0.005074 0.000413
1371713922.402159 1.340838 -0.035043 -0.004877 0.009182
1371713922.448567 1.346474 -0.038033 -0.000629 -0.013123
1371713922.468814 1.344758 -0.035702 -0.001433 -0.000394
1371713922.507423 1.342713 -0.034929 -0.005559 0.010433
1371713922.537628 1.342727 -0.035279 -0.007833 0.009127
1371713922.576326 1.347211 -0.036710 -0.000679 -0.005010
1371713922.608374 1.335456 -0.035377 -0.017163 0.002838
1371713922.638120 1.333862 -0.034583 -0.030170 0.010934
1371713922.668473 1.347148 -0.035068 -0.013426 0.005326
1371713922.708325 1.345399 -0.036124 -0.004111 -0.005639
1371713922.740673 1.345399 -0.036124 -0.004111 -0.005639
1371713922.771520 1.339657 -0.035889 0.000000 0.000000
1371713922.809573 1.350393 -0.035583 0.322023 0.009178
1371713922.843529 1.342810 -0.037369 0.098334 -0.023624
1371713922.870668 1.341662 -0.035538 0.044525 0.002590
1371713922.907364 1.342872 -0.035564 0.031168 0.006639
1371713922.938758 1.339027 -0.034762 0.011499 0.012867
1371713922.970768 1.342713 -0.034929 0.011496 0.009985
1371713923.003036 1.346437 -0.037034 0.018845 -0.009689
1371713923.043220 1.344704 -0.035940 0.018147 -0.005939
1371713923.073268 1.348350 -0.035848 0.023079 -0.002876
1371713923.108042 1.346515 -0.035640 0.021745 0.000947
1371713923.138915 1.341459 -0.034903 0.010786 0.008478
1371713923.170031 1.344058 -0.034913 0.007346 0.008622
1371713923.214213 1.346510 -0.035516 0.008969 0.001683
1371713923.236692 1.339318 -0.034906 -0.003273 0.004399
1371713923.279749 1.345813 -0.035091 0.000125 0.001834
1371713923.306483 1.340363 -0.034412 -0.007350 0.006335
1371713923.340066 1.345962 -0.036544 -0.001605 -0.010411
1371713923.375718 1.342787 -0.034733 -0.003736 0.000054
1371713923.409308 1.345399 -0.036124 -0.000032 -0.006932
1371713923.446578 1.347135 -0.035371 0.005352 -0.002393
1371713923.475938 1.346465 -0.037789 0.007966 -0.017978
1371713923.509174 1.343410 -0.037213 0.003448 -0.014395
1371713923.543445 1.347788 -0.035912 0.007743 -0.000527
1371713923.578402 1.344178 -0.035853 0.003870 0.005774
1371713923.611226 1.348284 -0.035777 0.008362 0.006576
1371713923.642215 1.345456 -0.036660 0.006095 -0.000829
1371713923.678337 1.346504 -0.035358 0.005795 0.006208
1371713923.709040 1.343868 -0.034818 0.000562 0.011695
1371713923.740757 1.347859 -0.035133 0.004201 0.007822
1371713923.774717 1.345375 -0.036532 0.002277 -0.005541
1371713923.808102 1.342713 -0.034929 -0.004306 0.003275
1371713923.844790 1.340240 -0.035751 -0.012738 -0.000145
1371713923.876842 1.342957 -0.034523 -0.013050 0.007254
1371713923.906978 1.343194 -0.034259 -0.012022 0.010039
1371713923.942521 1.344770 -0.036029 -0.007441 -0.004925
1371713923.977141 1.341839 -0.035803 -0.009322 -0.007068
1371713924.013288 1.342221 -0.034369 -0.009601 0.004492
1371713924.043800 1.342448 -0.036468 -0.008376 -0.008142
1371713924.079583 1.348973 -0.036201 0.004255 -0.009769
1371713924.113361 1.340852 -0.035415 -0.001980 -0.000707
1371713924.148730 1.342872 -0.035564 -0.002398 0.001295
1371713924.179128 1.343122 -0.035760 -0.002043 0.000188
1371713924.211677 1.345813 -0.035091 0.002987 0.004314
1371713924.278777 1.344659 -0.034756 0.004189 0.007481
1371713924.311146 1.341666 -0.033116 -0.000712 0.019482
1371713924.385338 1.353119 -0.036290 0.016939 -0.006272
1371713924.412911 1.339590 -0.035133 0.003432 -0.003378
1371713924.480314 1.349040 -0.035587 0.010968 -0.006365
1371713924.517295 1.339587 -0.035039 -0.001525 -0.000263
1371713924.550609 1.347769 -0.036166 0.004887 -0.007700
1371713924.582431 1.352369 -0.034551 0.016738 0.002892
1371713924.614745 1.345099 -0.032840 0.010850 0.020059
1371713924.645077 1.287995 -0.030804 -0.101400 0.045077
1371713924.678503 1.222021 -0.024505 -0.303347 0.098330
1371713924.713588 1.142092 -0.020408 -0.588606 0.130353
1371713924.750640 1.073849 -0.014186 -0.882718 0.158567
1371713924.779632 0.998540 -0.008825 -1.182512 0.169330
1371713924.816167 0.927217 -0.002238 -1.453289 0.179908
1371713924.849452 0.830883 0.004746 -1.760932 0.190197
1371713924.878956 0.750205 0.011310 -2.013329 0.192144
1371713924.914347 0.655935 0.019681 -2.256371 0.208477
1371713924.947851 0.561026 0.027581 -2.471387 0.217110
1371713924.979304 0.506004 0.033485 -2.471387 0.217110
1371713925.027316 0.423625 0.040722 -2.471387 0.217110
1371713932.722649 2.137845 -0.347391 -2.471387 0.217110
1371713932.758501 2.141197 -0.347813 0.000000 0.000000
1371713932.787595 2.132954 -0.343094 -0.247197 0.141576
1371713932.826594 2.129319 -0.347002 -0.187031 0.016906
1371713932.860682 2.138082 -0.347109 -0.082479 -0.008088
1371713932.892416 2.143704 -0.349058 -0.023221 -0.028145
1371713932.929666 2.142084 -0.348507 -0.007181 -0.025790
1371713932.963123 2.133825 -0.344884 -0.020879 0.003141
1371713932.998175 2.133118 -0.344899 -0.027275 0.015066
1371713933.031192 2.165255 -0.350796 0.024448 -0.031940
1371713933.061398 2.132093 -0.348056 0.004095 -0.012236
1371713933.098869 2.156167 -0.346725 0.022150 -0.010068
1371713933.127609 2.136682 -0.345976 0.008247 0.010319
1371713933.164374 2.139111 -0.349203 0.004440 -0.000550
1371713933.198469 2.131916 -0.345497 -0.010226 0.018293
1371713933.230360 2.149006 -0.346497 0.002186 0.006762
1371713933.263819 2.130337 -0.345400 -0.012794 0.018663
1371713933.304083 2.140879 -0.349370 -0.006530 -0.007332
1371713933.341473 2.139936 -0.345345 -0.006808 0.003222
1371713933.364812 2.135187 -0.346868 -0.011207 0.002686
1371713933.401636 2.146614 -0.348441 0.001445 -0.013994
1371713933.432117 2.136232 -0.345816 -0.005134 0.001460
1371713933.464919 2.151322 -0.348644 0.011802 -0.016294
1371713933.496666 2.136256 -0.346084 0.001893 0.002135
1371713933.532720 2.144811 -0.348296 0.007738 -0.006981
1371713933.606935 2.145921 -0.352192 0.015202 -0.030461
1371713933.632998 2.140954 -0.349821 0.010355 -0.020165
1371713933.668285 2.131365 -0.342588 -0.010169 0.031969
1371713933.700379 2.150263 -0.349105 0.006062 0.003824
1371713933.769643 2.144835 -0.348555 0.009345 -0.003012
1371713933.798854 2.140669 -0.346715 0.004512 0.006858
1371713933.871860 2.143171 -0.349885 0.006641 -0.007780
1371713933.900919 2.153887 -0.349365 0.020173 -0.017343
1371713933.937305 2.137696 -0.351621 0.009447 -0.018943
1371713933.968670 2.139451 -0.345417 -0.000821 0.014184
1371713934.002298 2.133843 -0.348065 -0.012202 0.016817
1371713934.037069 2.131942 -0.346398 -0.022995 0.024246
1371713934.071796 2.135239 -0.347441 -0.024159 0.015030
1371713934.120836 2.137904 -0.345171 -0.022158 0.017548
1371713934.144360 2.143756 -0.348775 -0.009494 -0.007098
1371713934.180494 2.138501 -0.345287 -0.009982 0.004308
1371713934.214792 2.133035 -0.344984 -0.016503 0.013808
1371713934.245707 2.138442 -0.347955 -0.011008 -0.003633
1371713934.278141 2.133142 -0.345157 -0.015944 0.006718
1371713934.313994 2.131009 -0.350013 -0.017715 -0.013880
1371713934.347635 2.138857 -0.349165 -0.010181 -0.022372
1371713934.383619 2.149351 -0.347794 0.007179 -0.022119
1371713934.418490 2.142737 -0.345790 0.009598 -0.002626
1371713934.450401 2.139476 -0.345694 0.007514 0.009901
1371713934.482688 2.137649 -0.345252 0.003824 0.017619
1371713934.518782 2.144202 -0.347892 0.011713 0.000268
1371713934.552076 2.143673 -0.347878 0.015542 -0.006957
1371713934.583364 2.143866 -0.349972 0.018860 -0.019587
1371713934.620781 2.138473 -0.344988 0.009520 0.007680
1371713934.651176 2.133968 -0.344769 -0.002345 0.023019
1371713934.685069 2.134650 -0.346160 -0.007971 0.018037
1371713934.719804 2.134127 -0.343344 -0.014031 0.027081
1371713934.753148 2.154986 -0.347341 0.011805 -0.007854
1371713934.792084 2.138607 -0.345873 0.007092 -0.003599
1371713934.828523 2.143261 -0.350857 0.012762 -0.029754
1371713934.861468 2.150891 -0.353096 0.025583 -0.052918
1371713934.896097 2.140227 -0.345013 0.013242 -0.004861
1371713934.931147 2.132627 -0.343950 -0.005008 0.028722
1371713934.960753 2.139162 -0.348921 -0.004452 0.008668
1371713934.997337 2.145769 -0.350580 0.004865 -0.015189
1371713935.037271 2.134843 -0.344956 -0.007361 0.012917
1371713935.059621 2.144644 -0.346481 -0.001186 0.008892
1371713935.098045 2.144334 -0.348658 0.004472 -0.005336
1371713935.126637 2.144385 -0.349213 0.008095 -0.013679
1371713935.160956 2.131890 -0.345211 -0.008740 0.013984
1371713935.199416 2.141451 -0.346820 -0.005978 0.009033
1371713935.226860 2.131715 -0.343913 -0.017957 0.026528
1371713935.260372 2.149132 -0.347853 -0.000079 -0.002317
1371713935.294789 2.136891 -0.342752 -0.006948 0.019519
1371713935.333415 2.146508 -0.351503 0.007806 -0.025398
1371713935.360319 2.127426 -0.345459 -0.012830 0.002294
1371713935.398404 2.135029 -0.345147 -0.016515 0.010260
1371713935.431525 2.124638 -0.348152 -0.029267 0.002969
1371713935.463660 2.130123 -0.343046 -0.033784 0.020703
1371713935.497050 2.137649 -0.345252 -0.023593 0.008205
1371713935.536019 2.139851 -0.343132 -0.014088 0.010406
1371713935.563401 2.131754 -0.345443 -0.014949 0.003001
1371713935.633506 2.135260 -0.342975 -0.012358 0.009172
1371713935.668993 2.137143 -0.344900 -0.005855 -0.000859
1371713935.731447 2.145813 -0.348073 0.011720 -0.027239
1371713935.779094 2.138473 -0.344988 0.011066 -0.013273
1371713935.804335 2.136256 -0.346084 0.008305 -0.008453
1371713935.843030 2.138774 -0.348270 0.010613 -0.017610
1371713935.873191 2.140563 -0.344925 0.011193 -0.002412
1371713935.908151 2.130313 -0.345134 -0.001245 0.011032
1371713935.940147 2.137289 -0.347091 0.000756 0.000188
1371713935.971612 2.139216 -0.346293 0.003622 -0.001969
1371713936.023843 2.137097 -0.344400 0.001544 0.008737
1371713936.047962 2.151275 -0.348141 0.020855 -0.016227
1371713936.080851 2.140885 -0.344416 0.017243 0.002012
1371713936.113861 2.136256 -0.346084 0.009851 0.004816
1371713936.154881 2.141025 -0.345941 0.010239 0.002835
1371713936.179862 2.154325 -0.350205 0.029609 -0.028847
1371713936.216528 2.154437 -0.346758 0.038447 -0.019731
1371713936.261913 2.110962 -0.342098 -0.016035 0.042234
1371713936.284588 1.997079 -0.323883 -0.224263 0.238696
1371713936.320212 1.851237 -0.301373 -0.592979 0.502833
1371713936.354005 1.774488 -0.289789 -0.922077 0.610714
1371713936.390669 1.686031 -0.276031 -1.237004 0.646149
1371713936.435965 1.558856 -0.256641 -1.610861 0.702183
1371713936.460095 1.511737 -0.244984 -1.832507 0.621188
1371713936.494396 1.430293 -0.230590 -2.022327 0.551135
1371713936.527363 1.330021 -0.204992 -2.228091 0.593295
1371713936.560371 1.246513 -0.203327 -2.366796 0.473085
1371713936.598228 1.169348 -0.201080 -2.445498 0.315639
1371713936.630441 1.059146 -0.201120 -2.565696 0.201595
1371713936.661374 0.981390 -0.187533 -2.639084 0.206711
1371713936.696158 0.893453 -0.159753 -2.707513 0.397826
1371713936.731612 0.748052 -0.133709 -2.941690 0.652082
1371713936.765828 0.666663 -0.122366 -2.982285 0.565747
1371713936.798898 0.575754 -0.100464 -2.982285 0.565747
1371713936.832180 0.476344 -0.081606 -2.982285 0.565747
1371713941.397442 2.656774 -0.309222 -2.982285 0.565747
1371713941.445091 2.666172 -0.314519 0.000000 0.000000
1371713941.472042 2.673161 -0.314563 0.209526 -0.001327
1371713941.509584 2.662102 -0.315250 -0.008566 -0.006799
1371713941.539805 2.690571 -0.317598 0.154910 -0.030511
1371713941.572991 2.653753 -0.312219 0.017314 0.011739
1371713941.608399 2.657581 -0.316137 -0.015971 0.003452
1371713941.640150 2.679516 -0.317888 0.019086 -0.014965
1371713941.681052 2.653449 -0.315088 -0.010920 -0.000151
1371713941.704029 2.642466 -0.314721 -0.042154 0.012485
1371713941.739892 2.646210 -0.317121 -0.052508 0.004058
1371713941.776350 2.658506 -0.318439 -0.042762 -0.012381
1371713941.805926 2.653998 -0.316706 -0.040690 -0.009781
1371713941.840028 2.656996 -0.317438 -0.034654 -0.012026
1371713941.875224 2.673102 -0.321371 -0.012092 -0.035763
1371713941.906714 2.653666 -0.316243 -0.017004 -0.011235
1371713941.940981 2.679989 -0.320368 0.007318 -0.026766
1371713941.975650 2.680302 -0.319529 0.024770 -0.026380
1371713942.008372 2.644822 -0.317284 0.001152 0.003544
1371713942.041600 2.676727 -0.316633 0.015382 0.006840
1371713942.076338 2.659301 -0.316298 0.008661 0.016855
1371713942.117999 2.649629 -0.315639 -0.006224 0.026299
1371713942.141634 2.664742 -0.319692 0.000256 0.002534
1371713942.178083 2.665994 -0.318826 0.005320 -0.006445
1371713942.211657 2.670956 -0.317491 0.013044 -0.005976
1371713942.248690 2.675759 -0.320475 0.024472 -0.019577
1371713942.295808 2.649488 -0.314885 0.002746 0.012750
1371713942.324738 2.667741 -0.316873 0.006691 0.010168
1371713942.369549 2.673910 -0.318620 0.016428 -0.002650
1371713942.392569 2.662450 -0.317097 0.010672 0.003161
1371713942.428683 2.658816 -0.317112 0.002502 0.007049
1371713942.460821 2.670166 -0.319886 0.009069 -0.009122
1371713942.498797 2.666213 -0.319987 0.009181 -0.014521
1371713942.526591 2.658816 -0.317112 -0.000055 0.000783
1371713942.559313 2.678999 -0.321049 0.015279 -0.017503
1371713942.591521 2.666638 -0.316986 0.011603 -0.000575
1371713942.628320 2.658816 -0.317112 0.001026 0.010829
1371713942.658994 2.644541 -0.315778 -0.021648 0.026572
1371713942.697184 2.649770 -0.316393 -0.031536 0.024688
1371713942.727750 2.649669 -0.315855 -0.037984 0.021775
1371713942.760552 2.654375 -0.317231 -0.036027 0.008333
1371713942.795367 2.655161 -0.317767 -0.032609 -0.002859
1371713942.830515 2.692181 -0.322007 0.008987 -0.042076
1371713942.864842 2.663147 -0.316336 0.007638 -0.017708
1371713942.897005 2.640696 -0.314723 -0.016803 0.013875
1371713942.927256 2.665897 -0.312940 -0.008605 0.024130
1371713942.961667 2.662566 -0.317713 -0.002818 0.006176
1371713943.007887 2.654498 -0.317886 -0.006915 -0.001165
1371713943.029985 2.649669 -0.315855 -0.015773 0.006063
1371713943.065544 2.691454 -0.326412 0.024604 -0.055001
1371713943.097519 2.682008 -0.317932 0.038941 -0.035595
1371713943.132833 2.684707 -0.322746 0.053232 -0.041908
1371713943.165757 2.669946 -0.318723 0.045100 -0.013931
1371713943.203682 2.680512 -0.320632 0.049452 -0.010146
1371713943.231379 2.678440 -0.321433 0.049331 -0.008586
1371713943.266435 2.670056 -0.319304 0.038208 0.006997
1371713943.305386 2.676305 -0.318314 0.034984 0.015822
1371713943.335737 2.684496 -0.321641 0.041414 0.000411
1371713943.369072 2.686877 -0.323575 0.047648 -0.016214
1371713943.398457 2.666521 -0.316369 0.026689 0.018724
1371713943.432000 2.620471 -0.310565 -0.039101 0.078784
1371713943.467415 2.579777 -0.308037 -0.129019 0.123374
1371713943.499775 2.558466 -0.315510 -0.207810 0.098247
1371713943.535444 2.454321 -0.311007 -0.380718 0.133638
1371713943.565784 2.433240 -0.311841 -0.512057 0.123866
1371713943.599963 2.376185 -0.304841 -0.658385 0.147308
1371713943.647196 2.345046 -0.303386 -0.774176 0.141650
1371713943.671113 2.285600 -0.298300 -0.901607 0.153796
1371713943.704972 2.232656 -0.296365 -1.021926 0.151332
1371713943.739761 2.181391 -0.294071 -1.130657 0.141209
1371713943.771703 2.131816 -0.292188 -1.224356 0.124560
1371713943.811321 2.080783 -0.289189 -1.306307 0.113138
1371713943.841245 2.028545 -0.285441 -1.378223 0.109847
1371713943.879178 1.987107 -0.284243 -1.422451 0.089541
1371713943.934211 1.929211 -0.278690 -1.472051 0.099563
1371713943.966773 1.888278 -0.282379 -1.490196 0.057166
1371713943.996485 1.847160 -0.283490 -1.490295 0.014450
1371713944.030408 1.746405 -0.282723 -1.573811 0.034235
1371713944.063034 1.701777 -0.274386 -1.623117 0.076614
1371713944.110338 1.624460 -0.237917 -1.710989 0.326149
1371713944.131283 1.544566 -0.216590 -1.813136 0.510387
1371713944.169256 1.468407 -0.226006 -1.886806 0.413329
1371713944.198759 1.429419 -0.240094 -1.864928 0.161132
1371713944.235566 1.374570 -0.240740 -1.848996 0.013030
1371713944.270227 1.332119 -0.232118 -1.819562 -0.001323
1371713944.303408 1.293944 -0.224804 -1.762560 0.027962
1371713944.334333 1.247918 -0.221777 -1.698300 0.044515
1371713944.374829 1.215805 -0.225916 -1.595160 -0.015694
1371713944.400050 1.172572 -0.226452 -1.508932 -0.043236
1371713944.437272 1.125129 -0.221120 -1.456722 0.003345
1371713944.472137 1.076095 -0.215793 -1.427850 0.066078
1371713944.504836 1.029974 -0.213139 -1.402129 0.090562
1371713944.538181 0.980772 -0.212327 -1.387203 0.084176
1371713944.568312 0.933980 -0.209002 -1.380869 0.088502
1371713944.613286 0.889548 -0.207689 -1.369117 0.072887
1371713944.635155 0.840860 -0.206677 -1.370083 0.060591
1371713944.672287 0.794372 -0.204634 -1.374562 0.058541
1371713944.702641 0.749543 -0.202406 -1.374562 0.058541
1371713944.736584 0.703724 -0.200454 -1.374562 0.058541
1371713952.651368 2.378457 -0.415638 -1.374562 0.058541
1371713952.682460 2.372330 -0.418128 0.000000 0.000000
1371713952.728385 2.382380 -0.420180 0.301332 -0.061593
1371713952.755813 2.350697 -0.413217 -0.209296 0.077402
1371713952.795486 2.390267 -0.416774 0.041590 0.023619
1371713952.820949 2.355785 -0.413943 -0.051335 0.037740
1371713952.863232 2.362794 -0.415643 -0.053759 0.022925
1371713952.885629 2.371294 -0.416872 -0.030986 0.002133
1371713952.926808 2.376638 -0.416109 -0.009303 -0.007354
1371713952.964826 2.388066 -0.420450 0.022416 -0.037826
1371713953.008919 2.409243 -0.423040 0.068228 -0.070664
1371713953.034821 2.355519 -0.413991 0.019125 0.004467
1371713953.064943 2.373682 -0.414453 0.010783 0.024520
1371713953.104733 2.349912 -0.409524 -0.025055 0.069637
1371713953.133007 2.369733 -0.415903 -0.019445 0.035206
1371713953.167774 2.377319 -0.415504 -0.007217 0.009432
1371713953.200454 2.388040 -0.419086 0.015562 -0.028232
1371713953.242202 2.383073 -0.422499 0.026496 -0.053979
1371713953.274504 2.414223 -0.421903 0.065396 -0.074182
1371713953.311376 2.388517 -0.415038 0.056766 -0.020270
1371713953.377760 2.377673 -0.410546 0.034773 0.038522
1371713953.407917 2.392799 -0.419028 0.043357 0.011207
1371713953.478817 2.394783 -0.418432 0.048872 -0.001241
1371713953.512379 2.393222 -0.418424 0.048685 -0.004869
1371713953.545993 2.400687 -0.419505 0.055719 -0.014714
1371713953.576978 2.382050 -0.416744 0.034478 0.009310
1371713953.610724 2.397387 -0.418446 0.037705 0.001509
1371713953.644661 2.367872 -0.415168 0.001343 0.033066
1371713953.677055 2.387609 -0.417651 0.001548 0.017123
1371713953.710811 2.391018 -0.417266 0.004992 0.006222
1371713953.755372 2.418534 -0.421080 0.040752 -0.035096
1371713953.777184 2.378564 -0.411066 0.010996 0.025393
1371713953.817167 2.385317 -0.417693 0.003818 0.014038
1371713953.845395 2.371128 -0.414444 -0.020722 0.030512
1371713953.878945 2.390115 -0.417284 -0.012618 0.006636
1371713953.914297 2.396942 -0.413771 -0.001426 0.006133
1371713953.946283 2.370594 -0.412643 -0.024476 0.027698
1371713953.999443 2.357781 -0.412159 -0.054529 0.042904
1371713954.021145 2.369945 -0.414358 -0.057043 0.022697
1371713954.059592 2.397387 -0.418446 -0.022944 -0.028802
1371713954.089707 2.376914 -0.415496 -0.025007 -0.021819
1371713954.121588 2.375319 -0.416837 -0.026715 -0.020911
1371713954.157478 2.385317 -0.417693 -0.015175 -0.028300
1371713954.187855 2.368713 -0.414885 -0.028186 -0.003168
1371713954.229478 2.366435 -0.415776 -0.037758 0.005683
1371713954.256272 2.368094 -0.416232 -0.040570 0.004625
1371713954.290741 2.395807 -0.423429 -0.004200 -0.049314
1371713954.322579 2.387778 -0.417705 0.006562 -0.034579
1371713954.356346 2.388060 -0.420011 0.016005 -0.032382
1371713954.393538 2.403947 -0.421302 0.040864 -0.041696
1371713954.431736 2.383513 -0.419919 0.031916 -0.018010
1371713954.454943 2.374104 -0.417310 0.012037 0.015248
1371713954.488679 2.407847 -0.417414 0.037659 0.006389
1371713954.526551 2.371659 -0.414189 0.010953 0.041565
1371713954.556188 2.393064 -0.417515 0.020473 0.021698
1371713954.591968 2.369945 -0.414358 -0.002798 0.039173
1371713954.624055 2.383332 -0.414753 -0.002282 0.029908
1371713954.655729 2.326040 -0.399536 -0.079489 0.131300
1371713954.689816 2.249240 -0.372965 -0.236718 0.335797
1371713954.726721 2.230301 -0.360284 -0.357608 0.438496
1371713954.755007 2.172659 -0.337550 -0.505134 0.552452
1371713954.788734 2.070298 -0.311019 -0.730445 0.697672
1371713954.831133 2.042435 -0.298387 -0.884636 0.697614
1371713954.859196 1.998770 -0.279216 -1.012906 0.676119
1371713954.899783 1.953433 -0.262166 -1.119554 0.636628
1371713954.929167 1.900637 -0.243130 -1.218609 0.610405
1371713954.960522 1.843043 -0.224225 -1.314574 0.595565
1371713954.996692 1.813802 -0.207030 -1.360799 0.561215
1371713955.029196 1.755526 -0.184383 -1.415123 0.574979
1371713955.062986 1.702402 -0.170124 -1.461166 0.551142
1371713955.092227 1.655102 -0.151377 -1.492050 0.541091
1371713955.128941 1.604262 -0.133116 -1.515748 0.537778
1371713955.160323 1.558280 -0.114615 -1.525116 0.537633
1371713955.199774 1.499733 -0.096134 -1.544596 0.543950
1371713955.227822 1.465310 -0.074935 -1.529106 0.562034
1371713955.271175 1.404201 -0.057435 -1.536223 0.563095
1371713955.293129 1.365065 -0.037416 -1.519268 0.570210
1371713955.334854 1.317838 -0.017823 -1.501335 0.577256
1371713955.360173 1.271979 0.001840 -1.481200 0.583256
1371713955.396899 1.218846 0.022600 -1.474512 0.595996
1371713955.431310 1.168013 0.042633 -1.473862 0.601503
1371713955.460659 1.113392 0.063322 -1.485098 0.607111
1371713955.498641 1.061021 0.083855 -1.498996 0.610210
1371713955.527535 1.015020 0.103812 -1.498996 0.610210
1371713955.567504 0.965054 0.124153 -1.498996 0.610210
1371713957.903727 0.056965 0.407512 -1.498996 0.610210
1371713957.975595 0.066605 0.399714 0.000000 0.000000
1371713958.001364 0.078349 0.396610 0.352323 -0.093099
1371713958.074362 0.103341 0.387466 0.655023 -0.139655
1371713958.100711 0.113015 0.387639 0.487006 -0.144852
1371713958.173132 0.133104 0.381654 0.518006 -0.132586
1371713958.201060 0.144652 0.375437 0.444810 -0.164757
1371713958.243706 0.166996 0.363031 0.504151 -0.181696
1371713958.268314 0.181449 0.360994 0.504151 -0.181696
1371713958.306180 0.198254 0.354938 0.504151 -0.181696
1371713963.700188 2.333224 -0.653830 0.504151 -0.181696
1371713963.732802 2.349764 -0.652045 0.000000 0.000000
1371713963.769100 2.369554 -0.644654 0.593331 0.221616
1371713963.811477 2.370344 -0.641588 0.364122 0.170920
1371713963.834762 2.412354 -0.643782 0.536367 0.084360
1371713963.871691 2.395912 -0.629941 0.430191 0.151345
