1370582289.175	0 0	0 0	0 0	0 0
1370582289.2088	0 0	0 0	0 0	0 0
1370582289.2409	0 0	0 0	0 0	0 0
1370582289.2822	0 0	0 0	0 0	0 0
1370582289.3092	0 0	0 0	0 0	0 0
1370582289.3431	0 0	0 0	0 0	0 0
1370582289.3757	0 0	0 0	0 0	0 0
1370582289.409	0 0	0 0	0 0	0 0
1370582289.4438	0 0	0 0	0 0	0 0
1370582289.476	0 0	0 0	0 0	0 0
1370582289.5096	0 0	0 0	0 0	0 0
1370582289.5428	0 0	0 0	0 0	0 0
1370582289.5752	0 0	0 0	0 0	0 0
1370582289.6086	0 0	0 0	0 0	0 0
1370582289.642	0 0	0 0	0 0	0 0
1370582289.6754	0 0	0 0	0 0	0 0
1370582289.7097	0 0	0 0	0 0	0 0
1370582289.7421	0 0	0 0	0 0	0 0
1370582289.7774	0 0	0 0	0 0	0 0
1370582289.8113	0 0	0 0	0 0	0 0
1370582289.8497	0 0	0 0	0 0	0 0
1370582289.8776	0 0	0 0	0 0	0 0
1370582289.9107	0 0	0 0	0 0	0 0
1370582289.9444	0 0	0 0	0 0	0 0
1370582289.9775	0 0	0 0	0 0	0 0
1370582290.0111	0 0	0 0	0 0	0 0
1370582290.0441	0 0	0 0	0 0	0 0
1370582290.0776	0 0	0 0	0 0	0 0
1370582290.1118	0 0	0 0	0 0	0 0
1370582290.1449	0 0	0 0	0 0	0 0
1370582290.1786	0 0	0 0	0 0	0 0
1370582290.2107	0 0	0 0	0 0	0 0
1370582290.2442	0 0	0 0	0 0	0 0
1370582290.2784	1.648185 0.695411	48.270006202144 20.366338295179	0 0	0.42930619775404 0.60813524525605
1370582290.3121	1.419274 0.609926	-6.7944400463095 -2.5373298240747	0 0	1.3867804039423 2.1058582547662
1370582290.3782	0 0	-21.467398305419 -9.2255085197297	0 0	-0.19420790013409 -0.38116980167766
1370582290.4119	1.128313 0.485076	33.46619236942 14.387538501984	0 0	0.4178549884327 0.58287311889119
1370582290.4854	1.03606 0.433433	-1.2557430433253 -0.70296183307262	0 0	1.5159124563995 2.419805057966
1370582290.5134	1.020458 0.421866	-0.55667634455654 -0.41270832441261	0 0	2.5196164532079 3.8359292326697
1370582290.5803	1.014443 0.417351	-0.089904847050776 -0.067484685691479	0 0	3.133815876088 4.1393411795086
1370582290.6132	1.014076 0.418193	-0.011148600498291 0.025577988064197	0 0	3.4412783754216 3.6471731693407
1370582290.6801	1.008802 0.420127	-0.078841087541968 0.028911388567722	0 0	3.529716053757 2.7986922974661
1370582290.7142	1.006012 0.419077	-0.0817820248936 -0.030778181411569	0 0	3.4513909718887 1.8663185686608
1370582290.7476	1.002054 0.420811	-0.11858150697515 0.051950564197805	0 0	3.2428339408225 1.0228959822041
1370582290.7813	1.002439 0.420152	0.011427408109832 -0.019560160894486	0 0	2.9634712916994 0.33412692517051
1370582290.8476	1.001339 0.42186	-0.016584474255562 0.025751165480452	0 0	2.647900307053 -0.16803495121906
1370582290.8816	0.999912 0.422012	-0.041960682893998 0.0044695331463821	0 0	2.3269314523967 -0.50143634645348
1370582290.948	1.002225 0.424774	0.034880525331405 0.041651539544031	0 0	2.0276169016821 -0.67701854008548
1370582290.9798	1.000519 0.423908	-0.053614381801561 -0.027215741289655	0 0	1.743629063666 -0.75077068328888
1370582291.0135	1.001773 0.424977	0.037222807999889 0.031731404905804	0 0	1.4866941152213 -0.74023211717972
1370582291.0468	0.997881 0.422843	-0.11686961653506 -0.064080103208069	0 0	1.2424802809784 -0.69071376926302
1370582291.0805	1.001244 0.425372	0.099653427192766 0.074940088424175	0 0	1.0324299828951 -0.59644875739644
1370582291.1152	1.00093 0.424838	-0.0090466510234901 -0.01538506893804	0 0	0.84089368890931 -0.49493469266639
1370582291.1481	1.001029 0.425267	0.0030104842746275 0.013045431856739	0 0	0.66996406924236 -0.39267097031809
1370582291.1884	1.000583 0.426274	-0.011055188988894 0.024960931192416	0 0	0.51868169005299 -0.2962148878768
1370582291.2154	1.00015 0.425564	-0.016077527925564 -0.026362690131992	0 0	0.38500363346192 -0.21549271836389
1370582291.2477	1.000518 0.426719	0.011400259040414 0.035780704325219	0 0	0.27253493818448 -0.14365203013409
1370582291.281	1.001245 0.427389	0.021813453286403 0.020103182533551	0 0	0.17951430292396 -0.08394564476463
1370582291.3147	1.00108 0.427638	-0.004897183373667 0.0073902949093533	0 0	0.1022903455809 -0.038509741341976
1370582291.3489	0.999916 0.425213	-0.03400218587029 -0.070837887229775	0 0	0.035888999340334 -0.014554637585142
1370582291.3827	1.001343 0.42789	0.042221459011423 0.079205918551908	0 0	-0.0096767223795526 0.014303491764715
1370582291.4164	1.002246 0.426879	0.026771396242415 -0.029973290809618	0 0	-0.043626115995447 0.03049960861336
1370582291.4503	1.000018 0.425956	-0.065854669504303 -0.027281804287466	0 0	-0.072016980522396 0.035075894382488
1370582291.4824	0.999435 0.426192	-0.018120830513628 0.0073353619231828	0 0	-0.090608985381149 0.038287598869264
1370582291.5202	1.000903 0.426321	0.038849380225885 0.0034138760552714	0 0	-0.098200887778251 0.041821844440993
1370582291.5483	0.999066 0.426486	-0.065506469490995 0.0058838146249384	0 0	-0.10280900368359 0.041641070958328
1370582291.5824	1.001409 0.424954	0.0685810590255 -0.044842587463536	0 0	-0.099939352210576 0.037528405534721
1370582291.6161	0.999366 0.426334	-0.060711215377313 0.041009044160886	0 0	-0.095508442008241 0.036608617172023
1370582291.6496	1.001342 0.427193	0.058930628801399 0.025618122540689	0 0	-0.084745388052311 0.039374844834666
1370582291.6836	1.001671 0.42703	0.0096924655723434 -0.0048020422136521	0 0	-0.073844107000318 0.03824744455566
1370582291.7166	0.99973 0.426877	-0.058750281903991 -0.0046310114020153	0 0	-0.066524306316792 0.032574791735721
1370582291.7565	1.000767 0.426677	0.026015427139344 -0.005017440142594	0 0	-0.057148846053068 0.027553756438893
1370582291.7831	1.00141 0.426573	0.024102179452347 -0.0038983307356829	0 0	-0.047191695826012 0.022981368386499
1370582291.8167	0.999969 0.426377	-0.042927909314315 -0.0058389106353956	0 0	-0.040468652397428 0.016577383052739
1370582291.8508	1.000079 0.426465	0.003230725449553 0.002584580359643	0 0	-0.033440222456491 0.01224030489885
1370582291.8837	1.00234 0.427423	0.068675429208701 0.029098213702757	0 0	-0.022487434573152 0.014223072146413
1370582291.9163	1.001143 0.427161	-0.036682998363342 -0.0080291942950662	0 0	-0.01619077391979 0.011735540179965
1370582291.9494	1.000521 0.426421	-0.018800676601998 -0.02236736444611	0 0	-0.012716303460339 0.0060169960866435
1370582291.9827	1.000151 0.426841	-0.011117106486621 0.012619418174004	0 0	-0.0095583226184947 0.0032697826288623
1370582292.0164	1.001342 0.427193	0.035347509350918 0.010446954904721	0 0	-0.0045884315092098 0.003680407019805
1370582292.0496	1.002247 0.42782	0.027249230945942 0.018878748953704	0 0	0.0010016258198715 0.0062246932950887
1370582292.0828	1.001 0.42699	-0.037507150249562 -0.024964662956801	0 0	0.0018742672219864 0.0026566726070266
1370582292.1173	1.000343 0.426113	-0.019072143515632 -0.025458553825283	0 0	0.00074882600461077 -0.0033412878784507
1370582292.15	1.000943 0.426491	0.018340833163278 0.011554724892866	0 0	0.0017036441206081 -0.0045427411186571
1370582292.183	1.000079 0.426108	-0.026177852506266 -0.011604302673496	0 0	0.00084047075937392 -0.0069300951086867
1370582292.2182	1.000563 0.426521	0.013739065736315 0.011723624274992	0 0	0.0016945713795801 -0.0056771267178401
1370582292.2512	1.00015 0.425912	-0.01253371791588 -0.0184819230285	0 0	0.0011029709913515 -0.0068490041437013
1370582292.2852	0.999567 0.426239	-0.017153113387023 0.0096210430146739	0 0	0.00033189846965225 -0.0062135647157675
1370582292.325	1.000542 0.426802	0.024483451376709 0.014137623718038	0 0	0.0019362290304798 -0.0023398687387772
1370582292.3516	0.998884 0.425802	-0.062220675625863 -0.037527548628384	0 0	-0.0007011429279958 -0.0048942633612021
1370582292.3855	1.000877 0.427159	0.058886189185382 0.040094610499028	0 0	0.0021175049332848 0.00074786551850958
1370582292.419	1.000159 0.42635	-0.021430881086236 -0.024147051251761	0 0	0.0017352365320138 0.00029733443439797
1370582292.4516	1.000127 0.426386	-0.00098189892605371 0.0011046362918087	0 0	0.0013818241015485 6.8211406974822e-05
1370582292.4847	1.000849 0.427197	0.021806007517609 0.024494005674208	0 0	0.002938562513668 0.0032741990305421
1370582292.5186	0.999971 0.424686	-0.025864580081473 -0.073970342351453	0 0	-9.7946934062939e-05 -0.0046223661040523
1370582292.5521	1.000748 0.426842	0.023244682410502 0.064498758400319	0 0	0.0016318999286141 -0.00053324508109472
1370582292.5864	1.002074 0.426884	0.038618526570147 0.0012232112488279	0 0	0.0045649734829983 0.0030809158149832
1370582292.6203	1.000263 0.426699	-0.053478586724493 -0.0054630251485536	0 0	0.003122514178477 0.0021724022911806
1370582292.6534	0.999784 0.426172	-0.01444460784539 -0.015892084205683	0 0	0.00071033111488998 -0.00078424770039652
1370582292.6864	0.999624 0.426075	-0.0048446707719422 -0.0029370816554895	0 0	-0.0011420748718659 -0.002720112297704
1370582292.7212	0.998807 0.425912	-0.023516932950848 -0.0046918727919065	0 0	-0.0035864321353349 -0.0046705818691979
1370582292.7515	1.001238 0.426593	0.080061819026982 0.022427848110807	0 0	-0.00049991775750972 -0.00046553107380008
1370582292.7863	1.123507 0.566068	3.5162179514015 4.0110289506884	0 0	0.34991796427318 0.46295106346464
1370582292.819	1.040397 0.554244	-2.541585410852 -0.3615895307173	0 0	0.38006144007772 0.61340491080016
1370582292.8536	1.004591 0.551896	-1.0359899631909 -0.067935665351395	0 0	0.26831191243464 0.59262316288173
1370582292.8918	0.999114 0.537757	-0.14321197334281 -0.36970496459631	0 0	0.13594012468984 0.4733849427108
1370582292.9194	0.992288 0.485469	-0.24793951056957 -1.8992471621245	0 0	-0.014975354638302 0.17700725657813
1370582292.9546	0.993112 0.445126	0.023399819198636 -1.1456540120516	0 0	-0.1330253488287 -0.13397240619962
1370582292.9875	0.994766 0.435985	0.050290175328207 -0.27793379242753	0 0	-0.20444715608664 -0.30330874200111
1370582293.0216	0.994269 0.43203	-0.014546685238171 -0.11575883323331	0 0	-0.23305433767848 -0.36650898697475
1370582293.0553	0.994258 0.432008	-0.00032683505709621 -0.00065367011419407	0 0	-0.2264453337991 -0.35239115856736
1370582293.0893	0.995269 0.430926	0.029716193247277 -0.031803087135069	0 0	-0.19970790157378 -0.30099565609436
1370582293.1241	0.991067 0.427407	-0.12086121220101 -0.1012162317314	0 0	-0.17457863569382 -0.24899526010322
1370582293.1548	0.996087 0.431633	0.16357652001647 0.13770405848398	0 0	-0.13210032520184 -0.16939005962247
1370582293.1891	0.994723 0.430726	-0.039770254539385 -0.026445469844006	0 0	-0.098542066183512 -0.10773579920368
1370582293.2215	0.993188 0.428086	-0.047308119801313 -0.08136380213385	0 0	-0.0755896921144 -0.069773282501199
1370582293.2548	0.9938 0.429929	0.018367243018141 0.055311811899395	0 0	-0.053097053636401 -0.032906600094667
1370582293.2885	0.994955 0.430713	0.034338357374238 0.023308460763119	0 0	-0.03347095849792 -0.0043357832225711
1370582293.3227	0.994325 0.430734	-0.018376496213307 0.00061254987377669	0 0	-0.020632834714776 0.011728324939488
1370582293.3581	0.993797 0.430026	-0.014934199959538 -0.020025404491199	0 0	-0.013459329961878 0.016553533167991
1370582293.3901	0.994865 0.431238	0.033370705643087 0.037870126628673	0 0	-0.0057415628418355 0.022435997584882
1370582293.4246	0.991887 0.429665	-0.086356729203541 -0.045614215929203	0 0	-0.0071956691482987 0.014914410520108
1370582293.4594	0.995422 0.430984	0.10154273942582 0.037888224413762	0 0	-0.0010819034118052 0.017003211355992
1370582293.4904	0.993248 0.429926	-0.070119553802263 -0.034124419467706	0 0	-0.0017245889463792 0.010346914612993
1370582293.5241	0.992886 0.430242	-0.010742527172259 0.0093774546586587	0 0	-0.0022083587257732 0.0061866137225629
1370582293.5568	0.989296 0.428385	-0.10979933467992 -0.056795923259222	0 0	-0.0096828657578409 -0.0064045450029219
1370582293.5912	0.992121 0.429541	0.08220530880129 0.03363870335373	0 0	-0.0078806814687087 -0.0055349236994519
1370582293.6245	0.99067 0.428495	-0.043544991514145 -0.031390807114952	0 0	-0.0093210632710812 -0.0091604566022606
1370582293.6608	0.991588 0.429663	0.025287800449225 0.032174456344984	0 0	-0.0067800205807483 -0.0050721460195752
1370582293.6908	0.994774 0.430562	0.10608375641239 0.029933865980772	0 0	0.00099604037751696 0.0038596581984841
1370582293.7235	0.987403 0.428197	-0.22577786626939 -0.072441277130255	0 0	-0.0080103160479412 -0.0068926582502836
1370582293.7596	0.994142 0.430278	0.18649530325083 0.057589661086955	0 0	-0.00053886938023736 0.0019160577437162
1370582293.7945	0.993904 0.430264	-0.0068249490783777 -0.00040146759284621	0 0	0.0037408854467617 0.0060016051810969
1370582293.825	0.993223 0.429934	-0.022331582221181 -0.010821471560924	0 0	0.0047418580980636 0.0055250784354072
1370582293.859	0.995579 0.43092	0.069151716053185 0.028940404086775	0 0	0.0096342287084124 0.0099134567478231
1370582293.8923	0.990914 0.428735	-0.14006935421752 -0.065605903315176	0 0	0.0026847632005792 -0.0010112919055503
1370582293.9252	0.99168 0.429327	0.023281932679697 0.017993347449583	0 0	0.00019087799019125 -0.0040460773760382
1370582293.9588	0.992953 0.429988	0.037925283707186 0.019692547156677	0 0	0.0013581320881163 -0.0017694042868862
1370582293.992	0.991981 0.429434	-0.029263846332744 -0.016679188136153	0 0	-2.2186150316533e-05 -0.0031506415404262
1370582294.0263	0.9934 0.429957	0.041421116418906 0.01526655665052	0 0	0.0018901966831817 -0.00041608482992118
1370582294.058	0.992866 0.430253	-0.016840668105293 0.0093349021707262	0 0	0.0024232354483691 0.0014867867378386
1370582294.0921	0.995381 0.432251	0.073727255673517 0.058571394368068	0 0	0.008283878556926 0.011288678734967
1370582294.1269	0.992967 0.431145	-0.069328288239924 -0.031763499085898	0 0	0.0061601696416445 0.0090700472557195
1370582294.1596	0.99075 0.427678	-0.067777281903263 -0.10599180710808	0 0	-0.0024631292001973 -0.0069445566329961
1370582294.1926	0.992823 0.428848	0.062829544624856 0.035460958616055	0 0	-0.0028062740344851 -0.0087693852595752
1370582294.2258	0.989905 0.428725	-0.088061612813169 -0.0037119871062435	0 0	-0.0071591047958637 -0.011909193002683
1370582294.2579	0.991823 0.429438	0.059596366082408 0.022154436400811	0 0	-0.005607217379548 -0.0076665425748814
1370582294.2921	0.990692 0.42929	-0.033145780572674 -0.004337378890146	0 0	-0.0061730518377433 -0.0058697239324434
1370582294.3253	0.994302 0.430625	0.10875516207578 0.040218321709462	0 0	0.00064197149099971 0.0038833152546211
1370582294.3588	0.993765 0.430935	-0.016024511568343 0.0092506491362883	0 0	0.0041051494738055 0.0090947792218072
1370582294.4006	0.993051 0.429678	-0.017077726583751 -0.030065409405848	0 0	0.0033955112004068 0.0058554669337473
1370582294.427	0.990861 0.429096	-0.083011240081697 -0.022060521336781	0 0	-0.0011957109841744 -0.00072904852851479
1370582294.461	0.994133 0.429151	0.096110838134058 0.0016155550419852	0 0	0.0012298460689715 -0.0007821339671836
1370582294.4934	0.991263 0.429228	-0.088741835338524 0.0023808785090821	0 0	-0.001460477316834 -0.0033959598526524
1370582294.5273	0.993475 0.430895	0.065102802947161 0.049062555385586	0 0	0.0020226006273959 0.0033395207639705
1370582294.5605	0.991788 0.429905	-0.050871299916602 -0.029853341385557	0 0	0.00023979224489271 0.0016561731342749
1370582294.5938	0.992944 0.431314	0.034756601511091 0.042363366374675	0 0	0.0021666330183046 0.0063958816306635
1370582294.6276	0.993585 0.430852	0.018942113389932 -0.013652506062633	0 0	0.0034282641921952 0.0072861244302942
1370582294.6636	0.993497 0.429874	-0.0024445730559609 -0.027168096008267	0 0	0.0027977723898415 0.0034559597582424
1370582294.6953	0.993826 0.430953	0.010376553866978 0.034031311922397	0 0	0.0038962439498148 0.0047263768409854
1370582294.728	0.994001 0.430938	0.0053505405188701 -0.00045861775875981	0 0	0.0044903217684484 0.0048492788215132
1370582294.7605	0.993544 0.428738	-0.014047305138034 -0.067623788410661	0 0	0.0017554958777325 -0.0035634484849487
1370582294.7972	0.992516 0.429553	-0.028010891321437 0.022207078236353	0 0	-0.00041251024528611 -0.0061131040711508
1370582294.828	0.992896 0.429971	0.012341250822707 0.013575375904976	0 0	-0.00056584792844436 -0.0049850725259377
1370582294.861	0.992761 0.429975	-0.004096740874724 0.00012138491480676	0 0	-0.00077436979497802 -0.0038690205360343
1370582294.8948	0.99243 0.429557	-0.0097909293915193 -0.012364376089593	0 0	-0.0017485817475846 -0.0044617696737785
1370582294.9285	0.992717 0.42984	0.0085175283595585 0.0083988171629111	0 0	-0.0014534378598202 -0.002970931683789
1370582294.9614	0.992897 0.428793	0.005472457179309 -0.031831459259636	0 0	-0.0018897603223959 -0.0050735003392245
1370582294.995	0.990882 0.429207	-0.059900792107277 0.012307160264226	0 0	-0.0045347622487208 -0.0061578461615918
1370582295.0292	0.992454 0.430091	0.046009238125141 0.025872879454597	0 0	-0.0026194920940187 -0.001342495850751
1370582295.0622	0.995012 0.430709	0.077508449633013 0.018725653586084	0 0	0.0030973851146162 0.0059849079649991
1370582295.0958	0.996192 0.431593	0.035074153455838 0.026275891233018	0 0	0.0089480425583438 0.013081323269345
1370582295.1296	0.994498 0.430848	-0.050161324541462 -0.022060322776499	0 0	0.0084023103823783 0.010956092559375
1370582295.1621	0.992897 0.429938	-0.049252462256123 -0.027994841132464	0 0	0.004045314936035 0.0037491757091249
1370582295.1957	0.991964 0.430251	-0.027775270471501 0.0093179631914035	0 0	-1.6197227553536e-05 -0.00046444054533875
1370582295.2291	0.994853 0.430712	0.086455505297631 0.013795772911806	0 0	0.0023371859151554 0.0017174037314724
1370582295.2625	0.99264 0.430465	-0.06629143932923 -0.0073989993286577	0 0	1.6050762795979e-05 -0.00037094539312765
1370582295.2948	0.99202 0.429332	-0.019203270466259 -0.035092428126246	0 0	-0.0034962073782682 -0.0057249135236537
1370582295.3308	0.991162 0.429599	-0.023818811889839 0.0074121477559292	0 0	-0.0063297326217665 -0.0077279217243917
1370582295.363	0.99311 0.430459	0.060457764991418 0.026690799739536	0 0	-0.0037853689811231 -0.0029218055455749
1370582295.397	0.99377 0.430839	0.019427068087077 0.011185281625894	0 0	-0.00065495602854489 0.0019919806709098
1370582295.4294	0.994262 0.430892	0.015168827038707 0.0016340403110795	0 0	0.0019954093754345 0.0050392140386229
1370582295.4641	0.991612 0.427713	-0.07647256940383 -0.091738225711238	0 0	-0.0036823408224855 -0.0071392240519906
1370582295.4954	0.991374 0.429651	-0.0076067724242008 0.061940861168474	0 0	-0.0049942667705534 -0.0065638699757158
1370582295.5303	0.992101 0.429924	0.020826707064361 0.0078207579485139	0 0	-0.0041107549913075 -0.0036590342584629
1370582295.5644	0.991335 0.429123	-0.022480438744167 -0.023507612838221	0 0	-0.0053119401514436 -0.0049046426417207
1370582295.5956	0.990984 0.429997	-0.011234571389325 0.027974402832681	0 0	-0.0053592850731964 -0.0022488007188863
1370582295.6288	0.991547 0.429958	0.01697000490115 -0.0011755420801866	0 0	-0.0044000103493794 0.00010499969170083
1370582295.665	0.992159 0.429911	0.016901046543632 -0.0012979561888087	0 0	-0.00276121725528 0.0019406233273483
1370582295.6985	0.990211 0.429356	-0.058166302588492 -0.016572021528034	0 0	-0.0052009639840577 -0.00094425972646067
1370582295.7302	0.990606 0.428943	0.012437036581064 -0.013003787615137	0 0	-0.0061973939507634 -0.0031582260444495
1370582295.7637	0.991498 0.428206	0.026669987368301 -0.022035628576725	0 0	-0.005637320576696 -0.0054248780359176
1370582295.798	0.992567 0.430045	0.031107934116863 0.053514958691219	0 0	-0.0012157106019859 0.0011382972908782
1370582295.8313	0.990871 0.429365	-0.050996770979999 -0.020446818553302	0 0	-0.0018018534116675 0.00065042578534652
1370582295.8642	0.991438 0.429866	0.017258255633208 0.015249358152092	0 0	-0.00075316859395418 0.0026003235177329
1370582295.9028	0.992877 0.430348	0.037243937009428 0.012475036579947	0 0	0.0024906842853953 0.0063443698251924
1370582295.9298	0.990535 0.429225	-0.08667660785317 -0.041561840571781	0 0	-0.00050258366700313 0.0015264003218234
1370582295.9632	0.992209 0.429839	0.050190610585307 0.01840922037	0 0	0.00087868607873546 0.0024517494884782
1370582295.9964	0.993907 0.430734	0.051045930275229 0.026905834862385	0 0	0.0051425386110585 0.00716181352318
1370582296.0299	0.99201 0.429602	-0.05658988689981 -0.03376897837142	0 0	0.0033331175846896 0.0030541380334439
1370582296.0637	0.991578 0.429551	-0.012789046563005 -0.0015098179970205	0 0	0.001354736939307 -0.00019909493327827
1370582296.0998	0.989335 0.428577	-0.062229288741897 -0.027022437465274	0 0	-0.0042963825987161 -0.0073284976692769
1370582296.1343	0.989384 0.428614	0.0014207462895008 0.0010728084226829	0 0	-0.007218956498236 -0.0098936975968011
1370582296.1667	0.991078 0.42932	0.052182366157461 0.021747786603995	0 0	-0.0051193264858434 -0.0058778821124086
1370582296.1988	0.99185 0.429515	0.02407168485299 0.0060802830911051	0 0	-0.0020870869056718 -0.0015243663414193
1370582296.2307	0.991516 0.429464	-0.010455395527959 -0.0015964825506752	0 0	-0.00065482581555035 0.00051380725638296
1370582296.2639	0.991046 0.428989	-0.014186976027865 -0.014337901304758	0 0	-0.00094622297718795 -0.00048003395474537
1370582296.2985	0.990589 0.427749	-0.013186005861066 -0.035778221592395	0 0	-0.0028926890087946 -0.0055181881416652
1370582296.3327	0.992256 0.428278	0.048728489465944 0.015463329890513	0 0	-0.00051703022422655 -0.0042243839795857
1370582296.3653	0.990553 0.429497	-0.052221813949408 0.037380147506946	0 0	-0.0002389527174028 -0.00071985102651719
1370582296.3978	0.990325 0.428768	-0.0070326615090456 -0.022486009824975	0 0	-0.0013098800033651 -0.0012771816156603
1370582296.4318	0.991834 0.429938	0.044313473100512 0.034358358865209	0 0	0.0015315451126815 0.0039791345682407
1370582296.4676	0.990665 0.429498	-0.032640823992277 -0.012285682255434	0 0	0.00073202933961943 0.0037435261707318
1370582296.4996	0.990184 0.427295	-0.015049608545812 -0.068927832903159	0 0	-0.0027836207282985 -0.004587829082208
1370582296.531	0.991836 0.429891	0.052614719142251 0.082680272937819	0 0	0.00061481952205695 0.0016911373297043
1370582296.5651	0.99058 0.42889	-0.036783149051454 -0.029315232643714	0 0	-0.00041472730037624 0.00034078473064736
1370582296.5984	0.990066 0.428759	-0.015453505960275 -0.0039385394568012	0 0	-0.0019605248172843 -0.0013102125539941
1370582296.6324	0.991803 0.429465	0.051082266170253 0.020762279744501	0 0	0.00056804263611104 0.0020523341725649
1370582296.6723	0.991141 0.426966	-0.016597799305392 -0.062655438767641	0 0	-0.0013393092936958 -0.0054089821545881
1370582296.6986	0.990757 0.429364	-0.014594567956724 0.09114003635474	0 0	-0.00025974800720418 -0.0012795538693882
1370582296.7316	0.990692 0.427292	-0.0019675509335098 -0.062719469757439	0 0	-0.0017981655061501 -0.0057985128538062
1370582296.7653	0.991009 0.429901	0.0094121245894216 0.077464457582964	0 0	0.00068242527429247 0.0013975214918549
1370582296.8	0.989581 0.428422	-0.041220526155688 -0.042692687804105	0 0	-0.0017929627453972 -0.0010853170682763
1370582296.8322	0.990325 0.428768	0.023098336597605 0.010741968363939	0 0	-0.0017572284599406 -0.00029795876172888
1370582296.8708	0.990037 0.429135	-0.007459625598243 0.0095058423422034	0 0	-0.0017862208144673 0.0011895908777047
1370582296.8992	0.989928 0.429089	-0.0038309923661533 -0.0016167490719556	0 0	-0.0020719402648166 0.0017149559479184
1370582296.9324	0.992835 0.428202	0.087528745148994 -0.026707257291763	0 0	0.0013965479752591 0.0017057938332294
1370582296.9663	0.989137 0.428783	-0.10934694559631 0.017179712112346	0 0	-0.0014559577782802 -0.00034559015676906
1370582296.9996	0.991244 0.427894	0.063119766645239 -0.026631928119421	0 0	-0.00080198812517567 -0.002201379876942
1370582297.0326	0.990002 0.429587	-0.03766140520532 0.051337165066512	0 0	-0.0004122308411315 0.0014154661974375
1370582297.0672	0.990939 0.429364	0.027095099160961 -0.0064484600991395	0 0	0.00081731749094294 0.0034716248507367
1370582297.0994	0.992083 0.429564	0.035480554700268 0.0062028941783677	0 0	0.003350097610653 0.0059029090886108
1370582297.1353	0.99031 0.429177	-0.049453040678305 -0.010794318523692	0 0	0.0014953402506612 0.0033910130294109
1370582297.1665	0.989985 0.429671	-0.010421706587971 0.015840994013717	0 0	0.00013925111313361 0.0029936764613276
1370582297.2	0.989286 0.429018	-0.020848190575068 -0.01947620664595	0 0	-0.0026018856525998 -0.00031420636507898
1370582297.2336	0.990001 0.429746	0.021254517208143 0.021640962975563	0 0	-0.002357833349602 0.0012017850141225
1370582297.2677	0.990053 0.429126	0.0015285578683245 -0.018225113045429	0 0	-0.0027167505803026 -1.7921123818986e-05
1370582297.3	0.989135 0.427501	-0.028375396642445 -0.050228779459666	0 0	-0.0056980416244384 -0.0069064373266025
1370582297.3337	0.990135 0.429492	0.029681579506051 0.059096024796546	0 0	-0.003369725005344 -0.0021129131610793
1370582297.3681	0.99219 0.430391	0.059757447551964 0.026142065863366	0 0	0.0022111131724527 0.0057477419939428
1370582297.4013	0.990609 0.427204	-0.047565791967637 -0.095883731183337	0 0	-0.00013199197654155 -0.0029650653405672
1370582297.4354	0.989186 0.429305	-0.041816093041503 0.061739712916515	0 0	-0.0013195621297099 -0.0017958202535023
1370582297.4684	0.991435 0.429956	0.068163842673082 0.019730841076113	0 0	0.0019909289176968 0.0034952097649523
1370582297.5025	0.989614 0.42756	-0.053365852796913 -0.070216684954095	0 0	-0.0013383501748566 -0.0038672945135514
1370582297.5353	0.990563 0.42936	0.028886349257955 0.054789703545122	0 0	0.0001882173871733 -0.00047864666167555
1370582297.5684	0.989692 0.429582	-0.02633800112468 0.0067130152120312	0 0	-0.00011041080218186 0.0013229658625102
1370582297.6008	0.990053 0.429126	0.011156789920051 -0.014092787267436	0 0	-0.00036015330774532 0.0010615761328494
1370582297.6349	0.990509 0.427613	0.013344608188441 -0.044277175853311	0 0	-0.0012465311016726 -0.0037954942727338
1370582297.6679	0.991072 0.429504	0.017093831406585 0.057414627335442	0 0	0.0013146907503256 0.00077369286343706
1370582297.7013	0.989138 0.429441	-0.057815771011518 -0.0018833472459796	0 0	-0.00036072525528386 0.0010509879472998
1370582297.7346	0.991012 0.429232	0.056234131253802 -0.0062715760042931	0 0	0.0011312945038992 0.0023065708975211
1370582297.7679	0.991888 0.429871	0.026344279402591 0.019216888742301	0 0	0.0039324379591906 0.0055847972521494
1370582297.8092	0.99209 0.429376	0.0048871409008851 -0.011975914583851	0 0	0.005150070156028 0.0050717866988588
1370582297.8352	0.990478 0.429228	-0.062128701303 -0.0057041239409693	0 0	0.002978854074037 0.0019428573584616
1370582297.8692	0.991604 0.42794	0.033135384157723 -0.037902641913983	0 0	0.0019929094947153 -0.0032381037741749
1370582297.9033	0.9923 0.43031	0.020378750176264 0.069393157927805	0 0	0.0049839349188881 0.0026941697564295
1370582297.9384	0.990652 0.429135	-0.046985100037385 -0.033499692077627	0 0	0.0026549759360007 -2.5644048329583e-05
1370582297.9701	0.991709 0.429752	0.033298627970557 0.019437325882531	0 0	0.0032897492414599 0.0015521342900906
1370582298.0114	0.990005 0.429132	-0.041246163793649 -0.015007407014122	0 0	0.00016950445603905 -0.0015425112398871
1370582298.0367	0.990526 0.429498	0.020605097300406 0.014474981980707	0 0	-0.00062032732860091 -0.0012176982767195
1370582298.0721	0.989795 0.426674	-0.020674831919514 -0.079871033297819	0 0	-0.004907833352441 -0.010950626926306
1370582298.1036	0.989654 0.428535	-0.0044685324487882 0.058978289980128	0 0	-0.0051417471726728 -0.0087695361297547
1370582298.139	0.990916 0.429411	0.035720293201066 0.024794751857475	0 0	-0.0021266951173869 -0.0022571650086903
1370582298.1704	0.991095 0.429458	0.0057042814833927 0.0014977722330708	0 0	4.4559821861807e-05 0.0019211129850463
1370582298.2043	0.989364 0.429165	-0.051051500703154 -0.0086412996568596	0 0	-0.0017486777638703 0.0013381885135466
1370582298.2377	0.991541 0.42969	0.065125135036053 0.015705418417055	0 0	0.00094800543236047 0.0048472634144915
1370582298.2695	0.990398 0.429084	-0.035970328949047 -0.019070883064849	0 0	6.2130858762569e-05 0.0030052779412702
1370582298.3035	0.990268 0.42866	-0.0038175954294665 -0.012451234323803	0 0	-0.0011346189097091 0.00013778327288211
1370582298.337	0.990576 0.429585	0.0092028183935879 0.027638334461265	0 0	-0.00036844510170184 0.0019687768716266
1370582298.3753	0.989594 0.42913	-0.025635672091968 -0.01187803543976	0 0	-0.0019603659694835 0.00031369086240771
1370582298.4048	0.994375 0.428814	0.16213327261849 -0.01071619204088	0 0	0.0041965760268961 0.0029686828228342
1370582298.4385	0.991078 0.42932	-0.097732218721509 0.014999242545673	0 0	0.0034712457306449 0.0021685083410038
1370582298.4723	0.990114 0.429223	-0.028503112727784 -0.0028680517993714	0 0	0.001173533774352 0.00017278068931122
1370582298.5041	0.989905 0.42853	-0.0065858003095282 -0.021837127342118	0 0	-0.0013538862538326 -0.0033739142785267
1370582298.5385	0.99567 0.431041	0.16763026309039 0.07301293852905	0 0	0.0085487365471966 0.008949506840783
1370582298.614	0.992526 0.43019	-0.041627523497158 -0.011267500793919	0 0	0.0083406568635854 0.0083142642639123
1370582298.6366	0.991285 0.429415	-0.054960364746008 -0.034322548491665	0 0	0.0048833302396157 0.0030201815801921
1370582298.7044	0.987722 0.428455	-0.052526836335006 -0.01415261377536	0 0	-0.0040255372803649 -0.0068615987217971
1370582298.7389	0.990058 0.429446	0.067611784534276 0.028682910305423	0 0	-0.004593438439969 -0.0054753494388201
1370582298.8063	0.994443 0.429176	0.065063280399322 -0.0040061769003002	0 0	0.0018112520695414 -0.00064343898340393
1370582298.8403	0.989326 0.428214	-0.15061547659249 -0.028315827336716	0 0	-0.002880388834654 -0.0063568739218933
1370582298.9042	0.994379 0.431519	0.079126288462112 0.051753885487291	0 0	0.0055386682845636 0.0072297313006835
1370582298.9394	0.99047 0.429451	-0.11098761430776 -0.058716394573663	0 0	0.0019897959790027 0.0029336246878644
1370582298.973	0.993394 0.430741	0.086894705153822 0.038335899332567	0 0	0.0053467010460607 0.0073889235498424
1370582299.0051	0.990085 0.429129	-0.10328061211034 -0.050313794718003	0 0	0.00023354978317845 0.00022003756475779
1370582299.0393	0.990114 0.429223	0.00084874724201379 0.0027511117499715	0 0	-0.0027588947628679 -0.0032165535442377
1370582299.0724	0.990002 0.429221	-0.0033828685989991 -6.0408367839329e-05	0 0	-0.0045645058322547 -0.0046457285861034
1370582299.1058	0.992573 0.430367	0.076854122127829 0.034257029933291	0 0	-0.00028742678108864 0.0015612615611238
1370582299.1405	0.989566 0.428918	-0.086604309027614 -0.041732505414369	0 0	-0.0037735769400052 -0.0030091381542579
1370582299.1737	0.995803 0.429467	0.18788423839005 0.016538150853957	0 0	0.0044959160003739 0.0027850110199877
1370582299.2074	0.988778 0.428984	-0.20849391535702 -0.014334884144832	0 0	-0.0016959506729064 -0.0031771366122528
1370582299.2404	0.988295 0.429051	-0.014644408049966 0.0020314189220461	0 0	-0.0061353443174457 -0.005980188023803
1370582299.276	0.98989 0.427822	0.044854805894895 -0.034562104354124	0 0	-0.0072348835313764 -0.0089970345379535
1370582299.3086	0.991854 0.428418	0.060262283139228 0.018287332357934	0 0	-0.0035484626343814 -0.0055781909291749
1370582299.3456	0.991862 0.431273	0.00021598831049309 0.077080828307146	0 0	0.0019565178794761 0.0063341830777919
1370582299.3748	0.993001 0.430253	0.038974923360582 -0.034902916442313	0 0	0.0054544065266157 0.0097436947237722
1370582299.4089	0.996123 0.413691	0.091524666517556 -0.48553219950794	0 0	-0.002260085917547 -0.043146577730177
1370582299.4413	0.991882 0.382129	-0.13114157522854 -0.97597038372162	0 0	-0.031249156531545 -0.18362433520587
1370582299.4864	0.975529 0.34278	-0.36204132609843 -0.87115294689948	0 0	-0.085836312594878 -0.39741752547394
1370582299.5082	0.969955 0.307759	-0.25618069796187 -1.6095630110015	0 0	-0.1304415210685 -0.59359376873022
1370582299.5414	0.969616 0.275502	-0.010202556298613 -0.97080784225481	0 0	-0.15584755818173 -0.74011850827832
1370582299.5753	0.962088 0.241877	-0.2219211585125 -0.99124587606042	-0.560897 -0.820627	-0.17666662815916 -0.85415563734995
1370582299.609	0.954818 0.209796	-0.21625183560867 -0.95427443441013	-0.448717 -0.656502	-0.1923114496929 -0.92873906657316
1370582299.6425	0.950045 0.177972	-0.14236330724922 -0.94920802218714	-0.358974 -0.525201	-0.20049515627371 -0.96950057205093
1370582299.6848	0.947436 0.146221	-0.061683027270782 -0.75066991141224	-0.287179 -0.420161	-0.20079093434265 -0.9859136124124
1370582299.7078	0.964522 0.054578	0.7423154736744 -3.9815063182689	-0.229743 -0.336129	-0.13606040544758 -1.2298368162156
1370582299.7404	0.95113 0.018967	-0.41033332969048 -1.0911275540328	-0.229743 -0.336129	-0.12603952856075 -1.3341735844052
1370582299.7733	0.942811 -0.026136	-0.25286374258818 -1.3709476357681	-0.229743 -0.336129	-0.12916137355217 -1.3896484437779
1370582299.8081	0.925229 -0.03168	-0.50654091746346 -0.15972374282888	-0.271125 -1.053948	-0.17179001296673 -1.2455772846917
1370582299.8421	0.910646 -0.049508	-0.42869633182411 -0.52408957030516	-0.2169 -0.843158	-0.22157615743653 -1.0688741929131
1370582299.8733	0.886437 -0.071417	-0.77493631638556 -0.70131272484164	-0.17352 -0.674526	-0.2851756394469 -0.91461879593617
1370582299.9073	0.864873 -0.100095	-0.63364138612863 -0.84268074899818	-0.138816 -0.539621	-0.34497567151235 -0.82503286655611
1370582299.94	0.862309 -0.133581	-0.078438232699265 -1.0244082137939	-0.111053 -0.431697	-0.36310546828176 -0.81034559934773
1370582299.9752	0.859569 -0.165444	-0.077799016781862 -0.90471170500748	-0.088842 -0.345358	-0.35552806701278 -0.82832510990125
1370582300.0084	0.853708 -0.202584	-0.17685097259771 -1.120669701805	-0.071074 -0.276286	-0.33090642272892 -0.88046131192154
1370582300.0437	0.854433 -0.235791	0.020509698175563 -0.93940075491856	-0.071074 -0.276286	-0.29463387684991 -0.93017442352688
1370582300.0762	0.839626 -0.327012	-0.45619194734754 -2.8104467906389	-0.071074 -0.276286	-0.17446328737653 -1.1679784494554
1370582300.1164	0.828151 -0.350376	-0.28546811309676 -0.58123546792092	-0.319404 -1.078635	-0.17565220478446 -1.2364635329867
1370582300.1423	0.817958 -0.371278	-0.39415978123819 -0.80827310383995	-0.255523 -0.862908	-0.22521792773383 -1.1960769577066
1370582300.1747	0.811245 -0.388578	-0.20683436973481 -0.53303062660692	-0.204419 -0.690327	-0.28530172350357 -1.0950015477395
1370582300.2084	0.803523 -0.423545	-0.22954227844082 -1.0394204675266	-0.163535 -0.552261	-0.31503814721818 -1.0413278936352
1370582300.2435	0.793529 -0.446166	-0.2842660665672 -0.64342432377594	-0.130828 -0.441809	-0.34626352930612 -0.97205949230553
1370582300.2749	0.783567 -0.476184	-0.31780927368149 -0.95763890557829	-0.104662 -0.353447	-0.35902026428751 -0.92962225469555
1370582300.3092	0.77439 -0.509248	-0.26688064432211 -0.96154970293844	-0.08373 -0.282758	-0.3520060492313 -0.91646090125458
1370582300.3426	0.762949 -0.541656	-0.34329662451085 -0.97242872189036	-0.066984 -0.226206	-0.34175921698821 -0.91435454892393
1370582300.3785	0.719949 -0.608661	-1.1975688873248 -1.8661186812837	-0.066984 -0.226206	-0.35382123266921 -0.97324579965842
1370582300.4088	0.714426 -0.65505	-0.18194710089696 -1.5282172847202	-0.066984 -0.226206	-0.32951285220062 -1.0529048103633
1370582300.4431	0.70678 -0.661172	-0.22296756877168 -0.17852569396027	-0.408997 -1.085603	-0.36495215592093 -1.0345734061725
1370582300.4834	0.701611 -0.688656	-0.12823150714488 -0.68181751641904	-0.327198 -0.868482	-0.37689607482379 -1.0171594325688
1370582300.5099	0.694824 -0.700027	-0.25675088838581 -0.43016271575586	-0.261758 -0.694786	-0.40132612530314 -0.9575086766193
1370582300.5424	0.686106 -0.730145	-0.26820656670701 -0.92657093095684	-0.209407 -0.555829	-0.39900128967172 -0.92456816304009
1370582300.5775	0.675022 -0.766896	-0.31593599369347 -1.0475427376605	-0.167525 -0.444663	-0.37776503572055 -0.919504919494
1370582300.6093	0.664429 -0.794214	-0.3327461488549 -0.85811000608121	-0.13402 -0.35573	-0.36323188884819 -0.909730444419
1370582300.6441	0.654176 -0.822482	-0.29422082819866 -0.81118056876227	-0.107216 -0.284584	-0.35066172797556 -0.90000223519693
1370582300.6771	0.644231 -0.852865	-0.30213206779661 -0.92304460692452	-0.085773 -0.227667	-0.33614075465497 -0.89520121552904
1370582300.7097	0.631514 -0.88512	-0.38954307016147 -0.98802482724371	-0.085773 -0.227667	-0.32785008370766 -0.89384874620309
1370582300.7424	0.612629 -0.912736	-0.57743343203937 -0.84439511036267	-0.085773 -0.227667	-0.34934662500566 -0.8807962100523
1370582300.7751	0.557213 -0.970781	-1.6934903494645 -1.7738315167942	-0.517555 -1.106436	-0.46505857353085 -0.88740977418119
1370582300.8094	0.559264 -1.007369	0.059806571958927 -1.0668955898748	-0.414044 -0.885149	-0.46603405953635 -0.91858647484262
1370582300.8418	0.552503 -1.027775	-0.20900111543167 -0.63080561477573	-0.331235 -0.708119	-0.45440378337326 -0.93355248265174
1370582300.8773	0.550549 -1.037035	-0.054935550791959 -0.26033940651665	-0.264988 -0.566495	-0.43284046342503 -0.922207890731
1370582300.9096	0.548604 -1.057985	-0.060377613736446 -0.65033984975761	-0.211991 -0.453196	-0.39189105603075 -0.90886906462647
1370582300.9437	0.539853 -1.078017	-0.2563779855691 -0.58687736337792	-0.169592 -0.362557	-0.36320730112388 -0.88524321667282
1370582300.9768	0.525544 -1.115192	-0.4321014294066 -1.1226060967356	-0.135674 -0.290046	-0.34259063793891 -0.87547160136812
1370582301.0103	0.520514 -1.14094	-0.15001919292332 -0.76793124838763	-0.108539 -0.232037	-0.31383570684679 -0.86742093811341
1370582301.0438	0.513508 -1.174974	-0.20910335034512 -1.0157898123959	-0.086831 -0.185629	-0.28136087815672 -0.86882154216228
1370582301.0773	0.501691 -1.202604	-0.35308345765271 -0.8255645201781	-0.069465 -0.148503	-0.27010035039125 -0.86493258201582
1370582301.1105	0.490583 -1.230053	-0.33508338426795 -0.82802519038269	-0.069465 -0.148503	-0.27023546104896 -0.85859849017092
1370582301.1447	0.492179 -1.298521	0.046586188499091 -1.9985358108746	-0.069465 -0.148503	-0.21074126744352 -0.90321698596555
1370582301.1828	0.491219 -1.347958	-0.025218783445234 -1.2986885387313	-0.236328 -1.176738	-0.14768029834437 -0.95758324421877
1370582301.2137	0.471291 -1.345667	-0.64483447984509 0.074132667268422	-0.189063 -0.94139	-0.17705417744856 -0.95379368363353
1370582301.2441	0.456639 -1.344153	-0.48211676727675 0.049817416438507	-0.15125 -0.753112	-0.24182211431422 -0.91183846123705
1370582301.2776	0.441888 -1.365391	-0.4401848266088 -0.63376349722173	-0.121 -0.60249	-0.30219533881603 -0.87105614936415
1370582301.3104	0 0	-13.473387122455 41.631457556022	-0.0363 -0.180747	-4.7598753285992 5.5331086359961
1370582301.3448	0 0	0 0	-0.01089 -0.054224	-2.9828606012107 1.3117684221631
1370582301.3785	0 0	0 0	-0.003267 -0.016267	-1.2774223482523 0.46837442464267
1370582301.4117	0 0	0 0	-0.00098 -0.00488	-0.4631789327604 0.17283961654478
