1371713880.118960 1.281220 0.892449 0.411768 0.165343
1371713880.159774 1.281488 0.899015 0.422703 0.223633
1371713880.184827 1.228369 0.867789 0.093758 -0.112149
1371713880.216256 1.231015 0.872193 -0.023858 -0.189690
1371713880.251381 2.101600 1.565146 -0.023858 -0.189690
1371713880.288116 2.142189 1.489711 0.000000 0.000000
1371713880.320194 2.253580 1.685848 3.342151 5.883495
1371713880.354610 1.231140 0.879515 3.342151 5.883495
1371713880.386540 1.223525 0.872145 0.000000 0.000000
1371713880.423255 1.233410 0.882610 0.296548 0.313938
1371713880.455351 1.216083 0.866596 -0.117474 -0.130451
1371713880.486862 2.234108 1.669956 -0.117474 -0.130451
1371713880.524550 1.218319 0.874470 -0.117474 -0.130451
1371713880.554879 1.220428 0.876615 0.000000 0.000000
1371713880.586991 1.220428 0.876615 0.000000 0.000000
1371713880.623714 1.226311 0.883381 0.000000 0.000000
1371713880.653727 1.222549 0.880255 -0.112869 -0.093789
1371713880.685617 2.201989 1.640889 -0.112869 -0.093789
1371713880.727544 1.218628 0.870720 -0.112869 -0.093789
1371713880.755437 1.211198 0.854990 0.000000 0.000000
1371713880.794465 1.209527 0.841630 -0.050168 -0.400754
1371713880.823674 1.215623 0.833177 0.061126 -0.311101
1371713880.859741 1.219197 0.823987 0.087022 -0.289399
1371713880.887774 1.208785 0.808152 0.010102 -0.355549
1371713880.926157 1.205478 0.794281 -0.032983 -0.393365
1371713880.957373 1.199868 0.782294 -0.064201 -0.408806
1371713880.991606 1.204929 0.778175 -0.031176 -0.342084
1371713881.022865 1.192416 0.759168 -0.075548 -0.387943
1371713881.055881 1.206669 0.761029 -0.005624 -0.277540
1371713881.087066 1.201737 0.745380 -0.008604 -0.284247
1371713881.125198 1.204791 0.740116 0.011011 -0.254338
1371713881.155857 1.201210 0.729436 0.001329 -0.266020
1371713881.194315 1.199829 0.719347 -0.010291 -0.280661
1371713881.223333 1.202963 0.712167 0.000412 -0.264211
1371713881.258834 2.189441 1.631265 0.000412 -0.264211
1371713881.289205 1.204382 0.693059 0.000412 -0.264211
1371713881.323235 1.199329 0.681639 0.000000 0.000000
1371713881.365474 1.201348 0.673206 0.060531 -0.252965
1371713881.390223 1.202977 0.666627 0.058588 -0.224634
1371713881.426556 1.200820 0.657450 0.024552 -0.246552
1371713881.458369 1.204201 0.649095 0.030164 -0.246628
1371713881.489410 1.195604 0.635637 -0.016130 -0.301320
1371713881.527211 1.187311 0.616537 -0.076909 -0.394600
1371713881.559217 1.194932 0.615230 -0.044778 -0.327455
1371713881.590420 1.201771 0.609816 0.003604 -0.248956
1371713881.627382 1.192873 0.596458 -0.013367 -0.274532
1371713881.656281 2.151008 1.496003 -0.013367 -0.274532
1371713881.693179 1.204609 0.583735 -0.013367 -0.274532
1371713881.722710 1.189625 0.567753 0.000000 0.000000
1371713881.757517 1.193027 0.558858 0.102033 -0.266823
1371713881.795416 1.187511 0.548081 -0.016570 -0.313842
1371713881.830754 1.184867 0.538257 -0.043689 -0.314055
1371713881.859976 1.190506 0.530250 -0.011123 -0.281428
1371713881.893631 1.183347 0.516873 -0.032859 -0.314468
1371713881.926267 1.187135 0.510427 -0.018181 -0.287196
1371713881.964669 1.181045 0.497145 -0.035249 -0.314723
1371713881.996149 1.188465 0.491245 -0.010353 -0.274415
1371713882.027601 1.200243 0.478891 0.025525 -0.258134
1371713882.059373 1.202699 0.454845 0.024085 -0.361470
1371713882.094194 2.210912 1.648098 0.024085 -0.361470
1371713882.126405 1.215501 0.408451 0.024085 -0.361470
1371713882.159427 1.234345 0.400658 0.000000 0.000000
1371713882.203794 1.233602 0.382556 -0.022315 -0.543054
1371713882.240600 1.233345 0.364369 -0.016302 -0.543808
1371713882.259546 1.232704 0.346263 -0.016302 -0.543808
1371713882.298653 1.232161 0.328136 -0.016302 -0.543808
1371713884.548067 1.359002 -0.123812 -0.016302 -0.543808
1371713884.579834 1.360274 -0.125994 0.000000 0.000000
1371713884.617619 1.361766 -0.127019 0.044747 -0.030740
1371713884.647902 1.357589 -0.126841 -0.025222 -0.008354
1371713884.680567 1.350531 -0.125611 -0.075164 0.012534
1371713884.717165 1.356966 -0.125303 -0.047562 0.011920
1371713884.748705 1.365668 -0.127089 -0.005556 -0.009180
1371713884.787046 1.351373 -0.125455 -0.023968 0.004866
1371713884.816192 1.362223 -0.126731 -0.007576 -0.006589
1371713884.852343 1.351565 -0.122573 -0.020481 0.026956
1371713884.881495 1.359187 -0.123918 -0.011633 0.018281
1371713884.917486 1.363647 -0.124624 0.002974 0.003139
1371713884.959584 1.354207 -0.126236 -0.003362 -0.009795
1371713884.981298 1.359455 -0.127682 0.001959 -0.025768
1371713885.012793 1.352358 -0.125002 -0.009382 -0.001794
1371713885.049415 1.355318 -0.124727 -0.010813 0.007493
1371713885.079898 1.362220 -0.127587 0.003093 -0.015675
1371713885.116812 1.352264 -0.123663 -0.008399 0.014013
1371713885.150905 1.350488 -0.125944 -0.016749 0.005218
1371713885.187307 1.360488 -0.126004 -0.003570 -0.005447
1371713885.219487 1.352981 -0.122943 -0.009753 0.018623
1371713885.258968 1.352144 -0.125171 -0.012796 0.006656
1371713885.288711 1.352728 -0.127711 -0.011827 -0.018691
1371713885.320640 1.358326 -0.127015 -0.001950 -0.021511
1371713885.355913 1.352982 -0.125750 -0.005833 -0.004936
1371713885.387030 1.345811 -0.124862 -0.021254 0.012519
1371713885.424974 1.368575 -0.125324 0.011140 0.000007
1371713885.453097 1.359916 -0.125973 0.017353 -0.003976
1371713885.496349 1.357289 -0.127631 0.016514 -0.014801
1371713885.519129 1.357021 -0.126788 0.013425 -0.008622
1371713885.558403 1.354915 -0.127085 0.006894 -0.005139
1371713885.587676 1.356779 -0.125380 0.004590 0.008885
1371713885.626508 1.354174 -0.124852 -0.001702 0.017172
1371713885.660663 1.347847 -0.124484 -0.017035 0.021826
1371713885.689104 1.357918 -0.126742 -0.006449 -0.004313
1371713885.723639 1.361278 -0.123625 0.004707 0.008364
1371713885.760143 1.354918 -0.126105 0.002364 -0.003538
1371713885.789558 1.353995 -0.126782 -0.001111 -0.011602
1371713885.828782 1.347224 -0.125172 -0.016989 0.003525
1371713885.858387 1.360666 -0.125305 -0.001963 -0.000446
1371713885.890557 1.355105 -0.126226 -0.001186 -0.005337
1371713885.965006 1.356600 -0.124298 0.000902 0.007560
1371713885.994569 1.358288 -0.125268 0.006260 0.002573
1371713886.025490 1.356582 -0.125085 0.006260 0.002573
1371713886.060649 1.369003 -0.123264 0.031506 0.009777
1371713886.096843 1.355811 -0.125043 0.018762 0.003822
1371713886.124415 1.354924 -0.124147 0.007882 0.007737
1371713886.160803 1.359654 -0.122556 0.008414 0.016487
1371713886.196661 1.353599 -0.121886 -0.002388 0.023910
1371713886.224358 1.349843 -0.123265 -0.014928 0.012169
1371713886.260412 1.342361 -0.122412 -0.036724 0.014364
1371713886.293578 1.348855 -0.123948 -0.036309 -0.004262
1371713886.329286 1.349916 -0.120442 -0.034232 0.014611
1371713886.363405 1.366103 -0.123992 0.000599 -0.016712
1371713886.403726 1.346740 -0.123153 -0.012170 -0.007385
1371713886.434125 1.349175 -0.122409 -0.015792 0.001503
1371713886.469388 1.349610 -0.124400 -0.015175 -0.010831
1371713886.505052 1.356934 -0.122182 -0.002335 -0.000369
1371713886.538302 1.368220 -0.127962 0.030107 -0.044243
1371713886.568548 1.352865 -0.120293 0.017232 0.015951
1371713886.612548 1.353787 -0.126491 0.013966 -0.011859
1371713886.637037 1.360273 -0.126268 0.021250 -0.020859
1371713886.676722 1.369292 -0.126266 0.040328 -0.023162
1371713886.704014 1.361267 -0.127087 0.036582 -0.019017
1371713886.740502 1.367759 -0.122803 0.041360 0.015686
1371713886.771016 1.362641 -0.124323 0.034723 0.017129
1371713886.820228 1.350446 -0.124514 0.006359 0.018767
1371713886.844325 1.362858 -0.119935 0.007589 0.041286
1371713886.876484 1.343924 -0.127081 -0.021199 -0.003050
1371713886.911125 1.310161 -0.133701 -0.100841 -0.050216
1371713886.946440 1.267377 -0.138704 -0.232661 -0.070873
1371713886.977628 1.246874 -0.143009 -0.344193 -0.088949
1371713887.019290 1.193092 -0.147007 -0.509202 -0.076662
1371713887.042693 1.171126 -0.154625 -0.620769 -0.113963
1371713887.078200 1.135730 -0.158759 -0.728469 -0.121426
1371713887.110891 1.108937 -0.164887 -0.801980 -0.142663
1371713887.147784 1.079873 -0.169490 -0.856485 -0.149231
1371713887.178493 1.047063 -0.173526 -0.903551 -0.141403
1371713887.210800 1.018991 -0.178128 -0.928006 -0.142226
1371713887.246728 0.987728 -0.182609 -0.944789 -0.140976
1371713887.278485 0.958588 -0.188666 -0.946861 -0.156349
1371713887.312276 0.926721 -0.194446 -0.949294 -0.165954
1371713887.347705 0.894349 -0.198499 -0.956306 -0.154504
1371713887.377886 0.860266 -0.204417 -0.964761 -0.155183
1371713887.411908 0.827908 -0.211594 -0.966344 -0.174367
1371713887.446035 0.792179 -0.219605 -0.976032 -0.194585
1371713887.479699 0.756673 -0.225601 -0.995754 -0.190632
1371713887.519380 0.726932 -0.231163 -0.995754 -0.190632
1371713887.550074 0.693740 -0.237517 -0.995754 -0.190632
1371713892.233569 2.234979 1.549600 -0.995754 -0.190632
1371713892.404232 2.233059 1.546196 0.000000 0.000000
1371713892.430413 2.272135 1.566212 1.171857 0.600707
1371713892.504451 2.332724 1.617107 0.000000 0.000000
1371713892.538133 2.267537 1.567671 -1.955062 -1.483349
1371713892.839412 2.208663 1.655437 0.000000 0.000000
1371713892.939289 2.177440 1.504974 0.000000 0.000000
1371713893.134437 2.211816 1.532815 0.000000 0.000000
1371713893.268101 2.198929 1.646903 0.000000 0.000000
1371713893.305647 2.243552 1.549265 1.336930 -2.927845
1371713893.539512 2.262863 1.568651 0.000000 0.000000
1371713893.676827 2.244720 1.556224 0.000000 0.000000
1371713893.775983 2.272233 1.571618 0.000000 0.000000
1371713893.875532 2.277874 1.573202 0.000000 0.000000
1371713893.909571 2.284963 1.571285 0.212534 -0.057419
1371713894.076091 2.265685 1.573488 0.000000 0.000000
1371713894.207201 2.284624 1.585967 0.000000 0.000000
1371713894.278545 2.266465 1.695567 0.000000 0.000000
1371713894.376733 2.239355 1.547413 0.000000 0.000000
1371713894.440692 2.291490 1.592410 0.000000 0.000000
1371713894.577982 2.232353 1.547443 0.000000 0.000000
1371713894.641616 2.249440 1.550310 0.000000 0.000000
1371713894.709562 2.277045 1.580565 0.000000 0.000000
1371713894.780063 2.197613 1.638596 0.000000 0.000000
1371713894.913079 2.259557 1.568099 0.000000 0.000000
1371713894.978520 2.281081 1.580364 0.000000 0.000000
1371713895.082430 2.241386 1.552121 0.000000 0.000000
1371713895.147253 2.283265 1.710309 0.000000 0.000000
1371713895.211812 2.267751 1.571992 0.000000 0.000000
1371713895.318095 2.284624 1.585967 0.000000 0.000000
1371713895.355722 2.267302 1.562928 -0.519599 -0.691160
1371713895.458637 2.136573 1.590746 0.000000 0.000000
1371713895.616323 2.277654 1.576697 0.000000 0.000000
1371713895.748873 2.251352 1.562858 0.000000 0.000000
1371713895.780963 2.223248 1.542672 -0.842878 -0.605706
1371713895.919959 2.213519 1.646958 0.000000 0.000000
1371713895.952228 2.274259 1.703401 1.821848 1.693448
1371713896.184490 2.275711 1.573816 0.000000 0.000000
1371713896.223779 2.274044 1.569231 -0.050044 -0.137544
1371713896.252909 2.276383 1.572931 0.006177 -0.026940
1371713896.284160 2.275907 1.570504 0.006177 -0.026940
1371713896.320719 2.237242 1.679538 -0.088197 0.632197
1371713896.352373 2.254888 1.669393 -0.088197 0.632197
1371713896.385546 2.251948 1.690467 -0.088197 0.632197
1371713896.487515 2.252335 1.691156 0.000000 0.000000
1371713896.520511 2.282496 1.582602 0.903165 -3.255346
1371713896.624601 2.275039 1.574702 0.000000 0.000000
1371713896.659256 2.283103 1.583563 0.241882 0.265838
1371713896.758503 2.228282 1.538823 0.000000 0.000000
1371713896.795002 2.269646 1.570345 1.240575 0.945829
1371713896.826764 2.187901 1.638082 -0.373074 1.387577
1371713896.863969 2.242728 1.559160 -0.018525 0.424516
1371713896.894316 2.232964 1.605878 -0.018525 0.424516
1371713896.934085 2.232346 1.620028 -0.018525 0.424516
1371713897.197058 2.269517 1.575199 0.000000 0.000000
1371713897.329042 2.306000 1.598122 0.000000 0.000000
1371713897.425340 2.255268 1.556420 0.000000 0.000000
1371713897.558639 2.339034 1.617994 0.000000 0.000000
1371713897.595190 2.269325 1.566759 -2.090664 -1.537363
1371713897.628357 2.272353 1.578244 -1.122577 -0.679044
1371713897.659651 2.222357 1.543814 -1.122577 -0.679044
1371713897.697997 2.184938 1.521179 -1.122577 -0.679044
1371713897.859309 2.158824 1.610966 0.000000 0.000000
1371713898.036046 2.249775 1.558090 0.000000 0.000000
1371713898.067185 2.190358 1.639283 -1.780703 2.434396
1371713898.099311 2.249775 1.558090 -0.289254 0.305918
1371713898.134052 2.223389 1.593042 -0.289254 0.305918
1371713898.166623 2.213747 1.603239 -0.289254 0.305918
1371713898.199881 2.287957 1.575402 0.143419 0.133828
1371713898.231121 2.278651 1.587141 0.143419 0.133828
1371713898.268295 2.254046 1.552459 0.003693 -0.059281
1371713898.304326 2.262639 1.561462 0.003693 -0.059281
1371713898.334040 2.288355 1.718884 0.380343 0.502862
1371713898.369999 2.326824 1.654870 0.380343 0.502862
1371713898.399192 2.240333 1.552407 -0.030426 -0.149908
1371713898.437615 2.233201 1.546325 -0.187960 -0.321089
1371713898.464038 2.219674 1.662209 -0.057528 -0.033445
1371713898.498028 2.262997 1.581519 -0.057528 -0.033445
1371713898.533968 2.254541 1.563536 -0.102929 -0.112514
1371713898.574540 2.253415 1.565782 -0.102929 -0.112514
1371713898.597138 2.249984 1.562031 -0.102929 -0.112514
1371713898.668028 2.273945 1.578383 0.000000 0.000000
1371713898.806734 2.261478 1.561541 0.000000 0.000000
1371713899.034144 2.270372 1.567308 0.000000 0.000000
1371713903.167476 1.476200 -0.130313 0.000000 0.000000
1371713903.202135 1.476275 -0.131585 0.000000 0.000000
1371713903.235983 1.472292 -0.132271 -0.119479 -0.020583
1371713903.271035 1.474627 -0.131093 -0.043033 0.007300
1371713903.304090 1.476568 -0.128648 -0.012838 0.032085
1371713903.340263 1.469764 -0.131366 -0.031946 0.008278
1371713903.373458 1.466349 -0.128215 -0.046649 0.023212
1371713903.410102 1.465759 -0.128250 -0.050044 0.022230
1371713903.440856 1.474627 -0.131093 -0.028751 -0.007679
1371713903.475941 1.484951 -0.132498 0.003215 -0.031988
1371713903.508829 1.470687 -0.131697 -0.002888 -0.021137
1371713903.547743 1.471359 -0.130774 -0.006032 -0.006166
1371713903.576055 1.464557 -0.131819 -0.018184 -0.003079
1371713903.621322 1.474610 -0.131644 -0.009200 -0.005410
1371713903.646088 1.476275 -0.131585 0.000083 -0.005357
1371713903.681607 1.487013 -0.131952 0.024052 -0.011440
1371713903.716075 1.474627 -0.131093 0.018427 0.001674
1371713903.746744 1.476622 -0.130829 0.017101 0.007374
1371713903.779195 1.469085 -0.131123 0.002954 0.009658
1371713903.816911 1.466006 -0.129654 -0.012620 0.019621
1371713903.845211 1.462468 -0.126527 -0.029399 0.041731
1371713903.888471 1.463283 -0.130617 -0.034692 0.010838
1371713903.911541 1.475404 -0.129069 -0.017730 0.000812
1371713903.947148 1.472662 -0.127395 -0.010518 0.009801
1371713903.980220 1.464906 -0.129627 -0.016548 -0.000892
1371713904.015755 1.477789 -0.131571 0.002370 -0.024717
1371713904.050302 1.475016 -0.125433 0.007180 0.016259
1371713904.079988 1.465177 -0.131019 -0.002731 -0.005662
1371713904.113543 1.470454 -0.128501 -0.002498 0.001880
1371713904.149263 1.459407 -0.129303 -0.020308 0.003966
1371713904.181181 1.453483 -0.133048 -0.039383 -0.020211
1371713904.217996 1.461840 -0.132191 -0.037614 -0.024062
1371713904.249799 1.447837 -0.139032 -0.054757 -0.061411
1371713904.280619 1.448404 -0.142787 -0.062732 -0.089406
1371713904.317107 1.446420 -0.144134 -0.069972 -0.089072
1371713904.358699 1.451059 -0.143543 -0.064929 -0.067910
1371713904.380455 1.448680 -0.147867 -0.060023 -0.073927
1371713904.417536 1.449237 -0.150410 -0.052436 -0.078063
1371713904.450534 1.431656 -0.154456 -0.074040 -0.080588
1371713904.483745 1.449114 -0.159020 -0.053169 -0.106832
1371713904.524897 1.438251 -0.160425 -0.056826 -0.095933
1371713904.548118 1.441195 -0.158475 -0.053539 -0.058595
1371713904.584752 1.430773 -0.162189 -0.064155 -0.051259
1371713904.620275 1.421597 -0.166861 -0.081517 -0.065283
1371713904.650511 1.422983 -0.171070 -0.085182 -0.088160
1371713904.688595 1.409683 -0.172934 -0.108133 -0.082662
1371713904.719566 1.409094 -0.173809 -0.119369 -0.070075
1371713904.754256 1.410840 -0.178757 -0.114376 -0.088020
1371713904.790144 1.413523 -0.183193 -0.099026 -0.109826
1371713904.824650 1.404147 -0.186537 -0.100625 -0.111131
1371713904.855954 1.399953 -0.186976 -0.105766 -0.087871
1371713904.901025 1.400565 -0.189441 -0.101168 -0.078921
1371713904.924310 1.391603 -0.189534 -0.109735 -0.053067
1371713904.960481 1.402376 -0.192733 -0.087321 -0.064456
1371713904.993165 1.387959 -0.192558 -0.095165 -0.042711
1371713905.027786 1.379761 -0.197771 -0.105637 -0.057990
1371713905.060010 1.381804 -0.201155 -0.101975 -0.078940
1371713905.091970 1.387774 -0.205718 -0.081686 -0.107944
1371713905.130134 1.384228 -0.207801 -0.072126 -0.106738
1371713905.156566 1.377998 -0.209986 -0.073859 -0.092913
1371713905.191165 1.377009 -0.210560 -0.073758 -0.070911
1371713905.240068 1.363801 -0.214804 -0.091221 -0.066876
1371713905.263683 1.368103 -0.215664 -0.090121 -0.062654
1371713905.297643 1.362547 -0.219583 -0.092264 -0.071922
1371713905.329307 1.366852 -0.225127 -0.077235 -0.104554
1371713905.365066 1.364845 -0.226005 -0.070340 -0.098127
1371713905.395869 1.370920 -0.228804 -0.050031 -0.099555
1371713905.432140 1.361306 -0.230277 -0.053102 -0.078654
1371713905.466868 1.364616 -0.233858 -0.043464 -0.082438
1371713905.497138 1.361850 -0.236494 -0.039777 -0.081380
1371713905.531066 1.354678 -0.239693 -0.047962 -0.078713
1371713905.563982 1.346114 -0.240208 -0.068932 -0.056240
1371713905.599851 1.343503 -0.241302 -0.083066 -0.042916
1371713905.629801 1.345757 -0.246358 -0.078209 -0.069571
1371713905.665782 1.340469 -0.245586 -0.084985 -0.054561
1371713905.699303 1.347834 -0.249920 -0.066304 -0.077509
1371713905.730338 1.347879 -0.252595 -0.050605 -0.088211
1371713905.766218 1.343735 -0.254720 -0.046322 -0.083088
1371713905.798140 1.334917 -0.255002 -0.060108 -0.055458
1371713905.830280 1.333093 -0.256100 -0.068088 -0.040561
1371713905.868250 1.330904 -0.257691 -0.072120 -0.037160
1371713905.899878 1.327588 -0.258808 -0.076550 -0.034253
1371713905.931091 1.326027 -0.262474 -0.074507 -0.052655
1371713905.974729 1.326720 -0.264564 -0.067643 -0.065364
1371713905.998080 1.319586 -0.266936 -0.073389 -0.065864
1371713906.035964 1.317876 -0.267736 -0.077355 -0.057124
1371713906.106525 1.322520 -0.273499 -0.060365 -0.089875
1371713906.134937 1.316679 -0.273249 -0.062739 -0.073628
1371713906.201646 1.309745 -0.275767 -0.073089 -0.062553
1371713906.232802 1.304895 -0.275767 -0.086598 -0.041114
1371713906.265717 1.297272 -0.279872 -0.100632 -0.048109
1371713906.299043 1.301107 -0.286169 -0.089464 -0.094014
1371713906.381310 1.303494 -0.287588 -0.076608 -0.104795
1371713906.403493 1.304342 -0.290518 -0.062495 -0.108105
1371713906.438672 1.292068 -0.291550 -0.077881 -0.077371
1371713906.476664 1.289856 -0.292308 -0.087283 -0.054063
1371713906.509357 1.285660 -0.291614 -0.097682 -0.026107
1371713906.541156 1.283097 -0.294597 -0.098479 -0.032486
1371713906.583103 1.289654 -0.295740 -0.078884 -0.047666
1371713906.604639 1.287795 -0.295592 -0.067507 -0.040454
1371713906.639810 1.281582 -0.299362 -0.064605 -0.049568
1371713906.676508 1.286077 -0.300128 -0.050589 -0.054816
1371713906.706158 1.279217 -0.302279 -0.052177 -0.051597
1371713906.740099 1.286219 -0.301765 -0.037485 -0.045463
1371713906.780679 1.284694 -0.304151 -0.026743 -0.048117
1371713906.808837 1.284073 -0.303811 -0.021803 -0.034614
1371713906.845721 1.273599 -0.303297 -0.040586 -0.004343
1371713906.878095 1.282324 -0.306519 -0.025214 -0.029681
1371713906.914694 1.276797 -0.305619 -0.029329 -0.018428
1371713906.946841 1.281014 -0.309704 -0.015490 -0.046397
1371713906.981407 1.280508 -0.313371 -0.005466 -0.071408
1371713907.010093 1.267236 -0.308860 -0.038192 -0.012651
1371713907.043750 1.261645 -0.312226 -0.060933 -0.008524
1371713907.080732 1.262664 -0.312797 -0.068393 -0.014846
1371713907.112559 1.261883 -0.311239 -0.073291 -0.004836
1371713907.153017 1.263474 -0.316632 -0.059589 -0.044931
1371713907.184505 1.269777 -0.319117 -0.034587 -0.077559
1371713907.213999 1.268700 -0.321431 -0.020772 -0.086308
1371713907.250471 1.260923 -0.319250 -0.034820 -0.042032
1371713907.280416 1.261336 -0.319563 -0.038744 -0.020655
1371713907.318844 1.261453 -0.320612 -0.036142 -0.017435
1371713907.353049 1.263557 -0.320975 -0.027310 -0.019003
1371713907.385947 1.255900 -0.318643 -0.040447 0.012077
1371713907.420528 1.257623 -0.319989 -0.037563 0.005766
1371713907.452175 1.259109 -0.322392 -0.026472 -0.019085
1371713907.488845 1.255383 -0.321707 -0.029244 -0.014093
1371713907.523231 1.254888 -0.323546 -0.027667 -0.023060
1371713907.555538 1.251894 -0.322001 -0.035153 -0.006546
1371713907.588152 1.246891 -0.320069 -0.050260 0.020252
1371713907.619562 1.247130 -0.323809 -0.047490 -0.005750
1371713907.655951 1.247001 -0.324656 -0.043628 -0.022230
1371713907.689373 1.248365 -0.325571 -0.035927 -0.033440
1371713907.723141 1.244283 -0.322884 -0.043507 -0.005140
1371713907.756473 1.243240 -0.323850 -0.044316 -0.001493
1371713907.788451 1.249314 -0.326735 -0.023766 -0.031610
1371713907.832070 1.243385 -0.326322 -0.026189 -0.023409
1371713907.855699 1.237366 -0.325519 -0.040941 -0.001495
1371713907.889619 1.239794 -0.326755 -0.038593 -0.008557
1371713907.925767 1.239176 -0.327077 -0.036072 -0.012275
1371713907.955516 1.244418 -0.329313 -0.017731 -0.036112
1371713907.990560 1.240474 -0.329202 -0.017000 -0.029265
1371713908.038522 1.237992 -0.328839 -0.022218 -0.014047
1371713908.061894 1.232750 -0.328201 -0.036184 0.005968
1371713908.097763 1.239588 -0.331425 -0.020554 -0.024349
1371713908.129339 1.228876 -0.328957 -0.040259 0.004142
1371713908.166147 1.234090 -0.331415 -0.032107 -0.015382
1371713908.236084 1.240720 -0.333793 -0.008399 -0.047005
1371713908.262803 1.230522 -0.333354 -0.020807 -0.027842
1371713908.331204 1.244171 -0.337133 0.009102 -0.063494
1371713908.365648 1.235179 -0.334453 -0.002104 -0.025925
1371713908.440742 1.235741 -0.334444 -0.006248 -0.007253
1371713908.463432 1.235798 -0.330993 -0.012102 0.026166
1371713908.499175 1.240130 -0.335614 0.005399 -0.008813
1371713908.530838 1.233674 -0.335781 -0.001246 -0.009999
1371713908.568713 1.240024 -0.336836 0.009773 -0.025688
1371713908.611469 1.239311 -0.336165 0.011134 -0.018080
1371713908.630599 1.245237 -0.339531 0.029205 -0.043393
1371713908.665544 1.240360 -0.335727 0.018172 -0.004627
1371713908.699938 1.240395 -0.336090 0.012988 0.008407
1371713908.733260 1.239912 -0.338231 0.012211 -0.003337
1371713908.768215 1.241472 -0.336411 0.010478 0.004501
1371713908.799503 1.234598 -0.333331 -0.010561 0.039470
1371713908.835041 1.233793 -0.334816 -0.018417 0.031138
1371713908.880030 1.230423 -0.333640 -0.030654 0.032445
1371713908.903429 1.229557 -0.333864 -0.036200 0.022164
1371713908.937192 1.234423 -0.334526 -0.024889 -0.001392
1371713908.970143 1.238887 -0.336311 -0.004916 -0.029902
1371713909.005433 1.233752 -0.336432 -0.006654 -0.025361
1371713909.040519 1.240353 -0.334669 0.004075 -0.014801
1371713909.070998 1.236505 -0.334466 0.001937 0.001010
1371713909.105415 1.236487 -0.334502 0.001727 0.006410
1371713909.146553 1.238419 -0.337285 0.010756 -0.016185
1371713909.169363 1.234887 -0.329053 -0.006188 0.046117
1371713909.207827 1.226562 -0.321731 -0.038809 0.122801
1371713909.241066 1.236497 -0.311114 -0.037556 0.181012
1371713909.270344 1.243865 -0.302206 -0.018152 0.212267
1371713909.306420 1.239945 -0.285137 -0.020844 0.305085
1371713909.340004 1.244995 -0.272968 -0.007879 0.346566
1371713909.372287 1.234604 -0.257936 -0.021583 0.401730
1371713909.407369 1.239366 -0.242946 -0.017892 0.426478
1371713909.445190 1.247229 -0.231186 0.004579 0.407735
1371713909.472161 1.237842 -0.218808 0.000559 0.403119
1371713909.507611 1.239983 -0.204276 0.001201 0.407498
1371713909.541555 1.251201 -0.192493 0.024868 0.384972
1371713909.575524 1.244565 -0.177692 0.024288 0.399908
1371713909.608594 1.246057 -0.166546 0.026834 0.387750
1371713909.650780 1.249230 -0.151901 0.031804 0.395177
1371713909.677652 1.251731 -0.139778 0.038468 0.388933
1371713909.707590 1.258121 -0.129512 0.053572 0.362919
1371713909.749364 1.254046 -0.114239 0.051169 0.382327
1371713909.775037 1.254643 -0.100763 0.047507 0.395327
1371713909.809990 1.258871 -0.089436 0.050489 0.384210
1371713909.841245 1.249848 -0.078666 0.032417 0.368725
1371713909.875893 1.251069 -0.066033 0.020494 0.365344
1371713909.909907 1.255481 -0.055428 0.019633 0.350490
1371713909.942765 1.259228 -0.042381 0.024873 0.355170
1371713909.980108 1.255796 -0.029441 0.020494 0.366255
1371713910.010893 1.253944 -0.018082 0.012555 0.363723
1371713910.047684 1.256603 -0.007535 0.011211 0.350279
1371713910.077715 1.258592 0.003846 0.013423 0.343220
1371713910.124790 1.258270 0.016806 0.014039 0.352564
1371713910.144420 1.260074 0.026279 0.016024 0.338234
1371713910.179411 1.260405 0.036122 0.016739 0.322018
1371713910.211310 1.260413 0.049190 0.017567 0.334328
1371713910.249464 1.266485 0.061713 0.028817 0.350746
1371713910.278537 1.266816 0.070927 0.033367 0.337144
1371713910.314410 1.268974 0.082488 0.038988 0.335157
1371713910.345909 1.262470 0.090977 0.026316 0.310528
1371713910.379151 1.257954 0.102832 0.009253 0.311117
1371713910.415693 1.270789 0.113500 0.022117 0.320113
1371713910.449485 1.269072 0.121353 0.023669 0.300152
1371713910.482840 1.262249 0.129256 0.009155 0.272434
1371713910.517315 1.263282 0.142304 0.005446 0.293667
1371713910.565241 1.258871 0.152401 -0.006913 0.300666
1371713910.590589 1.265770 0.161665 -0.002135 0.302864
1371713910.623620 1.268490 0.169131 0.004018 0.285604
1371713910.655568 1.269809 0.181871 0.014610 0.304495
1371713910.690103 1.273772 0.191283 0.026657 0.308293
1371713910.722204 1.275929 0.198510 0.033856 0.287380
1371713910.760134 1.275998 0.208234 0.037873 0.279590
1371713910.798530 1.268150 0.216342 0.021143 0.258880
1371713910.823036 1.275611 0.226195 0.026588 0.267804
1371713910.866548 1.274912 0.236735 0.028373 0.281218
1371713910.891078 1.273258 0.243607 0.020212 0.264818
1371713910.926709 1.278216 0.252145 0.024394 0.261671
1371713910.956521 1.275345 0.260746 0.019575 0.255285
1371713910.991574 1.284406 0.271300 0.037028 0.277728
1371713911.033100 1.277453 0.275252 0.022887 0.236715
1371713911.057158 1.276923 0.283903 0.014741 0.226243
1371713911.089548 1.283692 0.291719 0.023809 0.232492
1371713911.126006 1.282805 0.299293 0.025538 0.230926
1371713911.158431 1.285152 0.307806 0.031166 0.238022
1371713911.190402 1.284350 0.315010 0.029292 0.232701
1371713911.232914 1.285542 0.322992 0.029292 0.232701
1371713911.260217 1.286519 0.330748 0.029292 0.232701
1371713913.146436 1.119033 0.452344 0.000000 0.000000
1371713913.173625 1.109715 0.448568 -0.279494 -0.113312
1371713913.208274 1.111212 0.450194 -0.128699 -0.002678
1371713913.240684 1.103190 0.440895 -0.155289 -0.101754
1371713913.278145 1.102101 0.438230 -0.138881 -0.106347
1371713913.312007 1.104780 0.437108 -0.101035 -0.076346
1371713913.340352 1.107166 0.433994 -0.068880 -0.061100
1371713913.376356 1.117701 0.433677 -0.013501 -0.019364
1371713913.412912 1.113918 0.433476 0.005277 -0.011642
1371713913.444287 1.123861 0.433078 0.041494 0.009566
1371713913.477610 1.125104 0.433817 0.061991 0.016794
1371713913.519617 1.114756 0.424300 0.020759 -0.082130
1371713913.542083 1.117659 0.423660 0.015227 -0.095095
1371713913.575818 1.131934 0.425296 0.058985 -0.036634
1371713913.609705 1.127301 0.420806 0.056858 -0.055987
1371713913.645492 1.134864 0.422160 0.078850 -0.028389
1371713913.676960 1.135581 0.422038 0.086417 -0.017930
1371713913.709596 1.133927 0.417619 0.070700 -0.051590
1371713913.749538 1.142148 0.418309 0.084289 -0.033670
1371713913.775238 2.214481 1.546865 0.084289 -0.033670
1371713913.810187 1.135998 0.416186 0.084289 -0.033670
1371713913.847630 1.138813 0.412926 0.000000 0.000000
1371713913.878550 1.145445 0.414667 0.198944 0.052236
1371713913.913506 1.144723 0.414397 0.101091 0.006133
1371713913.949450 1.150974 0.413439 0.110357 -0.005601
1371713913.977321 1.149322 0.412456 0.085276 -0.022750
