1370582253.0983	0 0	0 0	0 0	0 0	0 0	0 0
1370582253.1314	0 0	0 0	0 0	0 0	0 0	0 0
1370582253.1655	0 0	0 0	0 0	0 0	0 0	0 0
1370582253.1991	0 0	0 0	0 0	0 0	0 0	0 0
1370582253.2305	0 0	0 0	0 0	0 0	0 0	0 0
1370582253.2644	0 0	0 0	0 0	0 0	0 0	0 0
1370582253.2981	0 0	0 0	0 0	0 0	0 0	0 0
1370582253.3317	0 0	0 0	0 0	0 0	0 0	0 0
1370582253.3654	0 0	0 0	0 0	0 0	0 0	0 0
1370582253.3989	0 0	0 0	0 0	0 0	0 0	0 0
1370582253.4345	0 0	0 0	0 0	0 0	0 0	0 0
1370582253.4705	0 0	0 0	0 0	0 0	0 0	0 0
1370582253.4978	0 0	0 0	0 0	0 0	0 0	0 0
1370582253.5325	0 0	0 0	0 0	0 0	0 0	0 0
1370582253.5663	0 0	0 0	0 0	0 0	0 0	0 0
1370582253.5986	0 0	0 0	0 0	0 0	0 0	0 0
1370582253.6316	0 0	0 0	0 0	0 0	0 0	0 0
1370582253.6648	0 0	0 0	0 0	0 0	0 0	0 0
1370582253.6987	0 0	0 0	0 0	0 0	0 0	0 0
1370582253.7318	0 0	0 0	0 0	0 0	0 0	0 0
1370582253.7651	0 0	0 0	0 0	0 0	0 0	0 0
1370582253.7984	0 0	0 0	0 0	0 0	0 0	0 0
1370582253.8327	0 0	0 0	0 0	0 0	0 0	0 0
1370582253.8667	0 0	0 0	0 0	0 0	0 0	0 0
1370582253.8998	0 0	0 0	0 0	0 0	0 0	0 0
1370582253.9342	0 0	0 0	0 0	0 0	0 0	0 0
1370582253.969	0 0	0 0	0 0	0 0	0 0	0 0
1370582254.0069	0 0	0 0	0 0	0 0	0 0	0 0
1370582254.0337	0 0	0 0	0 0	0 0	0 0	0 0
1370582254.0674	0 0	0 0	0 0	0 0	0 0	0 0
1370582254.1002	0 0	0 0	0 0	0 0	0 0	0 0
1370582254.1331	0 0	0 0	0 0	0 0	0 0	0 0
1370582254.167	0 0	0 0	0 0	0 0	0 0	0 0
1370582254.2009	0 0	0 0	0 0	0 0	0 0	0 0
1370582254.2346	0 0	0 0	0 0	0 0	0 0	0 0
1370582254.2683	0 0	0 0	0 0	0 0	0 0	0 0
1370582254.3011	0 0	0 0	0 0	0 0	0 0	0 0
1370582254.335	0 0	0 0	0 0	0 0	0 0	0 0
1370582254.368	0 0	0 0	0 0	0 0	0 0	0 0
1370582254.4017	0 0	0 0	0 0	0 0	0 0	0 0
1370582254.4343	1.222166 0.055786	37.56346447074 1.7145914949072	0 0	0 0	0 0	0 0
1370582254.4689	1.220194 0.055142	-0.05695964829111 -0.018601426723871	0 0	0 0	1.220194 0.055142	1.220194 0.055142
1370582254.5028	0 0	-36.025823941659 -1.6280492969077	0 0	0 0	1.220194 0.055142	1.220194 0.055142
1370582254.5357	1.218606 0.05343	36.962178882458 1.6206134039137	0 0	0 0	1.220194 0.055142	1.220194 0.055142
1370582254.5759	1.214481 0.054781	-0.10255356327835 0.033587845815526	0 0	0 0	1.214481 0.054781	1.214481 0.054781
1370582254.6033	0 0	-44.343389419921 -2.0001755612584	0 0	0 0	1.214481 0.054781	1.214481 0.054781
1370582254.6359	1.215114 0.056026	37.273520197288 1.7185928584258	0 0	0 0	1.214481 0.054781	1.214481 0.054781
1370582254.669	1.216497 0.055667	0.041883682070238 -0.010872192236599	0 0	0 0	1.216497 0.055667	1.216497 0.055667
1370582254.703	1.214042 0.055779	-0.072061531226377 0.0032875321781486	0 0	-0.072919997901011 0.0033266964419201	1.214066306666 0.055777891101186	1.141146308765 0.059104587543106
1370582254.7366	1.213525 0.055374	-0.01541628869615 -0.012076589790985	0 0	-0.050285327004686 -0.0028404175816842	1.2131442075563 0.05547775191362	1.1628588805516 0.052637334331936
1370582254.7697	1.214211 0.055527	0.020732013863169 0.004623903966567	0 0	-0.03265059893218 -0.0019150910230639	1.2132304478809 0.055475548630055	1.1805798489487 0.053560457606992
1370582254.8035	1.212729 0.055318	-0.04374909227066 -0.0061697437817599	0 0	-0.030300141720259 -0.0022903928301254	1.2124551294051 0.055361729419392	1.1821549876848 0.053071336589267
1370582254.8366	0 0	-36.665927293288 -1.6724971250874	0 0	-0.030300141720259 -0.0022903928301254	1.211445124681 0.055285382991722	1.1811449829608 0.052994990161596
1370582254.8705	1.214481 0.055465	35.808501105234 1.6353640063548	0 0	-0.030300141720259 -0.0022903928301254	1.210435119957 0.055209036564051	1.1801349782368 0.052918643733925
1370582254.9033	0 0	-37.035789706442 -1.6914139258398	0 0	-0.030300141720259 -0.0022903928301254	1.209425115233 0.05513269013638	1.1791249735128 0.052842297306254
1370582254.9384	1.213868 0.056855	34.558737258505 1.6186578827618	0 0	-0.030300141720259 -0.0022903928301254	1.208415110509 0.055056343708709	1.1781149687888 0.052765950878584
1370582254.9702	1.216545 0.056776	0.084222087431367 -0.0024854482282698	0 0	0 0	1.216545 0.056776	1.216545 0.056776
1370582255.0034	0 0	-36.611868921209 -1.7086712533203	0 0	0 0	1.216545 0.056776	1.216545 0.056776
1370582255.0365	1.211883 0.056293	36.635067528898 1.701730164054	0 0	0 0	1.216545 0.056776	1.216545 0.056776
1370582255.0693	1.212486 0.0567	0.01841160468231 0.012427069827034	0 0	0 0	1.212486 0.0567	1.212486 0.0567
1370582255.1025	0 0	-36.463550177774 -1.7051605503732	0 0	0 0	1.212486 0.0567	1.212486 0.0567
1370582255.1425	1.209457 0.055636	30.260623086221 1.3920131315334	0 0	0 0	1.212486 0.0567	1.212486 0.0567
1370582255.171	1.211607 0.056318	0.07543838444679 0.023929757298934	0 0	0 0	1.211607 0.056318	1.211607 0.056318
1370582255.2031	1.206348 0.056403	-0.16392450067999 0.0026494737702604	0 0	-0.15620621953622 0.0025247249782427	1.2064000687398 0.056402158425007	1.0501938492036 0.05892688340325
1370582255.2367	1.209457 0.05557	0.092381361878787 -0.024751905578973	0 0	-0.057205225060593 -0.0084528071720951	1.207791465264 0.055754679570228	1.1505862402034 0.047301872398133
1370582255.2714	1.20866 0.056369	-0.023019917144115 0.02307768356104	0 0	-0.039362159583402 -0.0026918477502286	1.2076678635977 0.05604867065066	1.1683057040143 0.053356822900431
1370582255.303	0 0	-38.183627379299 -1.7807926892126	0 0	-0.039362159583402 -0.0026918477502286	1.2063557916116 0.055958942392319	1.1669936320282 0.05326709464209
1370582255.3388	0 0	0 0	0 0	-0.039362159583402 -0.0026918477502286	1.2050437196255 0.055869214133978	1.1656815600421 0.053177366383749
1370582255.3715	1.209925 0.056052	36.952198779618 1.7118785428809	0 0	-0.039362159583402 -0.0026918477502286	1.2037316476394 0.055779485875637	1.164369488056 0.053087638125408
1370582255.4039	0 0	-37.401008705393 -1.7326704878027	0 0	-0.039362159583402 -0.0026918477502286	1.2024195756533 0.055689757617296	1.1630574160699 0.052997909867067
1370582255.4408	1.209714 0.056366	32.70999025939 1.5241051281218	0 0	-0.039362159583402 -0.0026918477502286	1.2011075036671 0.055600029358955	1.1617453440837 0.052908181608726
1370582255.4711	1.213201 0.056144	0.11513633252511 -0.007330159397928	0 0	0 0	1.213201 0.056144	1.213201 0.056144
1370582255.5045	0 0	-36.333174871505 -1.6814112170908	0 0	0 0	1.213201 0.056144	1.213201 0.056144
1370582255.5388	0 0	0 0	0 0	0 0	1.213201 0.056144	1.213201 0.056144
1370582255.5723	0 0	0 0	0 0	0 0	1.213201 0.056144	1.213201 0.056144
1370582255.6068	1.209022 0.05595	35.069681535623 1.6229222312895	0 0	0 0	1.213201 0.056144	1.213201 0.056144
1370582255.6377	1.212888 0.056513	0.12506019068479 0.018212335063513	0 0	0 0	1.212888 0.056513	1.212888 0.056513
1370582255.6725	1.212917 0.056127	0.00083366905409922 -0.011096422582126	0 0	0.00086137675728611 -0.011465221665903	1.2129167128744 0.056130821740555	1.2137780896317 0.044665600074653
1370582255.7082	1.211425 0.055588	-0.041746061265878 -0.015081184331306	0 0	-0.017353431728034 -0.013389792745057	1.2117314352677 0.055620377856417	1.1943780035396 0.04223058511136
1370582255.746	1.211411 0.056847	-0.00037022253606266 0.033293583778876	0 0	-0.015694653289357 -0.0026343003517356	1.2113187661585 0.056248957273452	1.1956241128692 0.053614656921716
1370582255.7735	1.209611 0.056613	-0.06557356819011 -0.0085245638647143	0 0	-0.020438820753534 -0.00082470634068044	1.210163780948 0.056402149708447	1.1897249601945 0.055577443367766
1370582255.8074	1.210124 0.05613	0.015118485339479 -0.014234363389802	0 0	-0.018684611119689 -0.0014937247319552	1.2097742377792 0.056263391901271	1.1910896266595 0.054769667169316
1370582255.8398	1.211211 0.056338	0.033539128037254 0.0064177908295755	0 0	-0.01459098288064 -0.0012464693187776	1.2099670901383 0.056262867763059	1.1953761072577 0.055016398444281
1370582255.8732	0 0	-36.245368841147 -1.6859090528178	0 0	-0.01459098288064 -0.0012464693187776	1.2094807240423 0.056221318785766	1.1948897411617 0.054974849466988
1370582255.9073	1.211432 0.055996	35.570822103175 1.6441894835941	0 0	-0.01459098288064 -0.0012464693187776	1.2089943579463 0.056179769808473	1.1944033750656 0.054933300489696
1370582255.9417	1.212073 0.055756	0.018649885640158 -0.0069827964955361	0 0	0 0	1.212073 0.055756	1.212073 0.055756
1370582255.9727	1.210753 0.056246	-0.042460283452972 0.015761771887846	0 0	-0.039207493779768 0.0145542969334	1.2107660691646 0.056241148567689	1.1715585753848 0.070795445501089
1370582256.0074	1.20772 0.056689	-0.087484090363312 0.012777926815347	0 0	-0.060042671070159 0.014107538441654	1.2080705188174 0.056696516003153	1.1480278477473 0.070804054444807
1370582256.0406	1.208197 0.056369	0.014368800241315 -0.0096394467027679	0 0	-0.046362244250856 0.0089786419994674	1.2074363207623 0.056654184452771	1.1610740765114 0.065632826452238
1370582256.075	1.208698 0.055032	0.014548733367953 -0.038825661702496	0 0	-0.035120332716213 0.0012834686187787	1.2073881148488 0.055928626282447	1.1722677821326 0.057212094901226
1370582256.1071	0 0	-37.767233757409 -1.7195415299254	0 0	-0.035120332716213 0.0012834686187787	1.2062174370916 0.05597140856974	1.1710971043754 0.057254877188519
1370582256.1412	1.212559 0.056807	35.482942147853 1.6623351891273	0 0	-0.035120332716213 0.0012834686187787	1.2050467593344 0.056014190857033	1.1699264266182 0.057297659475811
1370582256.1751	1.212979 0.056066	0.01239887723645 -0.021875161981447	0 0	0 0	1.212979 0.056066	1.212979 0.056066
1370582256.2077	1.209588 0.056554	-0.1039289514512 0.014956451875018	0 0	-0.10072167530848 0.014494891639794	1.2096215738918 0.056549168369453	1.1088998985833 0.071044060009248
1370582256.2399	0 0	-37.566121099665 -1.7563950805319	0 0	-0.10072167530848 0.014494891639794	1.2062641847148 0.057032331424113	1.1055425094063 0.071527223063907
1370582256.2744	1.214481 0.054996	35.246066509535 1.5960666933105	0 0	-0.10072167530848 0.014494891639794	1.2029067955379 0.057515494478773	1.1021851202294 0.072010386118567
1370582256.3147	0 0	-30.127173623279 -1.3642650980837	0 0	-0.10072167530848 0.014494891639794	1.1995494063609 0.057998657533433	1.0988277310524 0.072493549173227
1370582256.3413	1.210307 0.056013	45.457272877554 2.1037622898078	0 0	-0.10072167530848 0.014494891639794	1.196192017184 0.058481820588093	1.0954703418755 0.072976712227887
1370582256.3751	1.211411 0.056255	0.032665596388134 0.0071603934111671	0 0	0 0	1.211411 0.056255	1.211411 0.056255
1370582256.4084	1.209382 0.055623	-0.060878331337498 -0.018962595074075	0 0	-0.060266670362996 -0.018772072779405	1.2094020888901 0.055629257357593	1.1491354185271 0.036857184578188
1370582256.4417	1.211211 0.056197	0.05507173122371 0.017283309853695	0 0	-0.014529144175806 -0.0044741137693781	1.2104415386526 0.0559564595134	1.1959123944768 0.051482345744022
1370582256.4756	1.210982 0.055182	-0.0067519761553288 -0.029926881212479	0 0	-0.0079408576173241 -0.0084943510389664	1.2106156683889 0.055405539152849	1.2026748107716 0.046911188113883
1370582256.5087	1.209839 0.056134	-0.034537061249186 0.028765776298538	0 0	-0.0099912236777857 -0.0044430400914655	1.2100779045714 0.055661949313915	1.2000866808936 0.05121890922245
1370582256.5421	1.209714 0.055848	-0.0037408260971984 -0.0085590101103794	0 0	-0.010075620311186 -0.0035293054881883	1.209730827381 0.055665815477754	1.1996552070699 0.052136509989566
1370582256.5754	1.211668 0.056779	0.058664533699823 0.027951218461891	0 0	-0.0055577505075772 -0.0010829105551552	1.2102951780254 0.056035626492424	1.2047374275178 0.054952715937268
1370582256.6093	1.211432 0.056755	-0.0069502091966746 -0.00070680093525543	0 0	-0.0035583391555366 5.9604250908429e-05	1.2105735202447 0.056264442701666	1.2070151810892 0.056324046952574
1370582256.6421	1.206188 0.056347	-0.15986314142427 -0.012437864550172	0 0	-0.0086445624208559 0.00015564555537387	1.2091122463545 0.056291782519403	1.2004676839337 0.056447428074777
1370582256.6763	1.20924 0.056538	0.089343903516243 0.0055913124415471	0 0	-0.0082425305712812 0.00038863454143445	1.2089428394905 0.056365786962948	1.2007003089192 0.056754421504382
1370582256.7101	1.211432 0.056341	0.06491547894852 -0.0058341009821434	0 0	-0.0060238604028429 0.00035833841104945	1.2093908010992 0.056368872745088	1.2033669406964 0.056727211156138
1370582256.7427	1.209547 0.056155	-0.057790518460047 -0.0057024065960574	0 0	-0.0057809565743625 0.00020468915376939	1.2092761882531 0.056326302461695	1.2034952316787 0.056530991615465
1370582256.775	1.211929 0.056168	0.073720564981593 0.00040233725640685	0 0	-0.0041097787594969 0.00010771042866167	1.20972221135 0.056296060310493	1.2056124325905 0.056403770739155
1370582256.8113	1.209457 0.05657	-0.068140453125309 0.011081093105329	0 0	-0.0041758540657804 0.00024703029489735	1.2095582875444 0.056356435085584	1.2053824334786 0.056603465380481
1370582256.8425	1.209925 0.056246	0.014968348637702 -0.010362702903027	0 0	-0.0039436085830401 0.00019255307564398	1.2095191021028 0.056341210414781	1.2055754935197 0.056533763490425
1370582256.8761	1.211626 0.056265	0.050680962286807 0.00056610128362698	0 0	-0.0030152969081501 0.00015828440686873	1.2098063368589 0.056332172949724	1.2067910399507 0.056490457356593
1370582256.9164	1.211425 0.056402	-0.0049856006812647 0.0033981457379744	0 0	-0.0023626525509377 0.00018278966719513	1.2100116348741 0.056348931464335	1.2076489823231 0.05653172113153
1370582256.9443	1.210492 0.057833	-0.033479506801502 0.051349597248601	0 0	-0.0021659612882624 0.0007027223592857	1.2100279083082 0.056606222361718	1.2078619470199 0.057308944721004
1370582256.9764	1.208625 0.056652	-0.058214380207554 -0.036824415117904	0 0	-0.0026047461566573 0.00071009316636103	1.2097386384093 0.056633292851103	1.2071338922527 0.057343386017464
1370582257.0096	1.211647 0.056209	0.090824442256565 -0.013314105863554	0 0	-0.001981541561188 0.00057017022147067	1.2099655260772 0.056586527355776	1.207983984516 0.057156697577246
1370582257.042	1.209382 0.056673	-0.070054557628492 0.014351132335373	0 0	-0.0021361433188626 0.00059032678630149	1.2098207264703 0.056615800012922	1.2076845831514 0.057206126799224
1370582257.077	1.21011 0.056133	0.020769106795722 -0.015405656139683	0 0	-0.0020322289748028 0.00044547860450764	1.2098028211692 0.056561182418223	1.2077705921944 0.057006661022731
1370582257.1097	1.209356 0.056188	-0.023106917933128 0.0016855178863689	0 0	-0.0021384901270159 0.00033670822898696	1.2096804203574 0.056520081135639	1.2075419302304 0.056856789364626
1370582257.1435	1.209184 0.055824	-0.0050806392382795 -0.010752050481006	0 0	-0.0022551647414696 0.0001425956495879	1.2095491487575 0.056431501190499	1.207293984016 0.056574096840087
1370582257.177	1.208197 0.054997	-0.029465241592349 -0.024688708000883	0 0	-0.0026002908858941 -0.00024638901530211	1.2092970740328 0.056236871090426	1.206696783147 0.055990482075124
1370582257.2107	1.210366 0.056381	0.064455976080829 0.041128202349407	0 0	-0.0022911911105952 -0.00020564070712608	1.2093680409541 0.056249440076638	1.2070768498435 0.056043799369512
1370582257.2437	1.212073 0.056558	0.051688073868187 0.0053595718070705	0 0	-0.0015519035446443 -0.00012180242568352	1.2096663203462 0.056285072528403	1.2081144168015 0.056163270102719
1370582257.2781	1.212334 0.055555	0.0075929484584726 -0.029179031815502	0 0	-0.00083123110385816 -0.00031420342681578	1.2099771971394 0.0561842057309	1.2091459660356 0.055870002304084
1370582257.3108	1.20772 0.05609	-0.14087263172607 0.01633438621011	0 0	-0.001421834145384 -0.00033638453268526	1.2096545644701 0.056162655872568	1.2082327303247 0.055826271339882
1370582257.344	1.212676 0.056179	0.14923626865008 0.0026799894894787	0 0	-0.00060761208921845 -0.00032907312326768	1.2100106893832 0.056155066507905	1.209403077294 0.055825993384638
1370582257.3773	1.208243 0.05641	-0.13306341116272 0.0069338253955759	0 0	-0.0010726296716583 -0.00025831264480823	1.2097616635878 0.056178909034514	1.2086890339162 0.055920596389705
1370582257.411	1.212146 0.056031	0.11590215806801 -0.011254654857232	0 0	-0.00042605570147062 -0.00029552895904638	1.2100418145651 0.056152115340194	1.2096157588637 0.055856586381148
1370582257.4444	1.215417 0.056539	0.097851537601279 0.015196753623188	0 0	0.0010203852677257 -0.00018905031295048	1.2107298701179 0.056193960517197	1.2117502553857 0.056004910204247
1370582257.4776	1.206497 0.055494	-0.26914609825405 -0.031531129223708	0 0	-0.00013033796700178 -0.00037612114468407	1.2102083490749 0.056097346779962	1.2100780111079 0.055721225635278
1370582257.5166	1.211432 0.055858	0.12640234888919 0.0093232938187768	0 0	0.00020245639907669 -0.00043758789422822	1.2103638729981 0.056055281870117	1.2105663293972 0.055617693975889
1370582257.5434	1.214013 0.056117	0.09631654988211 0.0096652407669381	0 0	0.0011942575580693 -0.00041681059544737	1.2108450418503 0.056050634264887	1.2120392994083 0.05563382366944
1370582257.577	1.21077 0.056156	-0.096445735581494 0.0011598469588893	0 0	0.0011628440390382 -0.00038419114482778	1.2108698777056 0.056052288095542	1.2120327217446 0.055668096950714
1370582257.6112	1.209382 0.055903	-0.040642083396744 -0.0074081030975335	0 0	0.00074355865691894 -0.00042167530795687	1.2107093812428 0.056021668041296	1.2114529398997 0.055599992733339
1370582257.6438	1.204787 0.055753	-0.14088117776056 -0.0045989503077442	0 0	-0.0008958747480083 -0.00049186331093359	1.2099568941438 0.055974335337236	1.2090610193958 0.055482472026302
1370582257.6774	1.207734 0.055828	0.087807783588717 0.0022346738273343	0 0	-0.0015023989154623 -0.00052780063343768	1.2096400022112 0.055940933036859	1.2081376032958 0.055413132403421
1370582257.7107	1.208411 0.056182	0.020288832261562 0.010608931492755	0 0	-0.001829374124941 -0.00045606094770822	1.2094354006217 0.055957242353139	1.2076060264968 0.055501181405431
1370582257.744	1.21209 0.05718	0.11067011221321 0.030021411250009	0 0	-0.0010744028396235 -0.00011188971340709	1.2097308481495 0.056104525713661	1.2086564453099 0.055992636000254
1370582257.7775	1.211626 0.055739	-0.013860727707817 -0.043045923765028	0 0	-0.00053650075765509 -0.0002126739451254	1.2099488107059 0.056053247221048	1.2094123099482 0.055840573275923
1370582257.811	1.211405 0.055861	-0.0065975870232113 0.0036421068634919	0 0	-0.00012521413493111 -0.00026433560859793	1.2101248892494 0.056021794558229	1.2099996751144 0.055757458949631
1370582257.8447	1.212073 0.056358	0.019766865657318 0.014706784777977	0 0	0.00042018971016853 -0.00016794935412719	1.2103778785157 0.056058430401783	1.2107980682259 0.055890481047656
1370582257.8779	1.21204 0.056733	-0.00099418218384874 0.01129752481648	0 0	0.0008810632669561 2.2250585413941e-05	1.2106091870851 0.05614251151157	1.2114902503521 0.056164762096984
1370582257.9107	1.212702 0.056249	0.020186620292551 -0.014758797917818	0 0	0.0014584854498793 5.1842154300382e-05	1.2109108406525 0.056157207171833	1.2123693261024 0.056209049326133
1370582257.9464	1.213068 0.056769	0.010254953498783 0.014569879287885	0 0	0.0020488146370182 0.00022264208743119	1.2112378840767 0.056239492592736	1.2132866987138 0.056462134680167
1370582257.9794	1.211207 0.056469	-0.056433501384524 -0.0090972866283484	0 0	0.0020210393597535 0.00028483840811759	1.211293074302 0.056276256473559	1.2133141136617 0.056561094881677
1370582258.0131	1.211398 0.056628	0.0056738794699469 0.0047232818624153	0 0	0.0020315592247908 0.00038070185328888	1.2113654067549 0.056330990413258	1.2133969659797 0.056711692266547
1370582258.0453	1.214536 0.056342	0.097247904951902 -0.0088632571116134	0 0	0.0029007034577076 0.00038023113649531	1.2118434180321 0.056343458266076	1.2147441214898 0.056723689402572
1370582258.0796	1.211181 0.05616	-0.097879151967058 -0.0053096887207168	0 0	0.0026880810099702 0.00032529535222501	1.211839704199 0.056330191022432	1.2145277852089 0.056655486374657
1370582258.1204	1.210328 0.055877	-0.020908402606434 -0.0069367853899424	0 0	0.0022396151672618 0.00019533682334086	1.2117174674769 0.056279646382463	1.2139570826441 0.056474983205803
1370582258.1465	1.211803 0.057454	0.056604587584057 0.060518938725468	0 0	0.0022426613838797 0.00052235255602958	1.2117935606649 0.056440673809973	1.2140362220488 0.056963026366003
1370582258.1801	1.209714 0.056237	-0.062124399495172 -0.036192146570428	0 0	0.0016395312576029 0.00046045664099926	1.2115832575011 0.056428831577329	1.2132227887587 0.056889288218329
1370582258.2136	1.212978 0.057589	0.0974419788179 0.040361996128004	0 0	0.0020146309820208 0.00078089866363211	1.2118152358513 0.056595668170082	1.2138298668333 0.057376566833714
1370582258.2471	1.21717 0.056759	0.12502593573253 -0.024754658076811	0 0	0.0034943545861978 0.00081932222983572	1.2125820754969 0.056639866656189	1.2160764300831 0.057459188886025
1370582258.2809	1.21744 0.056817	0.0079895450216234 0.0017162726342748	0 0	0.0048209628741679 0.00086124106765732	1.213325955254 0.056687002338999	1.2181469181281 0.057548243406657
1370582258.3141	1.217118 0.054645	-0.0097093860344118 -0.065493125673082	0 0	0.0058367779599006 0.00028199060620184	1.2139671453245 0.056441718763464	1.2198039232844 0.056723709369665
1370582258.3476	1.218667 0.053094	0.046191855757473 -0.04625149662998	0 0	0.0070968393867666 -0.00065694348792408	1.2147578045726 0.056006934868958	1.2218546439594 0.055349991381033
1370582258.3802	1.220461 0.052784	0.05501390138621 -0.0095063040299469	0 0	0.0086255219722873 -0.0015520773192713	1.2157176192652 0.05556152923391	1.2243431412375 0.054009451914639
1370582258.4143	1.215844 0.051751	-0.13552643726555 -0.030322462572084	0 0	0.0085804684634054 -0.0026030288770907	1.2159838190869 0.05501252370341	1.2245642875503 0.05240949482632
1370582258.4458	1.210983 0.047769	-0.1543917531369 -0.1264735570852	0 0	0.0071024658991417 -0.0046037919848988	1.2155704567361 0.053979012362716	1.2226729226352 0.049375220377817
1370582258.4808	1.215186 0.041774	0.12000612473962 -0.17117219077183	0 0	0.006928818556655 -0.0079725962730616	1.2157250333762 0.052231389805328	1.2226538519328 0.044258793532266
1370582258.5131	1.212081 0.035237	-0.096211003974532 -0.2025543745512	0 0	0.0058457277536711 -0.012648379633908	1.2154434447044 0.049752923279407	1.2212891724581 0.037104543645499
1370582258.5475	1.205482 0.032371	-0.19183147193036 -0.083313986748357	0 0	0.0030071703735382 -0.017388570846186	1.2142949896027 0.047088072890937	1.2173021599762 0.029699502044751
1370582258.5814	1.188412 0.027523	-0.50380523305562 -0.1430842278766	0 0	-0.0051728787854889 -0.057476791919041	1.2105240803071 0.027536997070394	1.2053512015216 -0.029939794848647
1370582258.6213	1.18126 0.027157	-0.17886307088896 -0.0091532276209953	0 0	-0.01344216040216 -0.054416906171569	1.206418935225 0.026207633792798	1.1929767748228 -0.028209272378771
1370582258.6483	1.214299 0.029312	1.2267996658551 0.080019167647866	0 0	-0.011154154800422 -0.05428242410997	1.207051513852 0.024390003532863	1.1958973590516 -0.029892420577107
1370582258.6822	1.534276 0.055209	9.4307514704481 0.76326789372422	0 0	-0.011154154800422 -0.05428242410997	1.206679708692 0.022580589395864	1.1955255538915 -0.031701834714106
1370582258.7199	1.58054 0.046636	1.2266130638954 -0.2272988456851	0 0	0 0	1.58054 0.046636	1.58054 0.046636
1370582258.7473	1.285471 0.029801	-10.759104982013 -0.61385483521547	0 0	0 0	1.58054 0.046636	1.58054 0.046636
1370582258.7819	1.200844 0.031276	-2.4467086543189 0.042644726448064	0 0	0 0	1.200844 0.031276	1.200844 0.031276
1370582258.8146	1.181108 0.030294	-0.60406596619866 -0.030056383198575	0 0	-0.58639299971089 -0.029603517437985	1.1812973516655 0.030289205230777	0.59490435195465 0.00068568779279237
1370582258.8481	1.175507 0.030899	-0.1673788898357 0.018079669407356	0 0	-0.42058715541924 -0.0085981935768476	1.1727990593216 0.030605596138621	0.75221190390236 0.022007402561773
1370582258.8816	1.174753 0.030498	-0.022479973955265 -0.011955529915198	0 0	-0.31782202535756 -0.0068047713018911	1.1690483661068 0.030449496337654	0.85122634074921 0.023644725035763
1370582258.9166	1.172973 0.032136	-0.050806488870134 0.046753386949036	0 0	-0.25825413366184 0.0037401050776461	1.1663798238042 0.031342713768156	0.90812569014236 0.035082818845802
1370582258.9512	1.172534 0.032604	-0.012703260198558 0.013542427728756	0 0	-0.21731596659997 0.0091139823952974	1.1645719201332 0.032079843005317	0.94725595353321 0.041193825400615
1370582258.9836	1.168509 0.03309	-0.12427087133508 0.015005128812137	0 0	-0.19470869261685 0.012296400406598	1.1618246881425 0.032749984615783	0.96711599552561 0.045046385022381
1370582259.0174	1.168007 0.033795	-0.014845418899958 0.020848646064683	0 0	-0.17521840796399 0.015274511216292	1.1598424129411 0.033491673382409	0.98462400497707 0.048766184598702
1370582259.0502	1.167911 0.033771	-0.0029299636458924 -0.00073249091147224	0 0	-0.158564604152 0.015382209903757	1.1583938556471 0.033952104902899	0.99982925149509 0.049334314806655
1370582259.0845	1.170333 0.03427	0.070603718936355 0.014546348368802	0 0	-0.14187532137809 0.015955063369147	1.1580291254801 0.034459126531444	1.016153804102 0.050414189900592
1370582259.1171	1.164317 0.036833	-0.18451735536852 0.078610036869931	0 0	-0.13221613262705 0.023319889610824	1.1563986758202 0.035870019290362	1.0241825431931 0.059189908901186
1370582259.1511	1.164829 0.035558	0.01503545276836 -0.037441801327471	0 0	-0.12349005713808 0.020581542781725	1.1550997128323 0.036243499776702	1.0316096556942 0.056825042558428
1370582259.1834	1.168229 0.03529	0.10538062885646 -0.0083064730980971	0 0	-0.1134024495597 0.016331570471801	1.1548615840076 0.036317232651237	1.0414591344479 0.052648803123038
1370582259.2265	1.163931 0.037341	-0.099663415479874 0.047559252012384	0 0	-0.10655506418796 0.019241962670492	1.1538366729344 0.037171343031211	1.0472816087464 0.056413305701703
1370582259.2832	1.162569 0.035869	-0.024025410779099 -0.025965789035853	0 0	-0.10094887926613 0.013534159981707	1.1527434728366 0.037040863078916	1.0517945935705 0.050575023060624
1370582259.3165	1.157624 0.038504	-0.14863718847642 0.079203031675505	0 0	-0.097207451503631 0.017954582837652	1.1510101657401 0.038012821938124	1.0538027142364 0.055967404775776
1370582259.3834	1.161255 0.037314	0.054287213847776 -0.017791733538655	0 0	-0.092100758804433 0.014727939065329	1.1501826331644 0.038150270763562	1.05808187436 0.052878209828891
1370582259.4171	1.161259 0.039739	0.00011861635593981 0.071911165786441	0 0	-0.08676669418198 0.020104045161021	1.1496036454436 0.039259754962272	1.0628369512616 0.059363800123293
1370582259.4835	1.159838 0.038709	-0.021391599223314 -0.015505522308242	0 0	-0.082445240000033 0.017176914688183	1.1488655974393 0.039510044569863	1.0664203574393 0.056686959258046
1370582259.5183	1.159403 0.038993	-0.012489969400118 0.0081543708267444	0 0	-0.078287378814043 0.014752389184224	1.1482189321046 0.039726311376528	1.0699315532906 0.054478700560751
1370582259.5867	1.161069 0.039002	0.024365251452281 0.00013162500784549	0 0	-0.073657227009478 0.012127825163824	1.147973318688 0.039829385698046	1.0743160916785 0.051957210861871
1370582259.6211	1.159776 0.038455	-0.037561191489361 -0.015890156028369	0 0	-0.069571020437913 0.0073743931860524	1.1476495790464 0.039582232581631	1.0780785586085 0.046956625767684
1370582259.6509	1.157183 0.038217	-0.087095130828917 -0.0079940767980269	0 0	-0.066270260380533 0.0029478249684083	1.1470624590545 0.039227581064323	1.080792198674 0.042175406032731
1370582259.6844	1.159585 0.039587	0.071761341159041 0.040929657530343	0 0	-0.0620182055581 0.0054958942183538	1.1469694621029 0.039593365609268	1.0849512565448 0.045089259827622
1370582259.7512	1.158951 0.038391	-0.009482776862098 -0.017888645310834	0 0	-0.05819828418044 0.0021171065780069	1.1468702712249 0.039302142183951	1.0886719870445 0.041419248761958
1370582259.785	1.158945 0.038774	-0.00017774608534021 0.011346125113891	0 0	-0.054354547813059 0.001529723359465	1.1468621907865 0.039250411718708	1.0925076429734 0.040780135078173
1370582259.8526	1.159776 0.038618	0.012282933497789 -0.0023058214508485	0 0	-0.050345944081481 0.00071523631074181	1.147053492879 0.039148866847668	1.0967075487975 0.03986410315841
1370582259.8933	1.16158 0.038298	0.044391981225949 -0.0078744090866423	0 0	-0.045963848098715 -0.00062688482440229	1.1475538573908 0.038949582268881	1.1015900092921 0.038322697444478
1370582259.9554	1.159678 0.037853	-0.030611715845821 -0.0071620470827498	0 0	-0.04228663681619 -0.0029681976731724	1.1478500910238 0.038588727374492	1.1055634542076 0.03562052970132
1370582259.9868	1.160151 0.038534	0.015058908571991 0.021681007901748	0 0	-0.03847225597554 -0.0013288272549489	1.1482742450488 0.038650953412416	1.1098019890732 0.037322126157467
1370582260.0525	1.160669 0.037653	0.007883600959393 -0.013408209353716	0 0	-0.034759785935829 -0.0032448079693422	1.1488042376284 0.038321142920203	1.1140444516925 0.035076334950861
1370582260.0852	1.160324 0.038371	-0.010575653050934 0.022009619972666	0 0	-0.031191396373758 -0.0013232538660416	1.1493330727905 0.038413725105708	1.1181416764168 0.037090471239667
1370582260.1197	1.161187 0.037726	0.024962479583464 -0.01865677790421	0 0	-0.027639977243334 -0.0022287985734627	1.1499942311242 0.038214414525612	1.1223542538809 0.035985615952149
1370582260.1535	1.160193 0.038836	-0.029461375544122 0.032899523997965	0 0	-0.024395194100021 0.0014329641215463	1.1505687778566 0.03856488506852	1.1261735837566 0.039997849190066
1370582260.1871	1.161337 0.037584	0.03403134681835 -0.037244096343159	0 0	-0.021207807351662 -0.00097497731311983	1.1512847621125 0.038272707176977	1.1300769547609 0.037297729863857
1370582260.2204	1.160898 0.037888	-0.013177647131235 0.0091252955077328	0 0	-0.018306000011667 -0.001122681071972	1.1519417929809 0.038188814758416	1.1336357929692 0.037066133686444
1370582260.2536	1.160046 0.03797	-0.025642558897821 0.0024679458094144	0 0	-0.015829292111674 -0.00083630735576846	1.152487425239 0.038159722709249	1.1366581331273 0.03732341535348
1370582260.2882	1.160725 0.03845	0.019622643855723 0.013871677541599	0 0	-0.013268325809563 0.0012250552083574	1.1531323828755 0.038363217494725	1.139864057066 0.039588272703082
1370582260.3205	1.160508 0.038474	-0.0067205491250065 0.00074328653917163	0 0	-0.011003750807774 0.0023103013117899	1.1537328574037 0.038515670786304	1.142729106596 0.040825972098094
1370582260.3525	1.16112 0.037187	0.019129807190122 -0.040228859238061	0 0	-0.008870387749582 -0.0018390315733321	1.1544045711567 0.03804557433696	1.1455341834071 0.036206542763628
1370582260.3866	1.16136 0.037731	0.0070311309789902 0.015937230219043	0 0	-0.0067976224718037 -0.0019673761149106	1.1550731508592 0.03794507154683	1.1482755283874 0.035977695431919
1370582260.4263	1.160548 0.038386	-0.02046678193564 0.016509534689463	0 0	-0.0050724489254239 0.00042882993722255	1.1556211166429 0.03816264878448	1.1505486677175 0.038591478721702
1370582260.4543	1.161067 0.037173	0.018517189608539 -0.043278132938635	0 0	-0.003523171992757 -0.0025268438802723	1.1562032900901 0.037787005704912	1.1526801180973 0.035260161824639
1370582260.4878	1.160299 0.037774	-0.022942384331045 0.017953610654891	0 0	-0.0022862671387504 -0.0018309964985161	1.1566520205134 0.037776905035209	1.1543657533747 0.035945908536693
1370582260.5223	1.162668 0.03806	0.068615212661936 0.008283643233986	0 0	-0.00047282984390259 2.389527053203e-05	1.1573968274377 0.037929838533989	1.1569239975938 0.037953733804521
1370582260.555	1.162225 0.037197	-0.013560623792146 -0.026417197139104	0 0	0.00087343384442734 -0.0020580363134928	1.158028237306 0.03765318842231	1.1589016711504 0.035595152108817
1370582260.5868	1.161669 0.037487	-0.017493177787279 0.0091241394933651	0 0	0.0019167462956721 -0.0020242618595713	1.1585410792118 0.037577388819065	1.1604578255075 0.035553126959493
1370582260.6212	1.162148 0.038035	0.013907844713958 0.015911271196766	0 0	0.0030158828863389 0.00019896496228801	1.1590911735321 0.037778359735254	1.1621070564184 0.037977324697542
1370582260.6537	1.159558 0.037326	-0.079834553471687 -0.021854323710977	0 0	0.0030799361967158 -0.0013829245418768	1.1592386022647 0.037584694962805	1.1623185384615 0.036201770420928
1370582260.6876	1.162107 0.03768	0.075120894990898 0.01043263900619	0 0	0.003901952760028 -0.0005955276481978	1.1597145109171 0.037628894601581	1.1636164636772 0.037033366953383
1370582260.7216	1.162079 0.037833	-0.00082355445224928 0.0045001368283755	0 0	0.0045790646034708 0.00042805162354924	1.160148033126 0.037730724169044	1.1647270977295 0.038158775792593
1370582260.7553	1.160959 0.03777	-0.033237253636724 -0.0018695955170657	0 0	0.0047741351487276 0.00058547621091218	1.1603896108309 0.037762709310931	1.1651637459796 0.038348185521843
1370582260.7885	1.160674 0.038264	-0.0085900676928411 0.014889450667587	0 0	0.0048696342427263 0.0022967596034769	1.1605743024347 0.037997055605407	1.1654439366774 0.040293815208884
1370582260.8222	1.162012 0.038659	0.039680818168964 0.011714441836129	0 0	0.0053154747049082 0.0044937178560348	1.1609194777085 0.038345822589315	1.1662349524134 0.042839540445349
1370582260.8563	1.162299 0.037554	0.008418409757187 -0.032412344187087	0 0	0.0055900948053273 0.001303445825967	1.1612605816326 0.038090077574481	1.166850676438 0.039393523400448
1370582260.8896	1.161337 0.03726	-0.028881098061669 -0.0088264478483693	0 0	0.0054854740967378 -0.001786898538909	1.1614332192093 0.037744747037749	1.1669186933061 0.03595784849884
1370582260.9314	1.162501 0.037298	0.027884251006641 0.00091031059987312	0 0	0.0057063454227318 -0.0030577196569247	1.1617330396301 0.03752239545077	1.1674393850528 0.034464675793845
1370582260.9567	1.162468 0.037778	-0.0013024440534086 0.018944640776882	0 0	0.0059065779947011 -0.001741971448811	1.1620020282035 0.03758427784732	1.1679086061982 0.035842306398509
1370582260.9896	1.161716 0.038963	-0.022875809457502 0.036047651871192	0 0	0.0059805190568328 0.0032645847703212	1.1621788220734 0.038157150251489	1.1681593411302 0.041421735021811
1370582261.0235	1.163315 0.038116	0.047165456563174 -0.024983828460916	0 0	0.0062378828929803 0.002836039560595	1.1625027598678 0.038209043599864	1.1687406427608 0.041045083160459
1370582261.0546	1.161628 0.038498	-0.054143449550832 0.012260105351759	0 0	0.0059442626626609 0.0034051695029238	1.1625675726785 0.038378669157279	1.1685118353411 0.041783838660202
1370582261.0885	1.162608 0.038179	0.028952110049093 -0.0094242072506744	0 0	0.0058673825605265 0.0022862901032619	1.1627426142121 0.038351819867489	1.1686099967726 0.040638109970751
1370582261.1221	1.161708 0.037901	-0.026758678963079 -0.0082654586130388	0 0	0.0054596808945949 0.00029978256480635	1.162770945842 0.038181860427799	1.1682306267365 0.038481642992605
1370582261.1552	1.163315 0.038609	0.048537774026764 0.021384408220875	0 0	0.0056155326141433 0.0018053437898926	1.1630084562348 0.038380113573648	1.1686239888489 0.04018545736354
1370582261.1888	1.165613 0.039072	0.068356291963346 0.013772394768943	0 0	0.0063977186038285 0.0042832197079461	1.1635318529183 0.03874429624324	1.1699295715221 0.043027515951186
1370582261.2231	1.164537 0.038443	-0.03139593246468 -0.018353198438924	0 0	0.0065840946809174 0.0028059898724968	1.1638488559551 0.038698433283625	1.1704329506361 0.041504423156121
1370582261.2573	1.165007 0.038233	0.013726632547192 -0.0061331762444903	0 0	0.0068034965204552 0.00094103860166668	1.1641919335364 0.038553932748149	1.1709954300569 0.039494971349815
1370582261.2916	1.163705 0.038198	-0.038044766359435 -0.0010227087731032	0 0	0.0065570001750949 -0.00049728764248982	1.164320255508 0.038406367349683	1.1708772556831 0.037909079707193
1370582261.3239	1.166559 0.037624	0.088173005819004 -0.017733463679086	0 0	0.0070775443365771 -0.0029737378360028	1.1648093483438 0.03807114259576	1.1718868926803 0.035097404759758
1370582261.3554	1.163542 0.038035	-0.095835499337321 0.013055482342606	0 0	0.0066467097902315 -0.0029112395636181	1.164843789091 0.037984730941003	1.1714904988812 0.035073491377385
1370582261.3902	1.161628 0.038225	-0.055084073967846 0.005468116015617	0 0	0.0056818934565583 -0.0020890612348774	1.164606648319 0.038002297788853	1.1702885417756 0.035913236553976
1370582261.4289	1.166264 0.038144	0.11962051591471 -0.0020900046999767	0 0	0.0061291906795967 -0.001193206017433	1.1649947052747 0.038040776911702	1.1711238959543 0.036847570894269
1370582261.4559	1.161163 0.039816	-0.18910661938518 0.061985153423253	0 0	0.0052398552014321 0.0047573162136617	1.1647191526432 0.038762326633646	1.1699590078446 0.043519642847308
1370582261.4907	1.164692 0.036772	0.10146976353404 -0.087524499914309	0 0	0.0051073365538817 -0.002816543389568	1.16491774574 0.037966191788138	1.1700250822939 0.03514964839857
1370582261.5231	1.163821 0.03753	-0.026853559418715 0.023369687760488	0 0	0.0047077383424843 -0.0041530654067042	1.1649166777918 0.037708031049045	1.1696244161343 0.033554965642341
1370582261.5576	1.163881 0.037289	0.0017370235851972 -0.0069770447338813	0 0	0.004335687577556 -0.0052638983927774	1.1649124003177 0.037433486984808	1.1692480878952 0.032169588592031
1370582261.5914	1.167155 0.03802	0.09699833508275 0.021657233642483	0 0	0.0050344427193704 -0.0023719216073853	1.1653514007655 0.037615409826682	1.1703858434848 0.035243488219297
1370582261.6246	1.163805 0.037608	-0.10091005874664 -0.012410431105557	0 0	0.004543326479354 -0.0022990106293173	1.1652894969512 0.037550981586965	1.1698328234305 0.035251970957647
1370582261.657	1.16517 0.038299	0.042119231069163 0.021321896460652	0 0	0.0045671788802035 0.00056855058421767	1.1654212592505 0.037836276057741	1.1699884381307 0.038404826641959
1370582261.6912	1.165007 0.038241	-0.0047626022431248 -0.0016946682828284	0 0	0.0044461631473737 0.0018640488443188	1.1655030026743 0.038020202588461	1.1699491658216 0.039884251432779
1370582261.7248	1.165007 0.038211	0 -0.00089397114093469	0 0	0.0042728494979856 0.0022480643232136	1.1655661763663 0.038132764480995	1.1698390258643 0.040380828804208
1370582261.7584	1.164214 0.038721	-0.023585059897176 0.015168197411806	0 0	0.0039004397148486 0.0038925692485292	1.1655166328405 0.0384195724102	1.1694170725554 0.042312141658729
1370582261.7916	1.163978 0.039002	-0.0071189596461615 0.0084763883922472	0 0	0.0034698709102089 0.0053041742288958	1.1654299033681 0.038732432163533	1.1688997742783 0.044036606392428
1370582261.8232	1.164847 0.038571	0.027499171414776 -0.013638829550942	0 0	0.0032333083955837 0.0040412657123662	1.1654498637658 0.038752369973002	1.1686831721614 0.042793635685368
1370582261.8573	1.165168 0.038738	0.0094109739976519 0.0048960518928592	0 0	0.0031041181478806 0.0034758148394031	1.1655039878361 0.038817104783113	1.168608105984 0.042292919622516
1370582261.8965	1.165168 0.038738	0 0	0 0	0.0029555842556151 0.0027437084710527	1.1655467407256 0.038842150249745	1.1685023249812 0.041585858720798
1370582261.9275	1.166264 0.038551	0.035359305145107 -0.0060330201296853	0 0	0.0030966708413584 0.0014665311371464	1.1657258917511 0.038770650896478	1.1688225625925 0.040237182033624
1370582261.9599	1.163823 0.038736	-0.075286017295132 0.0057058226954526	0 0	0.0025028845600208 0.00095694519468004	1.1655581485906 0.03876184463833	1.1680610331506 0.03971878983301
1370582261.9911	1.164347 0.03809	0.016792213625909 -0.0207018511495	0 0	0.0020646228366693 -0.001654085419575	1.1654672319606 0.038468806420224	1.1675318547973 0.036814721000649
1370582262.0245	1.162837 0.038124	-0.045300367215276 0.0010200082684233	0 0	0.0012495206520196 -0.002960301271461	1.1651708099738 0.038257861886863	1.1664203306258 0.035297560615402
1370582262.0581	1.166153 0.040388	0.09865240535384 0.067354959505756	0 0	0.0019084283991945 0.0049579209987258	1.1654310947775 0.039151653723199	1.1673395231767 0.044109574721925
1370582262.0928	1.16484 0.038407	-0.037785226226086 -0.057008783818646	0 0	0.0016462512353673 0.0016888854203986	1.165409855751 0.038906954855373	1.1670561069864 0.040595840275772
1370582262.1265	1.167681 0.038598	0.084392852992624 0.005673718733401	0 0	0.0022522868306117 0.00064417116501985	1.1657592818996 0.03882440304598	1.1680115687302 0.039468574211
1370582262.1592	1.164694 0.038448	-0.091300792502608 -0.004584907557881	0 0	0.0018814591677815 -0.000876973958095	1.1656788385755 0.038657827188684	1.1675602977433 0.037780853230589
1370582262.1925	1.164042 0.037867	-0.019603204312479 -0.017468499548394	0 0	0.001322832348 -0.003735017274369	1.1655134754737 0.03827372793387	1.1668363078217 0.034538710659501
1370582262.226	1.166296 0.038567	0.067183260369957 0.020864366574521	0 0	0.0015857477111086 -0.0021905285722235	1.1656629439899 0.038341387317565	1.167248691701 0.036150858745342
1370582262.2595	1.164055 0.038562	-0.066881330193041 -0.00014922206647259	0 0	0.0011355986648234 -0.0013355546366671	1.1654964278205 0.038381450645575	1.1666320264853 0.037045896008908
1370582262.292	1.166598 0.038492	0.078311576801931 -0.0021556470216812	0 0	0.001460362309491 -0.00067844000182991	1.1656784417113 0.038416289877596	1.1671388040208 0.037737849875766
1370582262.3253	1.165478 0.038271	-0.033592103144241 -0.0066284417811402	0 0	0.0013757760167583 -0.0011359041708015	1.1656927535847 0.038336827235868	1.1670685296015 0.037200923065067
1370582262.3584	1.164042 0.037763	-0.043468995474852 -0.015377611212552	0 0	0.00083563737104264 -0.0031996645211501	1.1655096257014 0.038044266246455	1.1663452630724 0.034844601725304
1370582262.399	1.165973 0.03767	0.047561783707599 -0.0022906503805317	0 0	0.00093718145552284 -0.004093665823378	1.1655946754887 0.037823540647935	1.1665318569442 0.033729874824557
1370582262.4268	1.166347 0.038348	0.013432921406433 0.024351659661923	0 0	0.0012261180690599 -0.001697506277946	1.1657345879764 0.037986560437687	1.1669607060455 0.036289054159741
1370582262.4588	1.165496 0.037994	-0.026636165368196 -0.011080143995702	0 0	0.001151592916992 -0.0015019669081526	1.1657385738897 0.037955512469481	1.1668901668067 0.036453545561328
1370582262.4962	1.165345 0.039511	-0.0040314956523956 0.040501847050885	0 0	0.0012704143353964 0.004088808897176	1.16577141026 0.038610519967462	1.1670418245954 0.042699328864638
1370582262.5282	1.164676 0.039109	-0.020947566504671 -0.012587326957963	0 0	0.00098174906786959 0.0052389180065717	1.1656662643322 0.038895363401918	1.1666480134001 0.04413428140849
1370582262.56	1.167105 0.039029	0.0763332090779 -0.002514062052792	0 0	0.0013848427170866 0.0052460810616267	1.1658868944782 0.039066366885861	1.1672717371953 0.044312447947487
1370582262.5936	1.166178 0.036987	-0.027543476746743 -0.060672901312667	0 0	0.0013616408475663 -0.0026502846133891	1.1660141542806 0.038243528622913	1.1673757951281 0.035593244009524
1370582262.6283	1.165646 0.03922	-0.015358357788377 0.064464685980163	0 0	0.0013946432694937 0.0010439461596182	1.1660328828575 0.038621715263875	1.167427526127 0.039665661423494
1370582262.6602	1.164851 0.039297	-0.024917029808026 0.0024133475411551	0 0	0.0011202304024976 0.0031610489037161	1.1659273275387 0.038927165837821	1.1670475579412 0.042088214741537
1370582262.6938	1.165505 0.038422	0.019439954757094 -0.026009113780518	0 0	0.00093159412305428 0.00096766208374033	1.1659018504559 0.038757493211913	1.166833444579 0.039725155295653
1370582262.7264	1.165506 0.039492	3.0680525785829e-05 0.032828162593538	0 0	0.00089992507609822 0.0033870120741615	1.1658904195241 0.03909581166975	1.1667903446002 0.042482823743911
1370582262.7591	1.166581 0.038825	0.032867606044486 -0.020393203006203	0 0	0.0010538286792417 0.0021111135021325	1.1660069470205 0.039045741197299	1.1670607756997 0.041156854699432
1370582262.7944	1.167079 0.038856	0.014100404306879 0.00087773601107107	0 0	0.0013276638985366 0.0013096536489552	1.1661790660715 0.039011711252368	1.16750672997 0.040321364901324
1370582262.8282	1.166478 0.039025	-0.017788402317427 0.0050020632140512	0 0	0.001398248231201 0.001230506406534	1.1662571561771 0.039044559694236	1.1676554044083 0.04027506610077
1370582262.8608	1.167054 0.039299	0.017692042005365 0.0084160060928278	0 0	0.0016412007090967 0.0020605283680251	1.1664075373948 0.039187745827703	1.1680487381039 0.041248274195728
1370582262.8965	1.166479 0.039184	-0.016109632816101 -0.0032219265632203	0 0	0.00163811166923 0.001808080188136	1.1664637133511 0.039224548089726	1.1681018250203 0.041032628277862
1370582262.9323	1.167623 0.039222	0.031928532864882 0.0010605631546028	0 0	0.0019515549824897 0.0017072105239305	1.1666656960741 0.039268491604754	1.1686172510566 0.040975702128684
1370582262.9613	1.164837 0.038155	-0.096185063084426 -0.036837567232978	0 0	0.0013117319772896 -0.0026100590751347	1.1664821545198 0.038786811684218	1.1677938864971 0.036176752609083
1370582262.9942	1.164045 0.038354	-0.024073053278448 0.0060486585889036	0 0	0.00055547472643561 -0.0040908728051971	1.1661899318474 0.038521239699199	1.1667454065738 0.034430366894002
1370582263.028	1.16646 0.038903	0.071314625587881 0.016211896251655	0 0	0.00069010122128528 -0.0022464032260873	1.1662505686495 0.038616388775522	1.1669406698708 0.036369985549435
1370582263.0609	1.164383 0.03931	-0.063218936197391 0.012388111233672	0 0	0.00023765289831122 0.00024958890879308	1.1660346387549 0.038861995331338	1.1662722916532 0.039111584240131
1370582263.094	1.164847 0.038971	0.014005059376372 -0.010232144673685	0 0	-9.9200430243593e-05 0.00047446816962588	1.1658828860554 0.03890254638659	1.1657836856251 0.039377014556216
1370582263.1276	1.1663 0.039889	0.043247611799852 0.027323680407616	0 0	0.00015354591361371 0.0039261368216806	1.1659583174623 0.039351545871014	1.166111863376 0.043277682692695
1370582263.1647	1.168315 0.039087	0.054280812845218 -0.021604571663455	0 0	0.00079600959997508 0.0027930402085513	1.1662762090671 0.039331906787054	1.1670722186671 0.042124946995605
1370582263.1959	1.165989 0.039114	-0.074534357363324 0.00086518815512045	0 0	0.0006728155915413 0.0016663416438121	1.1662583669468 0.039283975154604	1.1669311825383 0.040950316798417
1370582263.229	1.16532 0.038668	-0.020253709171227 -0.013502472780817	0 0	0.00033205829467784 -0.00079657204045906	1.1661504502044 0.039032028943301	1.1664825084991 0.038235456902842
1370582263.2624	1.16759 0.038836	0.067886901724789 0.0050242288501166	0 0	0.00072832258570486 -0.0012375390851872	1.1663514396179 0.038945210812102	1.1670797622036 0.037707671726914
1370582263.2972	1.166601 0.03884	-0.028394985597719 0.00011484321778646	0 0	0.00078685564588914 -0.0014378527662644	1.166405303176 0.038877969609413	1.1671921588219 0.037440116843148
1370582263.3294	1.165171 0.038912	-0.04446247670445 0.0022386701557485	0 0	0.00042920138055662 -0.0012857813991835	1.1662629665798 0.038853334926293	1.1666921679604 0.03756755352711
1370582263.3616	1.167296 0.039106	0.066020473770757 0.0060272808995422	0 0	0.00075839345266395 -0.00013968511045096	1.1664179355421 0.038951587950632	1.1671763289947 0.038811902840181
1370582263.4032	1.165836 0.039396	-0.035080079054548 0.0069679609080962	0 0	0.00063627260500369 0.001371386220948	1.1663691919839 0.039139322787646	1.1670054645889 0.040510709008594
1370582263.4296	1.16398 0.039127	-0.070292635616639 -0.010187887381937	0 0	-7.2302422381774e-05 0.0009058049241745	1.1660651385104 0.039134256917914	1.165992836088 0.040040061842089
1370582263.4622	1.166251 0.038549	0.069589955828953 -0.017711578365978	0 0	-7.1161749556256e-05 -0.0012341756705913	1.1660878019216 0.03889402550368	1.166016640172 0.037659849833089
1370582263.4953	1.167526 0.03901	0.038546420153534 0.013937176228061	0 0	0.00036366321502967 -0.00052817342901243	1.166280221948 0.038937142737741	1.1666438851631 0.038408969308729
1370582263.5289	1.163486 0.038596	-0.12015932492324 -0.012313356563916	0 0	-0.00048632827396098 -0.0019686708439525	1.165912191961 0.038747141248269	1.1654258636871 0.036778470404316
1370582263.5625	1.16501 0.038818	0.045450545695009 0.0066207487823434	0 0	-0.00072901344053828 -0.0015845416612663	1.1657784291902 0.038732814981118	1.1650494157496 0.037148273319852
1370582263.5957	1.168075 0.038696	0.092266198907633 -0.0036725860576612	0 0	-5.6092480398667e-05 -0.0012808357200792	1.1660646097287 0.038710724560703	1.1660085172483 0.037429888840624
1370582263.6298	1.177558 0.03801	0.27782532502585 -0.020097877566986	0 0	0.0031671248281381 -0.002380443353521	1.1675786442291 0.038492515963732	1.1707457690572 0.036112072610211
1370582263.6625	1.167495 0.038338	-0.30772744682775 0.010030269557736	0 0	0.0031038725463667 -0.0026648621195324	1.1676578358673 0.038377879242058	1.1707617084137 0.035713017122526
1370582263.6962	1.167105 0.038298	-0.011584013596768 -0.0011881039586431	0 0	0.0029141966551677 -0.0027030061725554	1.1676732041627 0.038286352909815	1.1705874008179 0.03558334673726
1370582263.7304	1.167717 0.038929	0.017888526067106 0.018443888804488	0 0	0.0029916146113183 -0.00014044003753222	1.1677786274802 0.03851961504282	1.1707702420915 0.038379175005288
1370582263.7629	1.167397 0.0383	-0.0098564850336301 -0.019374153394237	0 0	0.0028311850984191 -0.00094522007450324	1.1678123114236 0.038414943857849	1.170643496522 0.037469723783346
1370582263.7976	1.165804 0.038608	-0.045932823274646 0.0088809225163788	0 0	0.0022444846513158 -0.00038095369444919	1.1676265972756 0.038461370158064	1.1698710819269 0.038080416463615
1370582263.8298	1.166423 0.038515	0.01922596398104 -0.0028885535545025	0 0	0.001880195463755 -0.00028413312900382	1.1675302928733 0.038465001416254	1.1694104883371 0.03818086828725
1370582263.8642	1.166895 0.038428	0.013693034126908 -0.0025239279005106	0 0	0.00167491777259 -0.00045479309665366	1.1674990609564 0.038436267087997	1.169173978729 0.037981473991344
1370582263.8982	1.161819 0.038567	-0.14945691573945 0.0040926933191062	0 0	1.359634565216e-05 -0.0005564790931078	1.1667805705484 0.038426925579315	1.1667941668941 0.037870446486207
1370582263.9397	1.166282 0.038624	0.10752401734705 0.0013732621529872	0 0	-0.00010806366947824 0.00014663201442451	1.1667162976238 0.038498561189642	1.1666082339543 0.038645193204066
1370582263.9656	1.165815 0.038673	-0.018007262404045 0.0018894129717307	0 0	-0.00035032771831887 0.00064610966682565	1.1665939704099 0.038569272463084	1.1662436426916 0.03921538212991
1370582263.9975	1.165951 0.038143	0.0042629181756331 -0.016612842890345	0 0	-0.00057392605134318 -0.00099349560360562	1.1664965828498 0.038386177333542	1.1659226567985 0.037392681729937
1370582264.0304	1.165654 0.03898	-0.0090287690021814 0.025444712642512	0 0	-0.00073503035981933 0.0011196400307015	1.1663784150442 0.038621886347834	1.1656433846844 0.039741526378535
1370582264.0638	1.164304 0.039181	-0.040409283206302 0.0060164932773829	0 0	-0.0012677972418776 0.002731943890359	1.1660870603775 0.038868953317584	1.1648192631356 0.041600897207943
1370582264.0971	1.165653 0.038459	0.040504514220674 -0.021678472399797	0 0	-0.0014271180812392 0.00093083452686901	1.1659910948256 0.038734247068399	1.1645639767443 0.039665081595268
1370582264.1306	1.165173 0.03877	-0.014343382966901 0.0092933168806372	0 0	-0.0016505609372549 0.00086474573579143	1.1658400415426 0.038759451233163	1.1641894806054 0.039624196968954
1370582264.1667	1.165654 0.038928	0.01333073579183 0.0043789111332835	0 0	-0.001672893807511 0.0013413159414436	1.1657691548113 0.038848743234664	1.1640962610038 0.040190059176107
1370582264.199	1.163776 0.039163	-0.058072124093189 0.0072667460925982	0 0	-0.0022056246117022 0.0020791829913798	1.1654564518186 0.038992721460375	1.1632508272069 0.041071904451754
1370582264.2305	1.164488 0.039503	0.022605326308779 0.010794678293517	0 0	-0.0024118535209466 0.0035309534055488	1.1652700334512 0.039247777893989	1.1628581799303 0.042778731299538
1370582264.2664	1.162539 0.038538	-0.054283750106247 -0.026877280067998	0 0	-0.0032551731374086 0.0003327712816525	1.164833528033 0.038971062722727	1.1615783548956 0.039303834004379
1370582264.2984	1.166001 0.039081	0.10818728075221 0.016968715611915	0 0	-0.0028740142837533 0.00081734007784851	1.1648971535451 0.039039007380815	1.1620231392614 0.039856347458663
1370582264.3312	1.163361 0.038778	-0.080576345563301 -0.0092479669339697	0 0	-0.0033229353231589 -0.00035251334015234	1.1646055290805 0.038923599118703	1.1612825937574 0.038571085778551
1370582264.3644	1.165169 0.038741	0.054426521247958 -0.0011138170830613	0 0	-0.003144698567183 -0.00088027407747365	1.1645839293626 0.038843160657857	1.1614392307955 0.037962886580384
1370582264.3978	1.163295 0.039215	-0.056101278289293 0.01418997113614	0 0	-0.0034410723893264 0.00040244356018778	1.1643263129411 0.038979216150937	1.1608852405518 0.039381659711125
1370582264.4387	1.164696 0.038407	0.034297070056556 -0.019780180303853	0 0	-0.0033523561642287 -0.0016040654727873	1.1642758475969 0.038738197313608	1.1609234914327 0.037134131840821
1370582264.4735	1.167106 0.039186	0.069171258160319 0.0223586763929	0 0	-0.0024389970689865 0.00047171098267303	1.1645664418467 0.038936526336704	1.1621274447777 0.039408237319377
1370582264.4997	1.166877 0.038819	-0.0087354313258285 -0.013999577714317	0 0	-0.0017596575792627 0.00026058307777961	1.1648042456502 0.038917856461682	1.163044588071 0.039178439539461
1370582264.5331	1.167428 0.038674	0.016492150230854 -0.0043400395344356	0 0	-0.0010082488023226 -0.00033885927166046	1.1651026897176 0.03884224624525	1.1640944409153 0.03850338697359
1370582264.5676	1.166479 0.039237	-0.027531883298515 0.016333456582788	0 0	-0.00054853956776752 0.0012394172494217	1.1652656728019 0.039025272273254	1.1647171332341 0.040264689522675
1370582264.6012	1.164679 0.040521	-0.053630647922543 0.038256528851413	0 0	-0.00048480629760202 0.0062861778500626	1.1652200620385 0.039703921907655	1.1647352557409 0.045990099757718
1370582264.6355	1.16485 0.039758	0.0049720694067956 -0.022185315540274	0 0	-0.00060476959298532 0.0057011518319527	1.1651547605749 0.039840881847469	1.1645499909819 0.045542033679422
1370582264.6682	1.166408 0.038685	0.04773287192298 -0.032873794334634	0 0	-0.00033323898102663 0.0011128849554692	1.1653155848974 0.039447931120073	1.1649823459164 0.040560816075542
1370582264.701	1.154035 0.036884	-0.37739890474874 -0.054933761210094	0 0	-0.0037550249285029 -0.0093061637565845	1.1638315530223 0.03820755068038	1.1600765280938 0.028901386923795
1370582264.7347	1.130539 0.037639	-0.69593078628326 0.022362433760804	0 0	-0.013922487873451 -0.01391825779537	1.1590178043088 0.037431411181937	1.1450953164354 0.023513153386567
1370582264.7683	1.099438 0.037675	-0.92639814150883 0.0010723234974541	0 0	-0.03266681119396 -0.018164360644174	1.1498661067596 0.036647312393481	1.1171992955656 0.018482951749307
1370582264.8021	1.078894 0.037433	-0.60721732256564 -0.0071527741462658	0 0	-0.055181461266358 -0.021231038900115	1.1383356908862 0.035916728002296	1.0831542296199 0.014685689102181
1370582264.8361	1.058042 0.038336	-0.61340309724297 0.02656354291245	0 0	-0.080713546611846 -0.019138030367213	1.1246212207726 0.035760329303395	1.0439076741608 0.016622298936182
1370582264.8686	1.03594 0.038769	-0.68129543322456 0.013347250139636	0 0	-0.10926181936752 -0.016256337680022	1.1086910242833 0.035807117257854	0.99942920491573 0.019550779577832
1370582264.901	1.017102 0.038649	-0.58127624533397 -0.0037027895445415	0 0	-0.13899406951599 -0.014776585823786	1.091340452572 0.035797725886544	0.95234638305604 0.021021140062759
1370582264.9368	0.995239 0.039382	-0.61039378258815 0.020464649985689	0 0	-0.17046395193506 -0.011469142265364	1.0722521593069 0.036083857950377	0.90178820737181 0.024614715685013
1370582264.9741	0.972747 0.040118	-0.60238868995639 0.019711812013512	0 0	-0.20341708764549 -0.0075933993127914	1.0515226820813 0.036571649702265	0.84810559443581 0.028978250389474
1370582265.0015	0.949807 0.040815	-0.83759017497432 0.025449012726988	0 0	-0.23754550931202 -0.004053945611437	1.0292778542173 0.037170385676626	0.79173234490531 0.033116440065189
1370582265.0356	0.927031 0.04176	-0.66776272659532 0.027706172138768	-0.859852 -0.043263	-0.27219538555914 -8.3863442219653e-05	1.0057807101966 0.037952866481681	0.73358532463741 0.037869003039461
1370582265.0694	0.848811 0.040358	-2.3199693022664 -0.041582676576035	-0.687882 -0.034611	-0.33539702611413 -0.017431230188796	0.9689840559895 0.036789830335529	0.63358702987538 0.019358600146732
1370582265.1025	0.785636 0.040068	-1.9049256304817 -0.0087444152408339	-0.550305 -0.027688	-0.41565678594809 -0.035793301611981	0.92297630295319 0.035249370367663	0.50731951700509 -0.00054393124431831
1370582265.136	0.775721 0.04038	-0.29603163553531 0.0093153676537585	-0.440244 -0.022151	-0.47518077476142 -0.034710311924476	0.88340923414582 0.035049029796772	0.4082284593844 0.00033871787229554
1370582265.1707	0.771984 0.041894	-0.10759498100592 0.043590795087763	-0.352195 -0.017721	-0.51569917993103 -0.018172220679609	0.85002474313696 0.036294908796566	0.33432556320593 0.018122688116957
1370582265.2033	0.765783 0.043159	-0.19023880793171 0.038808594103147	-0.281756 -0.014176	-0.54321416119819 0.0019374682132675	0.82092380695013 0.038274805105968	0.27770964575193 0.040212273319236
1370582265.2362	0.750657 0.045325	-0.46056655030127 0.065951814620689	-0.225405 -0.011341	-0.5642095402544 0.02272452343078	0.79375318084347 0.040897520144359	0.22954364058907 0.063622043575139
1370582265.2693	0.729272 0.046386	-0.646172401412 0.032059336820114	-0.225405 -0.011341	-0.58398638900026 0.033664221688845	0.76673119010297 0.043144035505378	0.1827448011027 0.076808257194223
1370582265.3038	0.710758 0.048957	-0.53626518781249 0.074470011767631	-1.117309 0.023991	-0.59959156134081 0.046362940490405	0.74077892729117 0.04587443839856	0.14118736595036 0.092237378888965
1370582265.3364	0.690003 0.049419	-0.63573729676043 0.014151319253352	-0.893847 0.019193	-0.6145098910441 0.046691290129243	0.71496951709338 0.047715349028799	0.10045962604928 0.094406639158043
1370582265.3698	0.666496 0.051049	-0.70572554276062 0.048935748274974	-0.715078 0.015354	-0.62872539561355 0.046145597650587	0.68904512292099 0.049473974391159	0.060319727307437 0.095619572041746
1370582265.405	0.642532 0.05095	-0.67950446901028 -0.0028071666846943	-0.572062 0.012283	-0.64329233499133 0.036012693787871	0.66287043221791 0.050244600668365	0.019578097226572 0.086257294456237
1370582265.4391	0.615996 0.052114	-0.77877405028093 0.03416087558513	-0.45765 0.009827	-0.65819825546119 0.029133143234949	0.63608177668687 0.051039175010602	-0.022116478774314 0.080172318245551
1370582265.4706	0.591262 0.05265	-0.78505528079548 0.017012599276558	-0.36612 0.007861	-0.67218456042818 0.022485019383717	0.60922091078814 0.051629991275954	-0.062963649640043 0.074115010659671
1370582265.505	0.557996 0.051363	-0.96588384604308 -0.037368259179266	-0.292896 0.006289	-0.69222364283315 0.0022240180491968	0.58023136603627 0.050797615279913	-0.11199227679688 0.05302163332911
1370582265.5383	0.482839 0.048731	-2.2627558499781 -0.079241765865354	-0.292896 0.006289	-0.75614887040182 -0.054840507547862	0.53635569557327 0.046719571157396	-0.21979317482855 -0.0081209363904665
1370582265.5706	0.454757 0.048251	-0.86836069690357 -0.014842715423179	-1.376585 0.00117	-0.800149801949 -0.067109685448057	0.49637692367202 0.044762251221639	-0.30377287827698 -0.022347434226419
1370582265.6043	0.452121 0.050492	-0.07816154725598 0.066449175796908	-1.101268 0.000936	-0.80571250721904 -0.023755580687082	0.46630917815975 0.046629241662443	-0.33940332905929 0.02287366097536
1370582265.6405	0.421 0.051039	-0.85929320814983 0.015103415213456	-0.881014 0.000749	-0.81528551849494 -0.00010083426600063	0.43548508301252 0.048225375801679	-0.37980043548242 0.048124541535678
1370582265.6711	0.41568 0.053608	-0.17402122285999 0.084033932617919	-0.704812 0.000599	-0.80066680295634 0.044834940264967	0.4112406608501 0.051894762962411	-0.38942614210624 0.096729703227378
1370582265.7042	0.396306 0.054975	-0.58549207937171 0.041311431428777	-0.563849 0.000479	-0.78632282801301 0.067040944944177	0.38808796250145 0.055006883554958	-0.39823486551156 0.12204782849913
1370582265.7376	0.373791 0.056406	-0.67360054324721 0.042812452915246	-0.451079 0.000383	-0.77475903898316 0.072397393590632	0.36510732506237 0.057406060490626	-0.40965171392078 0.12980345408126
1370582265.7719	0.347309 0.056947	-0.77177828172792 0.015766635843773	-0.360863 0.000307	-0.77103899039846 0.05859696482628	0.34095019559065 0.058491132545169	-0.43008879480781 0.11708809737145
1370582265.8045	0.320913 0.057472	-0.81041224761919 0.016118594862861	-0.360863 0.000307	-0.77046644486069 0.041353823048471	0.31619523284527 0.058914925763373	-0.45427121201542 0.10026874881184
1370582265.8387	0.291235 0.058022	-0.86897237037864 0.016104009829107	-0.987824 0.044147	-0.77595258949692 0.023216380068808	0.28989942412199 0.058889901760088	-0.48605316537493 0.082106281828896
1370582265.8701	0.241735 0.056513	-1.5755735089889 -0.048031119698269	-0.790259 0.035318	-0.8360623412673 -0.041033647582689	0.25165479359003 0.056121249395803	-0.58440754767727 0.015087601813114
1370582265.9048	0.224161 0.058311	-0.50672114786961 0.051842757702831	-0.632207 0.028254	-0.82078372586336 -0.0076905457847326	0.22553695345502 0.057065505933885	-0.59524677240834 0.049374960149152
1370582265.9386	0.186189 0.059463	-1.1233247860292 0.034079588999937	-1.37481 0.032566	-0.84329052334687 -0.010118308990115	0.19310441780163 0.057446203131001	-0.65018610554525 0.047327894140886
1370582265.9722	0.154347 0.071822	-0.94568300431932 0.36705283117839	-1.099848 0.026053	-0.76870369959066 0.058101296611841	0.17571776068724 0.060246798657277	-0.59298593890342 0.11834809526912
1370582266.0038	0.125293 0.085891	-0.92162078590282 0.44628219304973	-0.879878 0.020842	-0.72533764216694 0.11574101249953	0.15219033672251 0.066288998162324	-0.57314730544443 0.18203001066185
1370582266.0378	0.107972 0.063367	-0.50918529544849 -0.66213784392829	-0.703903 0.016674	-0.85038276692164 -0.071032193772261	0.13027718546762 0.052677872144948	-0.72010558145402 -0.018354321627313
1370582266.0743	0.076502 0.0413	-0.86143831255792 -0.60404700486863	-1.393488 -0.137484	-1.0207103418976 -0.30013827297201	0.095999664648572 0.033080956121186	-0.924710677249 -0.26705731685082
1370582266.1108	0.050762 0.054125	-0.70475938193996 0.3511475941484	-1.11479 -0.109987	-0.87154541225244 -0.23442525579445	0.079508242167672 0.022269161158143	-0.79203717008477 -0.21215609463631
1370582266.1387	0.039928 0.069689	-0.38909706245612 0.5589723721679	-0.891832 -0.08799	-0.60338162899224 -0.15713143016838	0.067772234051669 0.017421308364004	-0.53560939494057 -0.13971012180437
1370582266.1724	0.060374 0.078253	0.60656052102814 0.25406359689352	-0.713466 -0.070392	-0.1356607316359 0.47583070275573	0.05115702477403 0.08150460508849	-0.084503706861873 0.55733530784422
1370582266.2073	0.07972 0.08099	0.55447138014118 0.078444544993611	-0.570773 -0.056313	-0.021541263830188 0.58820082711604	0.051729877317994 0.10688095765932	0.030188613487806 0.69508178477537
1370582266.2391	0.08217 0.08742	0.076913048815173 0.20185751178839	-0.456618 -0.045051	-0.0049515319216281 0.49701789520273	0.055630763945692 0.11667268018138	0.050679232024064 0.61369057538411
1370582266.2737	0.082511 0.090948	0.0098592223233241 0.10200391893457	-0.365295 -0.036041	-0.035466218325921 0.36488657964902	0.057438658537416 0.1206638592676	0.021972440211495 0.48555043891662
1370582266.3054	0.083707 0.093737	0.037708410701265 0.087933743683803	-0.292236 -0.028832	-0.036052318892005 0.25351780223988	0.06142554853977 0.12009026322469	0.025373229647766 0.37360806546457
1370582266.3385	0.085584 0.098584	0.056839378288618 0.14677702001328	-0.233788 -0.023066	0.0020133588610436 0.1971001100918	0.067406467601715 0.11968391327256	0.069419826462758 0.31678402336436
1370582266.3721	0.087479 0.102769	0.056402257167187 0.12456118535339	-0.187031 -0.018453	0.034395983409523 0.15700946169776	0.073367996968353 0.11935972148268	0.10776398037788 0.27636918318043
1370582266.4059	0.088989 0.10703	0.044677227124909 0.12607262568161	-0.149625 -0.014762	0.056035089901905 0.12727546557562	0.078715564537066 0.1194286166322	0.13475065443897 0.24670408220782
1370582266.4393	0.090931 0.111683	0.058066928305115 0.13912740340046	-0.1197 -0.01181	0.075683825315656 0.11103775485833	0.083790786841491 0.12032933300121	0.15947461215715 0.23136708785954
1370582266.4728	0.087876 0.122914	-0.09127600008548 0.335555075928	-0.09576 -0.009448	0.084291121059656 0.11139338620662	0.087262909831826 0.12358384451859	0.17155403089148 0.23497723072521
1370582266.5075	0.074692 0.142291	-0.38007384554477 0.55860823006076	-0.082685 0.86681	-0.0027657135863571 0.14076881863365	0.079044481166008 0.13615432618904	0.076278767579651 0.27692314482269
1370582266.5409	0.076759 0.145066	0.061756513334853 0.0829096877137	-0.066148 0.693448	-0.0044568298919761 0.14677396876084	0.078455356189107 0.1418523558841	0.073998526297131 0.28862632464495
1370582266.5723	0.076448 0.149531	-0.0099136529689386 0.14232945500422	-0.052918 0.554758	-0.010458812003028 0.14902741101658	0.077674420523825 0.14730873165532	0.067215608520796 0.2963361426719
1370582266.6056	0.079214 0.150541	0.083118004728539 0.030350392182149	-0.042335 0.443807	-8.2730556641507e-05 0.15121667875921	0.078110329352552 0.15225215168384	0.07802759879591 0.30346883044305
1370582266.6401	0.080049 0.154217	0.024191611855965 0.10650103614674	-0.033868 0.355045	0.0054392091394032 0.14830305949114	0.07876473515844 0.15655062693911	0.084203944297843 0.30485368643024
1370582266.6725	0.082243 0.156518	0.067586963211046 0.07088313689545	-0.027094 0.284036	0.015439160632997 0.14445248744936	0.08008803039506 0.16033725313111	0.095527191028057 0.30478974058047
1370582266.7065	0.088133 0.155473	0.1734497687285 -0.030773346064733	-0.021675 0.227229	0.040367794735352 0.14342274817451	0.083046591022634 0.16363667105275	0.12341438575799 0.30705941922726
1370582266.7407	0.097793 0.149972	0.28272063302887 -0.16099857166582	-0.01734 0.181783	0.068068506372618 0.13077982308969	0.087868184075125 0.1646247302491	0.15593669044774 0.29540455333879
1370582266.7736	0.108306 0.144577	0.31953388807003 -0.16397653630151	-0.013872 0.145427	0.09590381082559 0.10278858365209	0.094696827367743 0.16261478100172	0.19060063819333 0.26540336465381
1370582266.8061	0.144444 0.141734	1.1112852960299 -0.087425538120899	-0.011098 0.116341	0.15962923072508 0.25274504001075	0.097503157165918 0.18316877283672	0.257132387891 0.43591381284747
1370582266.8397	0.17467 0.151948	0.89883465468003 0.30373510100251	-0.008878 0.093073	0.29299500418549 0.39051248697565	0.11476354808168 0.19776206858447	0.40775855226717 0.58827455556012
1370582266.8742	0.178176 0.147783	0.10177404386493 -0.12090384845905	-0.007103 0.074458	0.28249284815524 0.22041938868375	0.12992484372687 0.19249902830544	0.41241769188211 0.41291841698919
1370582266.9069	0.186971 0.15304	0.26845083965244 0.16046004139316	1.023159 0.15055	0.30040016078896 0.13302770643466	0.1460917085607 0.18865995257329	0.44649186934966 0.32168765900794
1370582266.9409	0.200058 0.151339	0.38492346845065 -0.050030932974292	0.818527 0.12044	0.32281796895198 0.038511402546719	0.16472437997213 0.18030668363619	0.48754234892411 0.2188180861829
1370582266.9734	0.178702 0.164293	-0.65732893192142 0.39871881364067	0.654822 0.096352	0.22823041543363 -0.014945255064427	0.16271250209991 0.18236107305321	0.39094291753355 0.16741581798878
1370582267.0069	0 0	-5.3359900432699 -4.9057414700392	0.196446 0.028906	0.22823041543363 -0.014945255064427	0.17032018261437 0.1818628978844	0.398550598048 0.16691764281997
1370582267.0754	0 0	0 0	0.058934 0.008672	0.22823041543363 -0.014945255064427	0.17792786312882 0.18136472271558	0.40615827856246 0.16641946765115
1370582267.1135	0 0	0 0	0.01768 0.002602	0.22823041543363 -0.014945255064427	0.18553554364328 0.18086654754677	0.41376595907691 0.16592129248234
1370582267.174	0 0	0 0	0.005304 0.00078	0.22823041543363 -0.014945255064427	0.19314322415773 0.18036837237795	0.42137363959136 0.16542311731353
