1371713963.938865 2.409904 -0.625849 0.394185 0.168367
1371713963.966046 2.448153 -0.628248 0.439568 0.121106
1371713964.000750 2.475462 -0.619602 0.481194 0.111198
1371713964.034452 2.459945 -0.612018 0.452078 0.148804
1371713964.071010 2.476773 -0.606957 0.438217 0.165598
1371713964.104199 2.488917 -0.604168 0.428857 0.163451
1371713964.138204 2.511816 -0.604729 0.437625 0.128420
1371713964.168698 2.538140 -0.601955 0.456616 0.094864
1371713964.200069 2.533400 -0.603498 0.450043 0.074373
1371713964.237551 2.546592 -0.603742 0.444220 0.053134
1371713964.273012 2.519271 -0.587944 0.380140 0.137985
1371713964.306330 2.518502 -0.586395 0.323726 0.174515
1371713964.339323 2.505410 -0.575071 0.251999 0.233220
1371713964.382926 2.497029 -0.566719 0.181556 0.274531
1371713964.404538 2.524504 -0.565631 0.161980 0.238617
1371713964.444831 2.526110 -0.560235 0.142910 0.210612
1371713964.472054 2.565584 -0.561836 0.172123 0.131506
1371713964.504684 2.521289 -0.546609 0.125678 0.178045
1371713964.543474 2.537445 -0.537582 0.105437 0.203335
1371713964.573367 2.521036 -0.535570 0.071550 0.208727
1371713964.609050 2.514871 -0.529250 0.037190 0.212966
1371713964.643521 2.540134 -0.526665 0.042232 0.175786
1371713964.674749 2.518469 -0.517606 0.015924 0.187906
1371713964.708680 2.496809 -0.509004 -0.030401 0.219174
1371713964.748331 2.514424 -0.506508 -0.038598 0.197461
1371713964.780660 2.513535 -0.499011 -0.045873 0.189819
1371713964.816697 2.540352 -0.497630 -0.017072 0.144085
1371713964.849376 2.504827 -0.487349 -0.040104 0.170927
1371713964.881073 2.549052 -0.488993 -0.000963 0.119702
1371713964.916742 2.554232 -0.486265 0.032853 0.086353
1371713964.950577 2.547301 -0.479270 0.045521 0.094810
1371713964.983101 2.538433 -0.478724 0.045521 0.094810
1371713965.020719 2.539950 -0.475563 0.045521 0.094810
1371713966.572209 2.486221 -0.324790 0.000000 0.000000
1371713966.612029 2.478188 -0.325236 -0.240813 -0.013354
1371713966.638978 2.469930 -0.327037 -0.243267 -0.032011
1371713966.675248 2.455103 -0.319854 -0.288755 0.037627
1371713966.707536 2.457058 -0.318075 -0.251627 0.053269
1371713966.748513 2.470344 -0.317593 -0.177385 0.044920
1371713966.771361 2.461256 -0.321638 -0.151556 0.015661
1371713966.807735 2.460909 -0.316410 -0.133298 0.022741
1371713966.838254 2.447974 -0.315689 -0.135982 0.029688
1371713966.873393 2.421297 -0.315794 -0.166174 0.037957
1371713966.908198 2.457613 -0.320199 -0.132594 -0.004603
1371713966.951653 2.463632 -0.317381 -0.101113 -0.015853
1371713966.976289 2.453405 -0.316458 -0.087180 -0.010507
1371713967.012295 2.463275 -0.318353 -0.062881 -0.020835
1371713967.042468 2.464481 -0.315073 -0.043680 -0.008016
1371713967.077035 2.441796 -0.314375 -0.051684 0.013702
1371713967.108814 2.453234 -0.315492 -0.042227 0.010341
1371713967.141525 2.440082 -0.315017 -0.047807 0.015235
1371713967.176025 2.445017 -0.317287 -0.043438 0.001236
1371713967.210811 2.444520 -0.314563 -0.040895 0.006689
1371713967.241314 2.445188 -0.317995 -0.034802 -0.008745
1371713967.279099 2.469327 -0.316666 -0.004452 -0.020353
1371713967.318300 2.451952 -0.318327 0.000062 -0.021674
1371713967.341717 2.431170 -0.313620 -0.022145 0.013491
1371713967.376504 2.453381 -0.316930 -0.010495 0.001272
1371713967.410157 2.459646 -0.316569 0.004839 -0.006002
1371713967.443445 2.426440 -0.317073 -0.020704 0.005485
1371713967.478095 2.451308 -0.314594 -0.012062 0.008785
1371713967.523253 2.445574 -0.316611 -0.010203 0.002324
1371713967.547522 2.454686 -0.316639 0.001304 -0.005751
1371713967.581440 2.447485 -0.314576 0.000709 0.004699
1371713967.615629 2.456422 -0.314617 0.010396 0.004681
1371713967.649156 2.432992 -0.311752 -0.009780 0.029111
1371713967.681055 2.448021 -0.315795 -0.004667 0.009494
1371713967.715153 2.428011 -0.315008 -0.023713 0.011634
1371713967.752405 2.442402 -0.317383 -0.019685 -0.008215
1371713967.787502 2.435294 -0.312254 -0.026950 0.010719
1371713967.818201 2.438502 -0.314289 -0.026174 0.006507
1371713967.850717 2.441414 -0.315004 -0.021141 -0.001733
1371713967.898196 2.441399 -0.314179 -0.017321 -0.001781
1371713967.925498 2.445743 -0.316676 -0.007900 -0.015505
1371713967.957276 2.444753 -0.314739 -0.003291 -0.010030
1371713967.989883 2.454870 -0.319328 0.013554 -0.032045
1371713968.025390 2.456860 -0.317628 0.025715 -0.030070
1371713968.090533 2.444607 -0.317867 0.020179 -0.018838
1371713968.135500 2.451003 -0.315827 0.021494 -0.003697
1371713968.159866 2.460442 -0.315357 0.032149 0.002475
1371713968.198143 2.444675 -0.316264 0.022371 0.009222
1371713968.226531 2.433762 -0.313520 0.001268 0.029274
1371713968.259160 2.432513 -0.314018 -0.014506 0.032040
1371713968.294522 2.440153 -0.314026 -0.016698 0.023924
1371713968.325849 2.448021 -0.315795 -0.008169 0.003794
1371713968.361163 2.435294 -0.312254 -0.017726 0.016169
1371713968.393274 2.424800 -0.312467 -0.035121 0.023097
1371713968.429860 2.442038 -0.317899 -0.024444 -0.012048
1371713968.461069 2.435891 -0.316336 -0.024558 -0.017286
1371713968.499978 2.447571 -0.314772 -0.012192 -0.015688
1371713968.534775 2.435497 -0.312719 -0.016830 0.003251
1371713968.570834 2.442054 -0.318724 -0.008836 -0.019854
1371713968.602585 2.432705 -0.313111 -0.016654 0.003015
1371713968.637685 2.428997 -0.312656 -0.025427 0.017153
1371713968.668418 2.441182 -0.312974 -0.016789 0.013398
1371713968.711573 2.450275 -0.314530 0.000989 -0.002149
1371713968.735863 2.448954 -0.317916 0.014023 -0.024249
1371713968.773062 2.432992 -0.311752 0.001680 0.006102
1371713968.801056 2.422924 -0.310206 -0.018452 0.031752
1371713968.838096 2.450348 -0.314342 0.000569 0.005920
1371713968.870748 2.457953 -0.320347 0.025418 -0.039003
1371713968.915217 2.436939 -0.314749 0.015128 -0.017480
1371713968.939609 2.456642 -0.315113 0.029016 -0.015391
1371713968.977156 2.444377 -0.313564 0.024119 0.002088
1371713969.005434 2.435700 -0.313185 0.010410 0.016496
1371713969.043058 2.441136 -0.316634 0.008246 0.001844
1371713969.074168 2.442819 -0.316713 0.007713 -0.006789
1371713969.105025 2.441136 -0.316634 0.004740 -0.008696
1371713969.139709 2.435700 -0.313185 -0.005427 0.010596
1371713969.173659 2.440572 -0.315350 -0.005670 0.005432
1371713969.208025 2.428742 -0.312068 -0.020331 0.023113
1371713969.241871 2.454357 -0.318961 0.001821 -0.017185
1371713969.280840 2.441366 -0.317156 0.001611 -0.019090
1371713969.308307 2.441399 -0.314179 -0.000303 -0.002968
1371713969.347709 2.438438 -0.313080 -0.005023 0.011959
1371713969.375638 2.428059 -0.312868 -0.019302 0.023146
1371713969.410450 2.443024 -0.317181 -0.009881 -0.003234
1371713969.444644 2.441825 -0.318201 -0.004261 -0.019861
1371713969.492543 2.437444 -0.314392 -0.007407 -0.004711
1371713969.517218 2.430210 -0.311412 -0.018402 0.020826
1371713969.553384 2.438846 -0.314013 -0.014096 0.012993
1371713969.586051 2.447213 -0.313958 -0.001343 0.003333
1371713969.623863 2.433232 -0.312304 -0.008102 0.012889
1371713969.650739 2.435926 -0.315962 -0.007555 -0.003369
1371713969.702234 2.447866 -0.315441 0.005243 -0.014110
1371713969.727307 2.440728 -0.313438 0.005350 -0.003850
1371713969.762489 2.435397 -0.313907 -0.000151 0.002210
1371713969.795504 2.444767 -0.314453 0.006519 -0.002366
1371713969.829360 2.441764 -0.313664 0.007431 0.001218
1371713969.860461 2.445152 -0.315041 0.012343 -0.005159
1371713969.894097 2.438346 -0.315120 0.007832 -0.004273
1371713969.928105 2.447909 -0.315540 0.014807 -0.009705
1371713969.964008 2.444958 -0.315207 0.015777 -0.007425
1371713969.998355 2.432300 -0.313526 0.001120 0.009145
1371713970.031440 2.433569 -0.313078 -0.007938 0.016844
1371713970.064083 2.436939 -0.314749 -0.009368 0.008057
1371713970.102030 2.444303 -0.314069 -0.002547 0.001997
1371713970.131749 2.440500 -0.312917 -0.002206 0.006120
1371713970.165594 2.419620 -0.311157 -0.025672 0.025508
1371713970.202760 2.441569 -0.313221 -0.015918 0.009594
1371713970.231070 2.446996 -0.313464 -0.002394 -0.003405
1371713970.282539 2.440930 -0.315801 0.001902 -0.017064
1371713970.308951 2.433218 -0.314290 -0.004948 -0.010105
1371713970.342975 2.427243 -0.313658 -0.016722 0.000447
1371713970.378986 2.433864 -0.316010 -0.016057 -0.009390
1371713970.408495 2.441642 -0.315527 -0.007193 -0.014400
1371713970.441111 2.416654 -0.311832 -0.030120 0.015171
1371713970.488075 2.451584 -0.317820 -0.003660 -0.018873
1371713970.512068 2.441796 -0.314375 0.002625 -0.011112
1371713970.546636 2.441187 -0.315378 0.007115 -0.009751
1371713970.581656 2.454107 -0.319102 0.025986 -0.030932
1371713970.614341 2.448419 -0.316701 0.030615 -0.021495
1371713970.647623 2.437140 -0.314055 0.019314 0.005082
1371713970.693418 2.447866 -0.315441 0.023537 0.005577
1371713970.722191 2.434195 -0.314516 0.010441 0.016361
1371713970.753280 2.450688 -0.315468 0.019447 0.006493
1371713970.791849 2.467868 -0.317764 0.044855 -0.017588
1371713970.820248 2.459704 -0.317979 0.052598 -0.022455
1371713970.855236 2.441871 -0.316049 0.035428 -0.002623
1371713970.888843 2.428059 -0.312868 0.005122 0.029157
1371713970.920984 2.440153 -0.314026 -0.002122 0.027907
1371713970.958667 2.447866 -0.315441 0.002060 0.012333
1371713970.990982 2.438287 -0.313797 -0.006502 0.015164
1371713971.028704 2.438846 -0.314013 -0.011603 0.012493
1371713971.061436 2.417126 -0.312930 -0.039632 0.024421
1371713971.095721 2.422854 -0.312596 -0.051897 0.023600
1371713971.128425 2.445157 -0.315342 -0.033076 -0.005214
1371713971.161175 2.456860 -0.317628 -0.005049 -0.034818
1371713971.196122 2.441796 -0.314375 -0.003244 -0.020662
1371713971.232496 2.461147 -0.316605 0.020374 -0.030097
1371713971.273477 2.449449 -0.312656 0.022138 -0.004796
1371713971.299835 2.461863 -0.313402 0.037162 -0.000567
1371713971.339047 2.433747 -0.312044 0.015627 0.022462
1371713971.366828 2.433684 -0.309978 -0.000777 0.039434
1371713971.400807 2.433684 -0.309978 -0.000777 0.039434
1371713971.441142 2.455197 -0.312912 0.000000 0.000000
1371713971.477626 2.435394 -0.311209 -0.593733 0.051159
1371713971.501621 2.454882 -0.314812 -0.118861 -0.031148
1371713971.541000 2.452467 -0.314334 -0.057451 -0.027730
1371713971.568983 2.459228 -0.315627 -0.007886 -0.031634
1371713971.603633 2.462097 -0.314541 0.016507 -0.022712
1371713971.640618 2.464603 -0.314948 0.030484 -0.018071
1371713971.680516 2.452120 -0.316829 0.014075 -0.016681
1371713971.704155 2.463948 -0.319411 0.022936 -0.030394
1371713971.740344 2.454160 -0.310567 0.010379 0.013999
1371713971.771709 2.469742 -0.316245 0.023565 -0.000283
1371713971.809646 2.454414 -0.312965 0.012674 0.015931
1371713971.840795 2.456236 -0.315261 0.008358 0.009654
1371713971.876325 2.452446 -0.313709 0.000167 0.014137
1371713971.909525 2.453825 -0.316831 -0.002519 -0.001432
1371713971.943586 2.447305 -0.314166 -0.013174 0.006614
1371713971.976619 2.430714 -0.314086 -0.038242 0.017359
1371713972.008909 2.465654 -0.317308 -0.016357 -0.013203
1371713972.052348 2.435183 -0.313416 -0.034936 0.006980
1371713972.082294 2.447462 -0.314523 -0.032958 0.003462
1371713972.120099 2.462747 -0.315390 -0.013523 -0.010494
1371713972.149076 2.466366 -0.316775 0.005593 -0.023538
1371713972.182363 2.447974 -0.315689 -0.001561 -0.011770
1371713972.220508 2.460410 -0.316258 0.007221 -0.012976
1371713972.260760 2.444377 -0.313564 -0.005525 0.009164
1371713972.284930 2.473792 -0.318674 0.020381 -0.019614
1371713972.321352 2.448394 -0.316643 0.009198 -0.008195
1371713972.352599 2.432869 -0.319058 -0.015363 -0.005413
1371713972.422044 2.445896 -0.316735 -0.019642 0.000343
1371713972.458246 2.448032 -0.315820 -0.020020 0.005974
1371713972.495156 2.271218 -0.311213 -0.240473 0.124054
1371713972.517921 2.238152 -0.311585 -0.420500 0.160756
1371713972.589990 2.154808 -0.304635 -0.642826 0.218836
1371713972.619394 2.097346 -0.305774 -0.843560 0.215491
1371713972.689528 1.984591 -0.302790 -1.110624 0.238181
1371713972.722936 1.933007 -0.301561 -1.312724 0.209667
1371713972.774402 1.832834 -0.296328 -1.546745 0.218780
1371713972.796859 1.795915 -0.296630 -1.678364 0.157603
1371713972.834627 1.713068 -0.286789 -1.823956 0.173096
1371713972.864460 1.718565 -0.277533 -1.819281 0.142777
1371713972.899851 1.657457 -0.291548 -1.797812 0.013431
1371713972.936216 1.600775 -0.301801 -1.773190 -0.110490
1371713972.974299 1.508061 -0.315107 -1.815555 -0.190911
1371713973.009019 1.420952 -0.293558 -1.937832 -0.009714
1371713973.039466 1.360760 -0.271535 -2.019397 0.206944
1371713973.075432 1.311332 -0.265106 -2.026483 0.261165
1371713973.108767 1.279290 -0.272859 -1.929432 0.119030
1371713973.140401 1.239997 -0.275602 -1.811956 -0.009238
1371713973.177520 1.190194 -0.270058 -1.729700 -0.017909
1371713973.213683 1.144592 -0.266894 -1.653755 -0.002375
1371713973.246381 1.102327 -0.266343 -1.572865 -0.005086
1371713973.277522 1.053574 -0.266432 -1.511821 -0.005679
1371713973.310027 1.006182 -0.267507 -1.463591 -0.013910
1371713973.350176 0.955419 -0.265959 -1.444208 0.007302
1371713973.385247 0.900498 -0.263384 -1.455986 0.048269
1371713973.424176 0.849884 -0.262443 -1.463815 0.058285
1371713973.452465 0.802969 -0.263103 -1.454166 0.033035
1371713973.488130 0.754362 -0.261305 -1.454166 0.033035
1371713973.554360 0.705889 -0.260204 -1.454166 0.033035
1371713982.365392 2.433999 -0.166462 -1.454166 0.033035
1371713982.391182 2.456860 -0.169519 0.000000 0.000000
1371713982.429018 2.452587 -0.170843 -0.128098 -0.039706
1371713982.458228 2.436195 -0.168969 -0.275177 0.006238
1371713982.494142 2.429347 -0.170346 -0.275408 -0.002682
1371713982.528345 2.454850 -0.169014 -0.134436 -0.000972
1371713982.567760 2.415615 -0.168364 -0.188421 0.009145
1371713982.590195 2.414059 -0.169252 -0.199431 0.006356
1371713982.630330 2.420797 -0.170703 -0.181267 -0.005873
1371713982.660500 2.450161 -0.170680 -0.121844 -0.018772
1371713982.694550 2.427923 -0.169189 -0.109599 -0.010061
1371713982.724491 2.466678 -0.172219 -0.053584 -0.029286
1371713982.764904 2.463565 -0.168815 -0.018221 -0.016770
1371713982.797443 2.405994 -0.168280 -0.053288 0.010421
1371713982.824997 2.461739 -0.169892 -0.018588 -0.001706
1371713982.860986 2.449756 -0.169047 -0.004437 0.000112
1371713982.895780 2.429190 -0.168621 -0.014728 0.008679
1371713982.924752 2.446980 -0.171893 -0.002578 -0.009183
1371713982.966197 2.445335 -0.165229 0.003016 0.016076
1371713982.992487 2.490388 -0.169509 0.054024 -0.005723
1371713983.029604 2.435813 -0.166213 0.033719 0.015474
1371713983.062172 2.436529 -0.166927 0.018758 0.019494
1371713983.100034 2.431500 -0.168862 0.002245 0.010284
1371713983.130175 2.446503 -0.169960 0.005914 -0.005215
1371713983.163098 2.432219 -0.168060 -0.007569 0.000920
1371713983.197176 2.430126 -0.167516 -0.019657 0.006591
1371713983.231504 2.441300 -0.169310 -0.015488 -0.003557
1371713983.270712 2.438246 -0.164556 -0.016395 0.015560
1371713983.306161 2.453303 -0.169283 0.000982 -0.004197
1371713983.336073 2.480569 -0.170985 0.042113 -0.027788
1371713983.371963 2.441643 -0.164078 0.028788 0.009092
1371713983.403738 2.440832 -0.171951 0.019688 -0.011882
1371713983.434957 2.449032 -0.169756 0.019688 -0.011882
1371713983.468750 2.436438 -0.168758 0.002553 -0.000284
1371713983.500041 2.466315 -0.166903 0.025744 0.004130
1371713983.533331 2.445842 -0.167282 0.018357 0.009245
1371713983.566175 2.462065 -0.166011 0.029677 0.012250
1371713983.606302 2.466091 -0.169213 0.042063 -0.004088
1371713983.633184 2.446384 -0.169477 0.028788 -0.007086
1371713983.675154 2.458329 -0.169386 0.030336 -0.010064
1371713983.702429 2.440358 -0.170023 0.011484 -0.007978
1371713983.738444 2.452319 -0.168444 0.009224 -0.001543
1371713983.768963 2.463681 -0.165695 0.018532 0.012075
1371713983.809352 2.479151 -0.168037 0.041780 0.002149
1371713983.840584 2.460018 -0.168117 0.037801 0.002123
1371713983.876859 2.455695 -0.171503 0.029860 -0.012956
1371713983.910476 2.468710 -0.169048 0.035492 -0.009834
1371713983.942186 2.474600 -0.169916 0.044828 -0.011962
1371713983.981542 2.476588 -0.169123 0.052031 -0.007318
1371713984.008398 2.460771 -0.167378 0.038554 0.009027
1371713984.046834 2.400647 -0.163689 -0.039614 0.049301
1371713984.084693 2.370837 -0.158539 -0.129427 0.091437
1371713984.107735 2.270570 -0.153726 -0.310928 0.145491
1371713984.146662 2.212784 -0.148671 -0.500174 0.180993
1371713984.175965 2.144092 -0.143221 -0.703153 0.205270
1371713984.207658 2.104509 -0.138048 -0.868797 0.207708
1371713984.246719 2.018600 -0.129891 -1.066525 0.228243
1371713984.283300 1.969765 -0.130510 -1.223529 0.192155
1371713984.318382 1.902656 -0.124266 -1.374653 0.179308
1371713984.341910 1.839487 -0.120285 -1.507796 0.164220
1371713984.375016 1.829914 -0.086214 -1.543549 0.312628
1371713984.413020 1.757808 -0.093467 -1.600809 0.274189
1371713984.442592 1.698670 -0.105201 -1.642177 0.128169
1371713984.478314 1.584088 -0.126103 -1.757910 -0.076579
1371713984.509596 1.497617 -0.101869 -1.908874 0.027661
1371713984.545469 1.437949 -0.084352 -2.005137 0.179561
1371713984.578086 1.386187 -0.073592 -2.044382 0.265194
1371713984.609636 1.349034 -0.072764 -2.011873 0.226892
1371713984.642030 1.304289 -0.071468 -1.946453 0.158448
1371713984.678396 1.262784 -0.063791 -1.859514 0.147113
1371713984.709963 1.202951 -0.055792 -1.796647 0.169152
1371713984.745033 1.147447 -0.049516 -1.745607 0.181802
1371713984.778581 1.097089 -0.045122 -1.694802 0.170433
1371713984.810141 1.039511 -0.039492 -1.664223 0.167446
1371713984.846528 0.983140 -0.036070 -1.646329 0.147477
1371713984.883087 0.923975 -0.029088 -1.646221 0.162332
1371713984.919775 0.862064 -0.022633 -1.664945 0.178303
1371713984.951496 0.801945 -0.016400 -1.689496 0.186140
1371713984.983439 0.745178 -0.010165 -1.705606 0.188233
1371713985.020331 0.686469 -0.003704 -1.721091 0.190772
1371713985.051202 0.631724 0.002617 -1.721091 0.190772
1371713985.089063 0.574355 0.008976 -1.721091 0.190772
1371713992.238815 2.319490 -0.022364 -1.721091 0.190772
1371713992.271400 2.302814 -0.021769 0.000000 0.000000
1371713992.308365 2.303617 -0.021137 0.024092 0.018957
1371713992.337638 2.329259 -0.020374 0.322648 0.020365
1371713992.375156 2.314249 -0.022111 0.187259 -0.000028
1371713992.418983 2.319490 -0.022364 0.153084 -0.006179
1371713992.445471 2.317180 -0.019768 0.120828 0.007400
1371713992.477341 2.329200 -0.022630 0.124983 -0.003256
1371713992.509941 2.312080 -0.025843 0.090539 -0.022938
1371713992.544066 2.309221 -0.022654 0.063335 -0.012214
1371713992.577378 2.313849 -0.018902 0.050611 0.013521
1371713992.612050 5.751990 3.662678 0.050611 0.013521
1371713992.652935 2.311371 -0.024800 0.050611 0.013521
1371713992.691119 2.326099 -0.021263 0.000000 0.000000
1371713992.714213 2.304768 -0.022371 -0.639576 -0.033242
1371713992.747548 1.796201 -0.094264 -0.639576 -0.033242
1371713992.779458 2.262141 -0.024587 -0.639576 -0.033242
1371713992.812229 2.240822 -0.025695 -0.639576 -0.033242
1371713994.503490 2.366840 -0.024947 -0.639576 -0.033242
1371713994.534497 2.364911 -0.024646 0.000000 0.000000
1371713994.575723 2.368617 -0.025661 0.111103 -0.030455
1371713994.600983 2.375467 -0.026034 0.149046 -0.021535
1371713994.638687 2.388595 -0.025593 0.206055 -0.010792
1371713994.668264 2.368953 -0.024391 0.109650 0.002288
1371713994.706692 2.369548 -0.025396 0.070090 0.000779
1371713994.736708 2.363180 -0.025139 0.035350 0.001601
1371713994.771421 2.377673 -0.025480 0.041663 -0.000435
1371713994.807467 2.372639 -0.025529 0.035886 -0.001327
1371713994.838515 2.383361 -0.021340 0.044364 0.018621
1371713994.875838 2.372650 -0.025931 0.035975 0.003123
1371713994.910784 2.383005 -0.026040 0.040160 -0.005730
1371713994.939636 2.382958 -0.022549 0.041537 0.008135
1371713994.975051 2.362364 -0.025021 0.019816 0.002213
1371713995.009547 2.383005 -0.026040 0.024448 -0.006824
1371713995.039765 2.368617 -0.025661 0.012181 -0.007583
1371713995.075372 2.389073 -0.027277 0.023722 -0.015494
1371713995.109682 2.372604 -0.022454 0.014364 0.007679
1371713995.152370 2.371797 -0.022722 0.005926 0.016235
1371713995.175743 2.389490 -0.024893 0.018126 0.006360
1371713995.216606 2.383005 -0.026040 0.019914 -0.004787
1371713995.242311 2.375467 -0.026034 0.012434 -0.009002
1371713995.279664 2.378193 -0.027956 0.009390 -0.019091
1371713995.309435 2.363299 -0.024778 -0.009518 -0.004555
1371713995.348161 2.374902 -0.021549 -0.010739 0.018430
1371713995.380202 2.382724 -0.027654 -0.002593 -0.003802
1371713995.409724 2.385619 -0.026472 0.006442 -0.008206
1371713995.444792 2.374947 -0.025029 0.001495 -0.001412
1371713995.477072 2.372639 -0.025529 -0.004706 -0.000292
1371713995.509516 2.383005 -0.026040 0.001939 -0.002669
1371713995.555252 2.375467 -0.026034 -0.001218 -0.003014
1371713995.575673 2.370065 -0.025502 -0.009371 0.000146
1371713995.610202 2.375467 -0.026034 -0.009288 -0.001238
1371713995.649181 2.375467 -0.026034 -0.009288 -0.001238
1371713995.679745 2.370065 -0.025502 0.000000 0.000000
1371713995.712827 2.372639 -0.025529 0.077191 -0.000801
1371713995.747219 2.370065 -0.025502 0.015061 0.000053
1371713995.776694 2.370065 -0.025502 0.015061 0.000053
1371713995.809841 2.370065 -0.025502 0.015061 0.000053
1371713995.850341 2.366840 -0.024947 0.000000 0.000000
1371713995.879095 2.370065 -0.025502 0.096670 -0.016657
1371713995.910573 2.372639 -0.025529 0.088867 -0.009249
1371713995.946330 2.366840 -0.024947 0.030856 -0.000564
1371713995.979361 2.377673 -0.025480 0.058085 -0.002143
1371713996.010721 2.374981 -0.026298 0.053742 -0.006585
1371713996.045202 2.366796 -0.021478 0.030648 0.017370
1371713996.081540 2.359401 -0.025525 0.005241 0.005607
1371713996.117481 2.366796 -0.021478 0.001964 0.018740
1371713996.150578 2.362328 -0.023686 -0.005618 0.011265
1371713996.187296 2.380397 -0.025609 0.010524 -0.004303
1371713996.219210 2.377662 -0.025056 0.018035 -0.008254
1371713996.253357 2.366852 -0.025368 0.011363 -0.009858
1371713996.287345 2.368342 -0.025149 0.007664 -0.007993
1371713996.318456 2.363255 -0.021315 -0.000647 0.013309
1371713996.360428 2.374947 -0.025029 0.005362 0.002588
1371713996.382304 2.383250 -0.024979 0.018197 -0.003056
1371713996.424069 2.375467 -0.026034 0.019253 -0.010100
1371713996.451320 2.361242 -0.020490 0.004173 0.016073
1371713996.484636 2.383250 -0.024979 0.016142 0.003039
1371713996.522431 2.370065 -0.025502 0.010585 -0.005786
1371713996.555805 2.359401 -0.025525 -0.005534 -0.008754
1371713996.590784 2.371753 -0.020944 -0.004142 0.013227
1371713996.620503 2.370065 -0.025502 -0.004585 -0.000720
1371713996.652143 2.380400 -0.025744 0.006213 -0.008899
1371713996.689472 2.370019 -0.022029 0.002852 0.007358
1371713996.720207 2.356129 -0.025257 -0.014703 -0.001417
1371713996.754337 2.363299 -0.024778 -0.019513 -0.003372
1371713996.790555 2.383005 -0.026040 -0.001367 -0.010788
1371713996.820462 2.363322 -0.025664 -0.008801 -0.009896
1371713996.856736 2.372639 -0.025529 -0.004036 -0.007604
1371713996.890652 2.394816 -0.025545 0.023048 -0.006246
1371713996.932974 2.372672 -0.026736 0.019177 -0.009398
1371713996.956477 2.388595 -0.025593 0.032483 -0.004420
1371713997.029651 2.391387 -0.027325 0.044355 -0.009823
1371713997.055865 2.363334 -0.026107 0.021393 -0.003517
1371713997.128723 2.372938 -0.021762 0.013955 0.020903
1371713997.160765 2.375467 -0.026034 0.010776 0.008181
1371713997.191721 2.372672 -0.026736 0.005004 -0.002623
1371713997.241210 2.370097 -0.026708 -0.002312 -0.007154
1371713997.267700 2.347697 -0.025443 -0.032197 -0.000981
1371713997.303861 2.287427 -0.026398 -0.121790 -0.000008
1371713997.336975 2.180041 -0.038084 -0.313500 -0.053164
1371713997.367503 2.285301 -0.010628 -0.311860 0.061674
1371713997.399583 2.753453 0.033569 -0.311860 0.061674
1371713997.436546 4.036459 0.117340 -0.311860 0.061674
1371713997.476087 2.255752 -0.015506 -0.311860 0.061674
1371713997.497401 2.245356 -0.013451 -0.311860 0.061674
1371714002.675423 0.622856 -0.321531 -0.311860 0.061674
1371714002.705906 0.619246 -0.319499 0.000000 0.000000
1371714002.739388 0.615599 -0.317321 -0.109417 0.065332
1371714002.772272 0.613584 -0.316310 -0.081435 0.036482
1371714002.809463 0.613201 -0.315353 -0.058370 0.025441
1371714002.840433 0.610526 -0.312591 -0.063809 0.046609
1371714002.878722 0.608515 -0.311373 -0.062712 0.047439
1371714002.905950 0.608468 -0.312912 -0.041976 0.011522
1371714002.945970 0.609211 -0.313231 -0.024247 -0.010095
1371714002.976453 0.608704 -0.312907 -0.019262 -0.008896
1371714003.010695 0.607837 -0.312658 -0.019474 -0.001925
1371714003.041799 0.609959 -0.312726 -0.005384 -0.008990
1371714003.075747 0.608240 -0.312580 -0.007999 0.000184
1371714003.105693 0.609038 -0.313432 -0.000066 -0.009044
1371714003.144853 0.609253 -0.311632 -0.003149 0.008592
1371714003.180269 0.609168 -0.313181 0.003893 -0.004047
1371714003.207999 0.610320 -0.313815 0.012152 -0.014939
1371714003.241054 0.609600 -0.314055 0.008533 -0.010928
1371714003.276831 0.610444 -0.313853 0.008112 -0.006697
1371714003.311640 0.611090 -0.314262 0.010908 -0.008470
1371714003.346533 0.608611 -0.311247 -0.012188 0.032085
1371714003.380149 0.608262 -0.312643 -0.009866 0.017315
1371714003.409579 0.610014 -0.313811 0.004873 -0.010175
1371714003.442873 0.608398 -0.312682 -0.004949 0.003369
1371714003.479944 0.608416 -0.313399 -0.004385 -0.002433
1371714003.510644 0.609186 -0.312269 -0.004499 0.004400
1371714003.546993 0.607948 -0.312820 -0.006527 0.003370
1371714003.578284 0.610535 -0.313740 0.009097 -0.016206
1371714003.610610 0.608240 -0.312440 -0.004232 0.006102
1371714003.646768 0.609241 -0.313650 0.002335 -0.006238
1371714003.679241 0.608082 -0.312364 -0.006939 0.009207
1371714003.709654 0.608653 -0.313162 -0.001962 -0.000587
1371714003.748921 0.610531 -0.313791 0.010441 -0.014978
1371714003.783908 0.609160 -0.312941 0.002039 0.000888
1371714003.812932 0.607326 -0.312294 -0.011126 0.016551
1371714003.846626 0.607998 -0.312645 -0.007564 0.007397
1371714003.884467 0.608142 -0.311480 -0.008168 0.012580
1371714003.910734 0.610600 -0.313804 0.014363 -0.020872
1371714003.946442 0.607965 -0.312265 -0.001289 0.003613
1371714003.979362 0.607311 -0.312606 -0.007147 0.006348
1371714004.047612 0.610768 -0.314724 0.015670 -0.027818
1371714004.078285 0.608613 -0.313492 0.002405 -0.005674
1371714004.153047 0.608249 -0.312554 -0.006935 0.011258
1371714004.179578 0.607835 -0.312360 -0.009552 0.013890
1371714004.214612 0.608440 -0.312816 -0.003051 0.002560
1371714004.246282 0.609213 -0.313755 0.006185 -0.012497
1371714004.318182 0.608832 -0.311521 -0.002706 0.011415
1371714004.350047 0.608214 -0.312811 -0.000930 0.003162
1371714004.418557 0.610010 -0.313152 0.008969 -0.009306
1371714004.452056 0.610705 -0.313746 0.015053 -0.015635
1371714004.523244 0.609294 -0.312432 0.002091 0.007015
1371714004.546880 0.608778 -0.313255 -0.000613 0.003856
1371714004.579960 0.604371 -0.309455 -0.035488 0.051932
1371714004.617499 0.598926 -0.306748 -0.070285 0.084610
1371714004.646271 0.596179 -0.305346 -0.080422 0.077056
1371714004.681157 0.591525 -0.303669 -0.093343 0.071290
1371714004.717490 0.588397 -0.301917 -0.098670 0.061739
1371714004.748068 0.584533 -0.300895 -0.102107 0.050052
1371714004.786434 0.581667 -0.298901 -0.103951 0.047475
1371714004.814314 0.584650 -0.300260 -0.063684 -0.003554
1371714004.848529 0.583674 -0.299820 -0.047006 -0.011162
1371714004.886674 0.585916 -0.301517 -0.016593 -0.036491
1371714004.916450 0.586985 -0.300695 -0.003832 -0.025207
1371714004.948191 0.592407 -0.300987 0.029204 -0.033106
1371714004.984843 0.592218 -0.301305 0.036699 -0.019252
1371714005.019306 0.594936 -0.300878 0.046184 -0.008633
1371714005.054658 0.598853 -0.302916 0.069617 -0.028844
1371714005.085676 0.597130 -0.304715 0.061851 -0.026301
1371714005.131360 0.597321 -0.306152 0.051080 -0.025870
1371714005.151528 0.598119 -0.306869 0.040849 -0.022918
1371714005.188364 0.599119 -0.309597 0.040913 -0.041015
1371714005.220271 0.597656 -0.307886 0.014363 -0.007706
1371714005.255374 0.596452 -0.307095 -0.005930 0.013984
1371714005.290033 0.597177 -0.308887 -0.001002 -0.007094
1371714005.316827 0.592476 -0.307652 -0.029505 0.016828
1371714005.351676 0.592257 -0.305023 -0.043229 0.037206
1371714005.387560 0.589734 -0.301026 -0.061510 0.071552
1371714005.419872 0.588969 -0.299027 -0.058400 0.070944
