1371713856.510552 1.535645 -0.220840 0.000755 -0.010798
1371713856.538369 1.540310 -0.220766 0.007164 -0.013582
1371713856.570745 1.539458 -0.219228 0.008263 -0.000403
1371713856.602896 1.541165 -0.221558 0.013644 -0.011478
1371713856.639030 1.535645 -0.220840 0.006083 -0.004048
1371713856.670832 1.539948 -0.218288 0.006167 0.013473
1371713856.701821 1.542718 -0.220681 0.013216 -0.000190
1371713856.738848 1.536344 -0.221803 0.006977 -0.007858
1371713856.769025 1.534804 -0.224982 0.001627 -0.029232
1371713856.811142 1.524624 -0.224091 -0.021873 -0.018034
1371713856.840608 1.533405 -0.224143 -0.021873 -0.018034
1371713856.878827 1.532676 -0.224744 -0.021873 -0.018034
1371713857.047296 1.545038 -0.217398 0.000000 0.000000
1371713857.076314 1.536551 -0.219160 -0.254548 -0.052853
1371713857.113158 1.542760 -0.218788 -0.076240 -0.026774
1371713857.146690 1.538552 -0.219845 -0.067923 -0.024797
1371713857.177198 1.539348 -0.220626 -0.052881 -0.025628
1371713857.210620 1.539886 -0.219087 -0.042183 -0.010297
1371713857.249086 1.533922 -0.218535 -0.049325 0.004143
1371713857.279078 1.540038 -0.218396 -0.036761 0.004393
1371713857.313546 1.542238 -0.221047 -0.021573 -0.016214
1371713857.346726 1.538552 -0.219845 -0.019372 -0.010323
1371713857.388165 1.538655 -0.218529 -0.017708 0.002606
1371713857.410493 1.539348 -0.220626 -0.012421 -0.007592
1371713857.446413 1.538713 -0.221288 -0.009281 -0.014032
1371713857.480520 1.530482 -0.216015 -0.024270 0.027597
1371713857.516312 1.535197 -0.217906 -0.022050 0.020834
1371713857.546262 1.540369 -0.220020 -0.008997 -0.004718
1371713857.580475 1.537274 -0.218662 -0.006731 -0.002380
1371713857.618115 1.536051 -0.216825 -0.008055 0.012136
1371713857.652132 1.538497 -0.219089 -0.001929 -0.001787
1371713857.678125 1.527887 -0.217218 -0.017407 0.013370
1371713857.714416 1.529299 -0.217278 -0.023707 0.013946
1371713857.749577 1.539348 -0.220626 -0.007097 -0.019240
1371713857.780333 1.541823 -0.221365 0.007517 -0.034565
1371713857.815454 1.542718 -0.220681 0.016718 -0.028404
1371713857.848545 1.536505 -0.219742 0.010706 -0.008070
1371713857.878146 1.525006 -0.216878 -0.014809 0.029427
1371713857.920064 1.538017 -0.219019 -0.005945 0.012721
1371713857.957246 1.550135 -0.222714 0.022881 -0.029783
1371713857.980297 1.539917 -0.218687 0.019324 -0.004541
1371713858.014213 1.539293 -0.221326 0.017555 -0.010168
1371713858.049144 1.547983 -0.222759 0.030313 -0.025612
1371713858.080655 1.539458 -0.219228 0.019570 0.004719
1371713858.120796 1.537594 -0.219343 0.009321 0.016440
1371713858.148486 1.550336 -0.220153 0.024254 0.002779
1371713858.188167 1.535385 -0.220563 0.008195 0.005952
1371713858.224160 1.536551 -0.219160 -0.002067 0.013850
1371713858.257954 1.538830 -0.219797 -0.004118 0.007601
1371713858.289675 1.541139 -0.217837 -0.002941 0.014563
1371713858.327642 1.533989 -0.217677 -0.013409 0.020349
1371713858.356940 1.527318 -0.216323 -0.031359 0.031239
1371713858.390043 1.532938 -0.215937 -0.031624 0.025658
1371713858.429547 1.527327 -0.218877 -0.036800 0.001401
1371713858.496794 1.529730 -0.216943 -0.036800 0.001401
1371713858.526776 1.528503 -0.216896 -0.036800 0.001401
1371713858.665632 1.548492 -0.216266 0.000000 0.000000
1371713858.696632 1.532006 -0.219981 -0.494441 -0.111447
1371713858.730440 1.522989 -0.217733 -0.405961 -0.020658
1371713858.767485 1.535820 -0.218607 -0.220793 -0.027481
1371713858.800405 1.538552 -0.219845 -0.135144 -0.036224
1371713858.838061 1.534022 -0.217249 -0.109181 -0.011541
1371713858.865809 1.530060 -0.219900 -0.097644 -0.017709
1371713858.902521 1.535619 -0.219649 -0.074796 -0.020228
1371713858.936316 1.539458 -0.219228 -0.051571 -0.017864
1371713858.968942 1.539886 -0.219087 -0.034358 -0.012896
1371713859.000579 1.538497 -0.219089 -0.023816 -0.007279
1371713859.043728 1.539348 -0.220626 -0.012916 -0.014438
1371713859.070157 1.540369 -0.220020 -0.004208 -0.010695
1371713859.102651 1.530255 -0.217684 -0.016172 0.016468
1371713859.138992 1.534738 -0.217605 -0.014768 0.019997
1371713859.171723 1.536688 -0.217415 -0.009281 0.016538
1371713859.204573 1.540929 -0.219086 0.003541 -0.002666
1371713859.239498 1.536524 -0.219509 0.004403 -0.008826
1371713859.268962 1.542785 -0.219818 0.014878 -0.015765
1371713859.305424 1.515287 -0.218717 -0.026994 0.013377
1371713859.342455 1.538207 -0.219249 -0.013386 -0.000840
1371713859.370583 1.537421 -0.219476 -0.004889 -0.007137
1371713859.406453 1.541269 -0.220239 0.007774 -0.015703
1371713859.440759 1.527887 -0.217218 -0.009191 0.014961
1371713859.469912 1.533316 -0.217819 -0.009191 0.014961
1371713859.506808 1.539166 -0.215508 0.001686 0.023419
1371713859.538007 1.532335 -0.216010 -0.003399 0.022111
1371713859.568989 1.525167 -0.217161 -0.017342 0.014015
1371713859.607163 1.525493 -0.213002 -0.027669 0.034302
1371713859.637657 1.552392 -0.216819 0.014836 -0.011017
1371713859.675072 1.536174 -0.216473 0.014836 -0.011017
1371713859.709532 1.544684 -0.214780 0.029051 -0.002128
1371713859.739111 1.525694 -0.213020 0.000289 0.025410
1371713859.772700 1.530448 -0.214955 -0.006122 0.013239
1371713859.810591 1.540089 -0.214559 0.005617 0.000753
1371713859.843018 1.539166 -0.215508 0.011998 -0.009594
1371713859.881583 1.521090 -0.214087 -0.016299 0.011631
1371713859.910415 1.538137 -0.215425 -0.004187 -0.005319
1371713859.950014 1.532119 -0.212334 -0.008468 0.014354
1371713859.980664 1.525384 -0.214388 -0.019745 0.009752
1371713860.011245 1.527140 -0.215470 -0.022613 -0.003674
1371713860.054460 1.532146 -0.216199 -0.015081 -0.017340
1371713860.082356 1.521725 -0.212468 -0.030149 0.013456
1371713860.121622 1.525420 -0.213926 -0.030052 0.008954
1371713860.146961 1.527632 -0.214990 -0.023788 -0.004248
1371713860.183998 1.522139 -0.214125 -0.028655 0.000831
1371713860.215894 1.527271 -0.213805 -0.021799 0.000244
1371713860.250014 1.536907 -0.214622 0.000654 -0.012574
1371713860.281538 1.522557 -0.213985 -0.009047 0.000539
1371713860.318179 1.533579 -0.216712 0.005790 -0.021059
1371713860.351266 1.534479 -0.215969 0.015256 -0.020024
1371713860.386694 1.534392 -0.217085 0.021194 -0.021781
1371713860.421233 1.535533 -0.215681 0.024445 -0.008360
1371713860.448684 1.533579 -0.216712 0.023148 -0.005857
1371713860.488727 1.534479 -0.215969 0.021909 0.001242
1371713860.527339 1.533499 -0.217725 0.019800 -0.006687
1371713860.548601 1.531380 -0.217931 0.013326 -0.007842
1371713860.589192 1.542385 -0.219178 0.027052 -0.022715
1371713860.615079 1.531359 -0.218153 0.014765 -0.007648
1371713860.658117 1.546145 -0.221142 0.032683 -0.030585
1371713860.686549 1.536907 -0.214622 0.021960 0.018515
1371713860.716157 1.535686 -0.218791 0.016429 0.007301
1371713860.750818 1.529820 -0.216428 -0.000198 0.021287
1371713860.784582 1.534738 -0.217605 -0.001469 0.010083
1371713860.818150 1.538207 -0.219249 0.004505 -0.010167
1371713860.850760 1.533420 -0.218739 -0.001105 -0.008861
1371713860.889948 1.541106 -0.218268 0.007363 -0.009055
1371713860.915719 1.540773 -0.224800 0.017248 -0.049682
1371713860.951052 1.535425 -0.220055 0.007478 -0.018818
1371713860.982705 1.534555 -0.219929 -0.000474 -0.001037
1371713861.021923 1.538050 -0.221245 0.001570 -0.005314
1371713861.050321 1.536688 -0.217415 -0.002329 0.020747
1371713861.085129 1.528565 -0.218242 -0.016498 0.026797
1371713861.124425 1.542348 -0.219646 -0.000477 0.003022
1371713861.155741 1.539376 -0.220277 0.005325 -0.008676
1371713861.188405 1.529723 -0.219214 -0.008645 0.003035
1371713861.219545 1.533790 -0.222698 -0.007714 -0.019874
1371713861.303119 1.535686 -0.218791 -0.007800 -0.000237
1371713861.326202 1.522394 -0.216060 -0.030990 0.035529
1371713861.363146 1.533579 -0.216712 -0.023717 0.027657
1371713861.390733 1.544469 -0.221372 0.004553 -0.020656
1371713861.429041 1.533579 -0.216712 -0.000131 0.004560
1371713861.458146 1.538947 -0.218305 0.007804 -0.001061
1371713861.498706 1.535686 -0.218791 0.007534 -0.003447
1371713861.527745 1.535686 -0.218791 0.007534 -0.003447
1371713861.567611 1.525102 -0.217992 0.000000 0.000000
1371713861.600457 1.551707 -0.218351 0.797954 -0.010801
1371713861.635912 1.543544 -0.219346 0.372197 -0.002942
1371713861.668814 1.536615 -0.218346 0.196339 0.018372
1371713861.698339 1.521440 -0.215212 0.061254 0.053713
1371713861.734943 1.537038 -0.212946 0.059975 0.058998
1371713861.768160 1.539677 -0.216430 0.064497 0.023825
1371713861.805377 1.540116 -0.210834 0.059631 0.043378
1371713861.847814 1.537199 -0.210898 0.049307 0.044301
1371713861.870504 1.534420 -0.209337 0.035547 0.048002
1371713861.910302 1.528547 -0.206573 0.014456 0.061710
1371713861.936746 1.530648 -0.205863 0.004418 0.056248
1371713861.976793 1.525052 -0.202237 -0.013129 0.069338
1371713862.005926 1.530910 -0.202526 -0.012873 0.052142
1371713862.039802 1.528347 -0.203201 -0.015177 0.030564
1371713862.078975 1.528937 -0.198333 -0.018346 0.046867
1371713862.108957 1.528399 -0.200318 -0.017529 0.029444
1371713862.150596 1.530441 -0.198719 -0.013748 0.024896
1371713862.176453 1.528476 -0.197453 -0.014065 0.027150
1371713862.210313 1.528039 -0.196677 -0.014065 0.027150
1371713862.245611 1.524856 -0.194590 -0.020251 0.037605
1371713862.280015 1.532149 -0.195774 -0.007549 0.019055
1371713862.309977 1.529099 -0.193612 -0.006003 0.024239
1371713862.357224 1.532047 -0.194560 0.001496 0.012514
1371713862.378586 1.519350 -0.193528 -0.015360 0.020684
1371713862.412312 1.519612 -0.192380 -0.025531 0.025836
1371713862.448547 1.522188 -0.196883 -0.022913 -0.010833
1371713862.478133 1.531259 -0.198078 -0.005923 -0.037377
1371713862.515641 1.526797 -0.196370 -0.004142 -0.024730
1371713862.554603 1.517649 -0.196842 -0.017819 -0.011246
1371713862.582651 1.522144 -0.197436 -0.018001 -0.011293
1371713862.617156 1.531346 -0.196966 -0.002445 -0.012108
1371713862.651458 1.521581 -0.198168 -0.007260 -0.010790
1371713862.679577 1.521581 -0.198168 -0.007260 -0.010790
1371713862.716186 1.519130 -0.197224 0.000000 0.000000
1371713862.748453 1.524402 -0.197734 0.158123 -0.015317
1371713862.783045 1.519130 -0.197224 0.028595 0.006071
1371713862.819552 1.526840 -0.195815 0.059359 0.017177
1371713862.849185 1.524402 -0.197734 0.048633 0.001759
1371713862.882586 1.518447 -0.193884 0.019745 0.028077
1371713862.915216 1.523062 -0.195415 0.018913 0.018093
1371713862.952046 1.515540 -0.194896 0.001738 0.018686
1371713862.983617 1.521821 -0.195098 0.004181 0.009027
1371713863.022038 1.515324 -0.197647 -0.003912 -0.009549
1371713863.047253 1.518515 -0.196298 -0.005439 -0.008199
1371713863.084456 1.522645 -0.196334 0.000377 -0.009007
1371713863.121031 1.519454 -0.193086 -0.003059 0.016939
1371713863.151228 1.527014 -0.193598 0.008509 0.014804
1371713863.186782 1.519562 -0.191707 0.003046 0.028897
1371713863.220493 1.520629 -0.187755 -0.000396 0.053776
1371713863.251825 1.509808 -0.188599 -0.018380 0.052753
1371713863.287436 1.510753 -0.184228 -0.029778 0.068264
1371713863.322362 1.505197 -0.183881 -0.043682 0.063823
1371713863.358080 1.503676 -0.181467 -0.053720 0.063516
1371713863.389055 1.504223 -0.180545 -0.056015 0.053444
1371713863.429322 1.494801 -0.178080 -0.071112 0.058738
1371713863.451719 1.499326 -0.175637 -0.069988 0.059303
1371713863.493511 1.505798 -0.176211 -0.053026 0.036844
1371713863.520022 1.498981 -0.174869 -0.050510 0.032378
1371713863.557202 1.489451 -0.168804 -0.064816 0.069594
1371713863.587315 1.496182 -0.168741 -0.057439 0.062895
1371713863.621098 1.479342 -0.164400 -0.079003 0.084784
1371713863.660524 1.479822 -0.164355 -0.086252 0.071578
1371713863.685957 1.482711 -0.165898 -0.079587 0.035791
1371713863.736348 1.483614 -0.163214 -0.071175 0.030179
1371713863.759084 1.473562 -0.161681 -0.078809 0.036361
1371713863.796962 1.460457 -0.157577 -0.103368 0.064655
1371713863.830718 1.466037 -0.158601 -0.102116 0.047530
1371713863.862738 1.474559 -0.158017 -0.081207 0.027220
1371713863.896945 1.464294 -0.153989 -0.081757 0.045928
1371713863.927150 1.454448 -0.155172 -0.092308 0.038282
1371713863.963921 1.460789 -0.154131 -0.083600 0.028046
1371713863.997930 1.461248 -0.152726 -0.072676 0.025815
1371713864.027487 1.460935 -0.149661 -0.062777 0.039538
1371713864.067087 1.452873 -0.150102 -0.064810 0.036151
1371713864.103925 1.455874 -0.147221 -0.058387 0.043681
1371713864.130968 1.454835 -0.147873 -0.051091 0.031556
1371713864.170271 1.450266 -0.149163 -0.050006 0.012253
1371713864.198017 1.447097 -0.149236 -0.052217 0.002289
1371713864.235227 1.455804 -0.152565 -0.034230 -0.031151
1371713864.265017 1.457610 -0.154987 -0.017128 -0.054906
1371713864.307776 1.473646 -0.160612 0.024099 -0.099250
1371713864.330705 1.464854 -0.166013 0.036395 -0.124438
1371713864.369322 1.456556 -0.167408 0.025599 -0.108985
1371713864.398975 1.484004 -0.174443 0.066015 -0.142912
1371713864.431926 1.482403 -0.177646 0.085337 -0.142010
1371713864.470959 1.476538 -0.179443 0.081924 -0.115282
1371713864.498831 1.486345 -0.184063 0.093174 -0.114857
1371713864.531432 1.488607 -0.189548 0.100742 -0.125077
1371713864.581517 1.494178 -0.191775 0.107843 -0.117071
1371713864.602952 1.485346 -0.194870 0.091242 -0.099708
1371713864.640666 1.490354 -0.197409 0.083449 -0.089547
1371713864.673112 1.489127 -0.201459 0.072437 -0.090256
1371713864.706676 1.482761 -0.205208 0.050222 -0.089730
1371713864.736438 1.489248 -0.208357 0.043479 -0.094951
1371713864.774087 1.496719 -0.214922 0.051699 -0.124663
1371713864.812415 1.497861 -0.214588 0.051416 -0.105362
1371713864.843914 1.498640 -0.219334 0.051416 -0.105362
1371713864.872580 1.500354 -0.222846 0.051416 -0.105362
1371713865.415111 1.489272 -0.176440 0.000000 0.000000
1371713865.452221 1.482328 -0.170787 -0.208263 0.169572
1371713865.481012 1.480101 -0.163137 -0.151112 0.199725
1371713865.514375 1.476462 -0.156426 -0.135766 0.202642
1371713865.562540 1.473394 -0.150258 -0.125948 0.197859
1371713865.584760 1.478433 -0.145752 -0.093818 0.177376
1371713865.621968 1.472024 -0.138224 -0.088780 0.183260
1371713865.650425 1.444972 -0.124534 -0.137834 0.249939
1371713865.689440 1.457077 -0.119935 -0.132853 0.240441
1371713865.719434 1.458176 -0.113645 -0.120032 0.222375
1371713865.756181 1.453020 -0.106176 -0.113912 0.216600
1371713865.788296 1.456829 -0.101461 -0.096872 0.193963
1371713865.827016 1.453563 -0.095414 -0.085446 0.182750
1371713865.859034 1.451591 -0.086545 -0.076834 0.198082
1371713865.893109 1.434244 -0.079557 -0.095351 0.211626
1371713865.929002 1.439707 -0.073908 -0.093277 0.203819
1371713865.959689 1.437111 -0.069300 -0.090655 0.185178
1371713865.992542 1.436130 -0.062600 -0.085687 0.181387
1371713866.028153 1.433258 -0.058411 -0.082039 0.166780
1371713866.069033 1.421735 -0.049630 -0.094829 0.186182
1371713866.096608 1.426705 -0.045656 -0.089588 0.175815
1371713866.133301 1.424410 -0.040547 -0.084804 0.166444
1371713866.162667 1.427801 -0.034980 -0.071093 0.162207
1371713866.194937 1.421126 -0.030253 -0.068884 0.156408
1371713866.229017 1.407097 -0.023786 -0.087475 0.164526
1371713866.267594 1.411421 -0.020533 -0.087742 0.150684
1371713866.297589 1.410096 -0.014897 -0.085199 0.149776
1371713866.341913 1.412785 -0.010048 -0.074082 0.148149
1371713866.365055 1.406701 -0.004840 -0.072556 0.149661
1371713866.401093 1.404392 0.000155 -0.071331 0.150286
1371713866.434436 1.400668 0.005455 -0.072771 0.152615
1371713866.466767 1.395920 0.010473 -0.077781 0.152912
1371713866.499076 1.396976 0.014765 -0.075040 0.147345
1371713866.530675 1.391412 0.019199 -0.078471 0.141573
1371713866.571767 1.383203 0.023290 -0.090601 0.134351
1371713866.597699 1.383911 0.027802 -0.092287 0.132320
1371713866.634497 1.385166 0.033264 -0.085678 0.139783
1371713866.666407 1.376775 0.036289 -0.091260 0.129785
1371713866.699393 1.369892 0.041215 -0.101559 0.129891
1371713866.734521 1.374473 0.045117 -0.094708 0.128247
1371713866.767496 1.377525 0.052329 -0.078263 0.150387
1371713866.799505 1.368174 0.053575 -0.080346 0.129325
1371713866.836224 1.360935 0.060660 -0.088624 0.140920
1371713866.864554 1.358907 0.063195 -0.093574 0.129571
1371713866.901797 1.353551 0.067258 -0.100816 0.122921
1371713866.933387 1.358880 0.069962 -0.090643 0.112753
1371713866.968399 1.355654 0.074705 -0.083494 0.116090
1371713866.999745 1.351279 0.077145 -0.082089 0.106121
1371713867.037873 1.348818 0.080499 -0.080504 0.101164
1371713867.068937 1.339697 0.085044 -0.090444 0.105781
1371713867.100028 1.330337 0.088867 -0.108756 0.107513
1371713867.148573 1.333762 0.092162 -0.108402 0.109031
1371713867.169683 1.337942 0.096592 -0.093731 0.118620
1371713867.207132 1.333064 0.098728 -0.088057 0.107569
1371713867.240887 1.328662 0.101384 -0.087047 0.095836
1371713867.271179 1.322741 0.105928 -0.090893 0.100273
1371713867.307771 1.316914 0.106402 -0.100232 0.079184
1371713867.339374 1.317651 0.107002 -0.099391 0.058317
1371713867.372145 1.314656 0.106330 -0.098896 0.031132
1371713867.410506 1.315648 0.107823 -0.089786 0.026671
1371713867.450110 1.310966 0.107911 -0.087006 0.017975
1371713867.473021 1.314132 0.107537 -0.074187 0.010263
1371713867.509579 1.309847 0.104637 -0.070032 -0.018222
1371713867.541320 1.314042 0.106920 -0.053272 -0.003813
1371713867.577042 1.315339 0.108497 -0.035848 0.015287
1371713867.610497 1.310754 0.103843 -0.033008 -0.018763
1371713867.640453 1.320660 0.107168 -0.008496 0.003630
1371713867.689641 1.314036 0.106311 -0.004543 0.000937
1371713867.714202 1.311378 0.105828 -0.006669 -0.005175
1371713867.751589 1.312432 0.106585 -0.005159 0.000248
1371713867.782560 1.308232 0.105985 -0.012017 -0.004272
1371713867.818666 1.311815 0.108233 -0.007975 0.014120
1371713867.847936 1.316116 0.105803 0.001289 0.000997
1371713867.888178 1.309232 0.107776 -0.004001 0.007363
1371713867.918414 1.314486 0.108676 0.002514 0.017259
1371713867.962370 1.314617 0.107187 0.005787 0.005188
1371713867.983735 1.315389 0.107024 0.009194 -0.001547
1371713868.020530 1.313514 0.106880 0.007602 -0.005803
1371713868.055091 1.317655 0.107738 0.014273 0.002402
1371713868.088666 1.315853 0.107583 0.014273 0.002402
1371713868.122370 1.318376 0.107449 0.018691 0.001660
1371713868.150547 1.311786 0.106737 0.006416 -0.007208
1371713868.181734 1.312175 0.109006 0.000892 0.008653
1371713868.221359 1.314135 0.107250 -0.000427 0.000079
1371713868.250616 1.310837 0.107645 -0.006921 -0.001599
1371713868.285556 1.326188 0.109621 0.017912 0.020548
1371713868.328077 1.314459 0.107492 0.010499 0.001040
1371713868.357015 1.307635 0.107757 -0.007276 -0.007496
1371713868.390078 1.311550 0.108024 -0.011022 -0.004264
1371713868.422069 1.315372 0.106800 -0.006395 -0.009176
1371713868.453231 1.318803 0.107026 0.003785 -0.005398
1371713868.487151 1.312329 0.106789 -0.001634 -0.007768
1371713868.518712 1.314648 0.108698 0.000239 0.008907
1371713868.557806 1.306532 0.107188 -0.014920 -0.002483
1371713868.586130 1.315067 0.108121 -0.007623 0.005662
1371713868.625950 1.314740 0.107399 -0.003456 0.001565
1371713868.653100 1.313424 0.108170 -0.002411 0.004818
1371713868.689186 1.317212 0.110207 0.006263 0.021895
1371713868.723037 1.316418 0.108183 0.008515 0.006729
1371713868.759060 1.314075 0.108470 0.005577 0.000377
1371713868.789971 1.322170 0.108268 0.018133 0.000238
1371713868.832511 1.311623 0.109639 0.006767 0.004847
1371713868.854464 1.312123 0.106155 -0.002059 -0.020443
1371713868.891157 1.319623 0.108432 0.007805 -0.003667
1371713868.922925 1.320018 0.109216 0.014726 0.009096
1371713868.953240 1.314559 0.108758 0.007742 0.005061
1371713868.988827 1.321568 0.108763 0.015454 0.005728
1371713869.022424 1.319002 0.109559 0.015307 0.008865
1371713869.055592 1.317548 0.106669 0.010127 -0.014818
1371713869.091270 1.316543 0.110108 0.006606 0.005548
1371713869.125049 1.317697 0.107591 0.004091 -0.006747
1371713869.159376 1.316446 0.108545 0.000669 -0.002976
1371713869.189022 1.317769 0.109189 0.001013 0.004673
1371713869.227545 1.322270 0.109541 0.009306 0.011029
1371713869.260513 1.317051 0.108155 0.003804 -0.002629
1371713869.302359 1.315347 0.107861 -0.003046 -0.009871
1371713869.328373 1.316886 0.108689 -0.003907 -0.002875
1371713869.362660 1.313637 0.108446 -0.010502 -0.002872
1371713869.393371 1.318407 0.107841 -0.005767 -0.004118
1371713869.428253 1.317851 0.109555 -0.002290 0.009039
1371713869.460798 1.313755 0.108206 -0.008496 -0.000548
1371713869.494270 1.317104 0.108828 -0.005450 0.002645
1371713869.534183 1.309523 0.107728 -0.017717 -0.008713
1371713869.575245 1.314837 0.107388 -0.014793 -0.010102
1371713869.598955 1.323752 0.108795 0.005192 0.006785
1371713869.635210 1.325144 0.109169 0.020606 0.014151
1371713869.666590 1.319179 0.108878 0.018327 0.007613
1371713869.700631 1.317108 0.108873 0.011896 0.002081
1371713869.734892 1.315478 0.107243 0.003217 -0.013473
1371713869.765966 1.314847 0.108308 -0.002922 -0.007903
1371713869.798144 1.306944 0.107438 -0.022009 -0.013954
1371713869.836775 1.316539 0.108887 -0.014667 0.003580
1371713869.871228 1.324597 0.108908 0.005320 0.013053
1371713869.898795 1.317727 0.108328 0.005325 0.005095
1371713869.933273 1.315648 0.107823 0.001064 -0.003923
1371713869.970521 1.323726 0.110324 0.014438 0.016389
1371713870.008745 1.321038 0.108209 0.015902 0.002051
1371713870.032056 1.313217 0.107069 0.001269 -0.016231
1371713870.068716 1.316108 0.108753 -0.001793 -0.004460
1371713870.100919 1.322953 0.109251 0.008755 0.007989
1371713870.138133 1.313393 0.108254 -0.003145 -0.001843
1371713870.166570 1.322497 0.109826 0.006797 0.011472
1371713870.199166 1.318247 0.107764 0.003860 -0.004354
1371713870.232866 1.304901 0.107879 -0.022765 -0.014503
1371713870.269805 1.317830 0.109647 -0.013877 0.005892
1371713870.304476 1.319680 0.109158 -0.004521 0.009086
1371713870.337226 1.316095 0.109553 -0.004521 0.009086
1371713870.370291 1.317041 0.108018 -0.002955 -0.004962
1371713870.402029 1.313228 0.107935 -0.009072 -0.008625
1371713870.452751 1.314020 0.109588 -0.009618 0.005140
1371713870.475999 1.313069 0.108134 -0.012230 -0.002368
1371713870.511036 1.317830 0.108489 -0.004191 0.000722
1371713870.540699 1.316576 0.109622 -0.000333 0.009480
1371713870.577933 1.320823 0.105876 0.008045 -0.016012
1371713870.609099 1.327432 0.107654 0.026798 -0.005238
1371713870.644181 1.317995 0.107775 0.020486 -0.004320
1371713870.679653 1.313396 0.107277 0.006234 -0.008944
1371713870.711717 1.312287 0.107452 -0.005453 -0.007318
1371713870.750721 1.312917 0.108001 -0.011465 -0.000090
1371713870.776040 1.315147 0.108656 -0.010556 0.008864
1371713870.811110 1.314188 0.109905 -0.010823 0.018990
1371713870.849483 1.313304 0.108632 -0.013149 0.008111
1371713870.878392 1.311546 0.108662 -0.017006 0.001767
1371713870.919159 1.308907 0.109111 -0.023100 0.001511
1371713870.946091 1.312322 0.107899 -0.020040 -0.005942
1371713870.980689 1.309903 0.108223 -0.020783 -0.005636
1371713871.011194 1.307260 0.107034 -0.025364 -0.013978
1371713871.045595 1.317095 0.108716 -0.007605 0.004285
1371713871.080191 1.320895 0.108350 0.011072 0.008577
1371713871.111841 1.313214 0.107755 0.008453 -0.000736
1371713871.148018 1.301908 0.106905 -0.015094 -0.015769
1371713871.180319 1.309470 0.105871 -0.015671 -0.020608
1371713871.212107 1.317668 0.107574 0.001153 -0.000332
1371713871.248167 1.315545 0.108099 0.008342 0.009705
1371713871.277557 1.320123 0.106665 0.019984 0.001958
1371713871.319006 1.317818 0.107880 0.023149 0.006096
1371713871.355883 1.320964 0.107264 0.029139 0.002480
1371713871.376613 1.325747 0.107819 0.040434 0.006310
1371713871.415592 1.328178 0.108231 0.050048 0.009435
1371713871.446645 1.316356 0.108073 0.031430 0.000491
1371713871.478481 1.319066 0.109470 0.022923 0.008840
1371713871.514083 1.318000 0.108526 0.013007 0.001972
1371713871.554287 1.313444 0.107890 -0.003070 -0.007908
1371713871.579716 1.313005 0.107028 -0.014532 -0.015735
1371713871.616341 1.316506 0.110365 -0.012751 0.012558
1371713871.653148 1.306170 0.106476 -0.032755 -0.014261
1371713871.691187 1.279654 0.103452 -0.095370 -0.055015
1371713871.719294 1.245855 0.098853 -0.198001 -0.103858
1371713871.753077 1.223643 0.094206 -0.296241 -0.134679
1371713871.784645 1.194865 0.091625 -0.398517 -0.136662
1371713871.821144 1.171416 0.087364 -0.486548 -0.136808
1371713871.856678 1.144598 0.084041 -0.566328 -0.129331
1371713871.890491 1.122979 0.081367 -0.623733 -0.112466
1371713871.928804 1.101196 0.078801 -0.663205 -0.095945
1371713871.956031 1.079963 0.074312 -0.687840 -0.100163
1371713871.996175 1.058796 0.070803 -0.699876 -0.101628
1371713872.022933 1.034851 0.066912 -0.709223 -0.106504
1371713872.061011 1.013790 0.063464 -0.709136 -0.105806
1371713872.091822 0.987517 0.060449 -0.715122 -0.102054
1371713872.124081 0.964731 0.057412 -0.716324 -0.096997
1371713872.157552 0.935393 0.053300 -0.730957 -0.105880
1371713872.195915 0.918065 0.049307 -0.722467 -0.109808
1371713872.226953 0.889368 0.046072 -0.728782 -0.108743
1371713872.257968 0.864954 0.041948 -0.733163 -0.113258
1371713872.296594 0.836547 0.038327 -0.746490 -0.114241
1371713872.326282 0.814606 0.034426 -0.746490 -0.114241
1371713872.367527 0.789723 0.030618 -0.746490 -0.114241
1371713874.835099 0.216963 -0.355100 -0.746490 -0.114241
1371713874.866377 0.216189 -0.357145 0.000000 0.000000
1371713874.899997 0.215282 -0.358177 -0.027215 -0.030941
1371713874.934901 0.214682 -0.358811 -0.022482 -0.025843
1371713874.971694 0.213932 -0.359075 -0.024136 -0.019054
1371713874.999806 0.213635 -0.360009 -0.016763 -0.022061
1371713875.035150 0.221059 -0.354028 0.048756 -0.004177
1371713875.072036 0.234070 -0.341526 0.136568 0.056800
1371713875.098367 0.253147 -0.321792 0.238955 0.171789
1371713875.134509 0.279644 -0.294509 0.364903 0.338574
1371713875.166622 0.305814 -0.268963 0.488162 0.493073
1371713875.202861 0.333080 -0.247365 0.614399 0.565995
1371713875.233359 0.358446 -0.225438 0.695282 0.626263
1371713875.306489 0.408271 -0.183672 0.833629 0.811080
1371713875.348077 0.416585 -0.166633 0.833629 0.811080
1371713875.405502 0.444373 -0.139597 0.833629 0.811080
1371713878.855745 1.276574 0.836988 0.833629 0.811080
1371713878.884830 1.288368 0.853682 0.000000 0.000000
1371713878.924947 2.172542 1.620467 0.000000 0.000000
1371713878.954184 1.276205 0.862677 0.000000 0.000000
1371713878.982304 1.269286 0.865805 0.000000 0.000000
1371713879.024399 1.285616 0.882639 0.489889 0.505008
1371713879.049732 1.274707 0.881715 0.089456 0.199488
1371713879.086273 2.215035 1.655163 0.089456 0.199488
1371713879.123986 1.271498 0.892674 0.089456 0.199488
1371713879.152510 1.265607 0.893197 0.000000 0.000000
1371713879.194504 1.264713 0.898696 -0.026802 0.164952
1371713879.219883 1.263767 0.903831 -0.028203 0.159581
1371713879.253626 1.264443 0.911123 -0.011715 0.179425
1371713879.287729 1.249515 0.911075 -0.102937 0.118893
1371713879.319067 1.254959 0.918264 -0.082591 0.136037
1371713879.356234 1.247778 0.916306 -0.106776 0.098667
1371713879.389352 1.259901 0.935006 -0.021931 0.195884
1371713879.419018 1.250138 0.934561 -0.036687 0.179056
1371713879.456387 1.253458 0.942606 -0.021780 0.193596
1371713879.487284 1.246518 0.943340 -0.051171 0.156174
1371713879.521343 1.249524 0.952136 -0.037499 0.170149
1371713879.556735 1.247270 0.955353 -0.041268 0.161227
1371713879.590260 1.241181 0.955096 -0.072850 0.118700
1371713879.619188 1.237171 0.960139 -0.087846 0.102821
1371713879.656598 1.235666 0.964093 -0.087846 0.102821
1371713879.689398 1.235656 0.965164 -0.082681 0.098182
1371713879.719383 2.142103 1.596408 -0.082681 0.098182
1371713879.755454 2.228395 1.666365 0.000000 0.000000
1371713879.790253 2.228395 1.666365 0.000000 0.000000
1371713879.824252 1.231368 0.925067 0.000000 0.000000
1371713879.853641 1.226096 0.908376 0.000000 0.000000
1371713879.892902 1.232731 0.901351 0.199010 -0.210727
1371713879.924683 1.228735 0.883321 0.040562 -0.396135
1371713879.954859 1.228823 0.868218 0.010441 -0.432520
1371713879.986850 1.224495 0.851571 -0.025184 -0.464143
1371713880.024007 1.233373 0.850055 0.031183 -0.369012
1371713880.052722 1.269464 0.878740 0.272041 -0.043736
