1371710681.110020 0.075898 -0.355931 -0.001733 0.000727
1371710681.140035 0.075818 -0.356160 -0.001456 0.000380
1371710681.175199 0.075840 -0.356117 -0.000511 0.000269
1371710681.208390 0.076076 -0.356063 0.003078 0.000041
1371710681.239366 0.076638 -0.357347 0.012485 -0.007646
1371710681.271340 0.076272 -0.356096 -0.000668 -0.000841
1371710681.309159 0.075963 -0.355702 -0.006816 0.004173
1371710681.340518 0.075664 -0.355309 -0.008798 0.007558
1371710681.377012 0.075907 -0.356568 0.001619 -0.000228
1371710681.408203 0.099146 -0.346405 0.294618 -0.015874
1371710681.444226 0.125324 -0.332567 0.510769 0.048532
1371710681.475727 0.150182 -0.319965 0.615228 0.157021
1371710681.509526 0.175642 -0.307336 0.677976 0.254043
1371710681.540371 0.192773 -0.308289 0.677976 0.254043
1371710681.576055 0.215372 -0.299821 0.677976 0.254043
1371710686.706547 1.920225 0.586707 0.677976 0.254043
1371710686.730763 1.929417 0.587305 0.000000 0.000000
1371710686.768205 1.925517 0.590866 -0.116946 0.106794
1371710686.799500 1.935432 0.590156 0.049755 0.055121
1371710686.831221 1.935517 0.595430 0.060125 0.079104
1371710686.831221 1.937188 0.597314 0.060125 0.079104
1371710686.831221 1.939192 0.599950 0.060125 0.079104
1371710686.965021 1.857586 0.567369 0.000000 0.000000
1371710687.000633 1.887932 0.578883 0.910079 0.345488
1371710687.035396 1.900553 0.579946 0.686080 0.181126
1371710687.065969 1.883894 0.574901 0.383288 0.033010
1371710687.100397 1.893166 0.584502 0.308327 0.056362
1371710687.136307 1.876945 0.572839 0.188183 -0.039385
1371710687.174367 1.902365 0.582428 0.198370 0.003289
1371710687.200655 1.858210 0.568513 0.077470 -0.109750
1371710687.200655 1.891017 0.566857 0.077470 -0.109750
1371710687.269313 1.872269 0.573511 0.045459 -0.075828
1371710687.301298 1.876141 0.572246 0.033541 -0.055191
1371710687.336209 1.861260 0.569640 -0.002282 -0.069012
1371710687.370246 1.903160 0.582102 0.061527 0.055386
1371710687.370246 1.888188 0.577546 0.061527 0.055386
1371710687.370246 1.890239 0.579392 0.061527 0.055386
1371710687.504864 1.921313 0.573719 0.000000 0.000000
1371710687.600483 1.944728 0.575756 0.000000 0.000000
1371710687.644579 1.974658 0.586758 0.897559 0.330136
1371710687.668442 2.003914 0.591632 0.886186 0.242047
1371710687.705224 1.998187 0.586258 0.639997 0.087832
1371710687.737670 1.998024 0.583504 0.487236 0.000958
1371710687.767841 2.009792 0.586417 0.425855 -0.013679
1371710687.767841 2.034558 0.585198 0.425855 -0.013679
1371710687.835890 2.017683 0.586889 0.347457 -0.033232
1371710687.870001 2.020041 0.583797 0.298723 -0.054028
1371710687.909386 2.032374 0.587340 0.284596 -0.032856
1371710687.934431 2.037672 0.587203 0.270276 -0.022136
1371710687.968977 2.028563 0.584862 0.231498 -0.044924
1371710688.004582 2.049878 0.589604 0.234123 -0.006460
1371710688.037002 2.060399 0.594447 0.243060 0.040146
1371710688.037002 2.070167 0.591046 0.243060 0.040146
1371710688.037002 2.078269 0.592384 0.243060 0.040146
1371710688.236851 2.104757 0.606446 0.000000 0.000000
1371710688.270205 2.102313 0.607615 -0.073263 0.035069
1371710688.336567 2.124677 0.609269 0.000000 0.000000
1371710688.405692 2.135299 0.600077 0.000000 0.000000
1371710688.477400 2.144051 0.614263 0.000000 0.000000
1371710688.505465 2.141708 0.616941 -0.070243 0.080346
1371710688.541131 2.134681 0.610260 -0.131710 -0.054370
1371710688.581091 2.172141 0.615933 0.140587 0.022061
1371710688.605679 2.164854 0.620266 0.156324 0.054162
1371710688.640465 2.162910 0.617090 0.135482 0.032522
1371710688.672882 2.170929 0.614997 0.133068 0.010843
1371710688.708185 2.169758 0.620702 0.125689 0.022163
1371710688.738316 2.191609 0.617004 0.147325 0.023122
1371710688.769462 2.174431 0.615521 0.123283 -0.010091
1371710688.807995 2.168446 0.609908 0.089654 -0.060995
1371710688.840043 2.176718 0.614275 0.084227 -0.047479
1371710688.873097 2.189506 0.615119 0.095849 -0.018487
1371710688.910575 2.208303 0.619270 0.128011 0.033854
1371710688.937722 2.194858 0.610151 0.113568 -0.009961
1371710688.974528 2.199044 0.617285 0.114233 0.005721
1371710689.003661 2.190768 0.613398 0.092697 -0.018622
1371710689.048324 2.217353 0.622331 0.120768 0.040421
1371710689.073148 2.186949 0.612096 0.077450 -0.023226
1371710689.108247 2.200382 0.618124 0.072760 -0.007429
1371710689.138174 2.210962 0.623771 0.085750 0.037021
1371710689.172708 2.209555 0.621739 0.082597 0.038319
1371710689.210574 2.210089 0.626813 0.081117 0.054890
1371710689.240543 2.204423 0.618120 0.056558 0.004416
1371710689.276265 2.204775 0.617525 0.039206 -0.023761
1371710689.310370 2.218582 0.621820 0.051103 0.000529
1371710689.340610 2.245204 0.625678 0.095533 0.054899
1371710689.376263 2.217089 0.621225 0.074993 0.017384
1371710689.406882 2.201234 0.616558 0.031634 -0.043616
1371710689.406882 2.220214 0.616875 0.031634 -0.043616
1371710689.406882 2.221268 0.615422 0.031634 -0.043616
1371710689.517341 2.215370 0.614012 0.019174 -0.051084
1371710689.517341 2.220154 0.611565 0.019174 -0.051084
1371710689.517341 2.220793 0.609862 0.019174 -0.051084
1371710689.609858 2.203626 0.619388 -0.003172 -0.010439
1371710689.643957 2.194111 0.614319 -0.034408 -0.030594
1371710689.643957 2.205147 0.612399 -0.034408 -0.030594
1371710689.708308 2.196710 0.619940 -0.036611 0.007578
1371710689.746378 2.199079 0.625190 -0.030034 0.046371
1371710689.778708 2.209995 0.622521 -0.016010 0.055462
1371710689.778708 2.202332 0.625166 -0.016010 0.055462
1371710689.841140 2.219503 0.624418 0.009629 0.062099
1371710689.841140 2.208184 0.629000 0.009629 0.062099
1371710689.917085 2.199852 0.620727 -0.016760 -0.002579
1371710689.943202 2.173862 0.614083 -0.071164 -0.073519
1371710689.986888 2.204398 0.618666 -0.046374 -0.036386
1371710690.010109 2.206942 0.621188 -0.021938 0.002737
1371710690.047494 2.206288 0.624159 -0.004047 0.034599
1371710690.078580 2.206667 0.624033 0.005779 0.043446
1371710690.109713 2.196222 0.622896 -0.005470 0.023547
1371710690.148154 2.202172 0.622942 -0.004233 0.017476
1371710690.178631 2.207330 0.624968 0.006012 0.026758
1371710690.178631 2.202511 0.626137 0.006012 0.026758
1371710690.248109 2.194474 0.618885 -0.017130 -0.027396
1371710690.278593 2.209642 0.621031 0.000416 -0.011688
1371710690.308153 2.199345 0.612546 -0.011477 -0.053794
1371710690.352835 2.156881 0.576588 -0.104666 -0.284246
1371710690.375095 2.090968 0.527174 -0.275060 -0.659565
1371710690.410163 2.053679 0.490041 -0.429853 -0.929459
1371710690.454385 1.991256 0.449018 -0.606131 -1.145230
1371710690.454385 2.053535 0.412315 -0.606131 -1.145230
1371710690.519653 1.920967 0.389783 -0.785683 -1.159203
1371710690.546753 1.904551 0.363485 -0.867012 -1.074389
1371710690.580469 1.889095 0.339108 -0.895542 -0.960702
1371710690.611089 1.829434 0.306137 -0.961780 -0.936151
1371710690.642901 1.795938 0.280044 -1.007773 -0.892163
1371710690.678557 1.770860 0.251930 -1.027995 -0.854636
1371710690.710426 1.726089 0.221450 -1.059225 -0.856580
1371710690.749307 1.696079 0.193424 -1.073255 -0.849236
1371710690.779718 1.665633 0.164826 -1.075265 -0.844523
1371710690.850415 1.615624 0.110913 -1.092213 -1.017249
1371710690.881352 1.567627 0.077605 -1.128841 -1.084884
1371710690.916431 1.495282 0.019097 -1.198358 -1.268966
1371710690.956504 1.469842 -0.011304 -1.240463 -1.252701
1371710691.016894 1.436871 -0.042888 -1.261756 -1.173893
1371710691.048828 1.401823 -0.074722 -1.266657 -1.092845
1371710691.117335 1.330839 -0.137547 -1.282648 -1.242701
1371710691.148839 1.286758 -0.167796 -1.331206 -1.213448
1371710691.217985 1.226937 -0.231547 -1.347532 -1.360817
1371710691.250626 1.190588 -0.265504 -1.385145 -1.338741
1371710691.283657 1.153482 -0.309417 -1.385145 -1.338741
1371710691.283657 1.107311 -0.354042 -1.385145 -1.338741
1371710693.028311 1.457399 -0.400828 0.000000 0.000000
1371710693.056737 1.456584 -0.399088 -0.024443 0.052205
1371710693.089298 1.457144 -0.397709 -0.007026 0.045109
1371710693.125087 1.455380 -0.395317 -0.016508 0.055048
1371710693.156886 1.456062 -0.394736 -0.011848 0.045899
1371710693.189649 1.458514 -0.393406 -0.000814 0.038844
1371710693.227704 1.454394 -0.392118 -0.007269 0.041212
1371710693.258447 1.457622 -0.391110 -0.001896 0.035249
1371710693.289614 1.456461 -0.390908 -0.000252 0.028139
1371710693.327885 1.463901 -0.391732 0.017274 0.004102
1371710693.356591 1.467780 -0.391921 0.033542 -0.011084
1371710693.396812 1.457891 -0.388968 0.017867 0.020189
1371710693.425555 1.458283 -0.389171 0.010479 0.026322
1371710693.453956 1.457265 -0.389031 0.004296 0.025272
1371710693.489333 1.463660 -0.390019 0.014412 0.004177
1371710693.538458 1.489378 -0.371027 0.045706 0.088116
1371710693.557907 1.514199 -0.345457 0.094337 0.247093
1371710693.595133 1.530439 -0.321803 0.145554 0.402904
1371710693.625737 1.532180 -0.308767 0.180740 0.470145
1371710693.663825 1.544078 -0.295369 0.219360 0.479273
1371710693.696917 1.563386 -0.281783 0.267483 0.458993
1371710693.734360 1.568491 -0.267923 0.295069 0.447739
1371710693.758714 1.592605 -0.254263 0.336973 0.425070
1371710693.793349 1.595988 -0.237803 0.352289 0.439167
1371710693.830736 1.611429 -0.222547 0.368778 0.447135
1371710693.864309 1.628678 -0.211710 0.389805 0.421767
1371710693.898122 1.634276 -0.197848 0.392837 0.415674
1371710693.927723 1.652819 -0.186176 0.403780 0.396251
1371710693.967371 1.661835 -0.173212 0.404604 0.389501
1371710693.994041 1.673160 -0.159645 0.401725 0.391508
1371710694.028044 1.686085 -0.146760 0.399078 0.391387
1371710694.060644 1.700697 -0.133607 0.399078 0.391387
1371710694.095575 1.714000 -0.120560 0.399078 0.391387
1371710695.634983 2.053256 0.289990 0.399078 0.391387
1371710695.670014 2.057387 0.292902 0.000000 0.000000
1371710695.707835 2.058879 0.297575 0.044762 0.140172
1371710695.736449 2.046684 0.295656 -0.123940 0.040195
1371710695.767501 2.048725 0.295472 -0.101706 0.018207
1371710695.806969 2.022382 0.291712 -0.195655 -0.025618
1371710695.846236 2.043947 0.294884 -0.140728 -0.003555
1371710695.868723 2.043647 0.294432 -0.108565 0.005276
1371710695.906385 2.042807 0.295076 -0.087817 0.012876
1371710695.939929 2.020569 0.291314 -0.109941 -0.017677
1371710695.970605 2.027170 0.293519 -0.105863 -0.009782
1371710696.009138 2.018787 0.293063 -0.110118 -0.009914
1371710696.037662 2.016412 0.292579 -0.111371 -0.009878
1371710696.068511 2.005830 0.289891 -0.122507 -0.026959
1371710696.103809 2.014251 0.291936 -0.112062 -0.010514
1371710696.144306 2.003419 0.293906 -0.112677 0.004894
1371710696.174111 2.006503 0.290828 -0.107016 -0.001548
1371710696.218867 1.994306 0.289839 -0.114454 -0.015226
1371710696.239725 1.983940 0.288931 -0.128285 -0.027423
1371710696.276394 1.988544 0.292508 -0.123106 -0.002189
1371710696.309379 2.001285 0.293500 -0.097609 0.025301
1371710696.340308 1.998576 0.293755 -0.079720 0.033992
1371710696.377437 1.990472 0.292326 -0.075902 0.019743
1371710696.410707 1.987683 0.292157 -0.073426 0.008427
1371710696.444097 1.988569 0.291176 -0.067493 -0.001673
1371710696.475164 1.971588 0.293493 -0.081236 -0.002715
1371710696.514962 1.977174 0.291931 -0.080752 -0.005479
1371710696.539880 1.953424 0.288701 -0.111012 -0.037141
1371710696.575516 1.986412 0.296323 -0.076217 0.021781
1371710696.608404 1.972814 0.294529 -0.069848 0.026603
1371710696.641252 1.974096 0.296959 -0.059558 0.039353
1371710696.681137 1.956153 0.293002 -0.077776 0.005162
1371710696.718373 1.972218 0.297092 -0.061645 0.024238
1371710696.742382 1.970791 0.298047 -0.049823 0.033495
1371710696.779502 1.971405 0.299753 -0.038210 0.041938
1371710696.811241 1.972015 0.302074 -0.027011 0.051615
1371710696.844631 1.985416 0.304488 0.000204 0.068599
1371710696.884853 1.974996 0.305535 0.004410 0.061610
1371710696.910066 1.975972 0.303820 0.006432 0.038036
1371710696.944733 1.973571 0.303097 0.004039 0.014558
1371710696.975189 1.975679 0.304895 0.006808 0.012565
1371710697.017177 1.969995 0.305281 0.000848 0.007463
1371710697.045415 1.960251 0.302089 -0.018804 -0.020118
1371710697.079457 1.959185 0.304200 -0.030557 -0.016627
1371710697.114568 1.961445 0.304236 -0.034288 -0.009100
1371710697.149337 1.921921 0.294074 -0.097144 -0.086650
1371710697.180345 1.857507 0.277723 -0.236710 -0.237708
1371710697.224064 1.817635 0.267013 -0.379298 -0.335005
1371710697.245045 1.784263 0.258867 -0.505677 -0.367014
1371710697.281310 1.751494 0.250550 -0.615351 -0.362305
1371710697.312956 1.712699 0.241818 -0.719361 -0.347216
1371710697.350361 1.685517 0.234862 -0.794888 -0.309761
1371710697.381328 1.662742 0.229046 -0.840442 -0.260015
1371710697.416348 1.643333 0.220382 -0.860655 -0.231504
1371710697.444957 1.617640 0.212130 -0.871369 -0.220316
1371710697.478590 1.580457 0.203542 -0.893325 -0.228733
1371710697.518217 1.551776 0.195640 -0.906643 -0.232361
1371710697.556329 1.525316 0.188136 -0.909303 -0.229237
1371710697.580250 1.493159 0.180665 -0.914301 -0.227902
1371710697.615410 1.463037 0.173998 -0.916641 -0.220507
1371710697.649594 1.420849 0.163986 -0.940657 -0.243721
1371710697.681386 1.409201 0.160350 -0.918492 -0.207317
1371710697.731413 1.382515 0.150776 -0.898840 -0.211177
1371710697.753077 1.348030 0.142491 -0.894235 -0.225261
1371710697.787272 1.317156 0.136742 -0.891841 -0.218076
1371710697.822543 1.277988 0.125217 -0.910569 -0.253554
1371710697.854408 1.251608 0.118713 -0.913599 -0.248181
1371710697.886526 1.219480 0.109444 -0.919523 -0.254962
1371710697.919269 1.193145 0.101560 -0.914306 -0.249899
1371710697.951447 1.162711 0.093666 -0.910692 -0.244744
1371710697.987935 1.139550 0.086423 -0.893007 -0.232040
1371710698.020304 1.111033 0.078508 -0.878988 -0.229275
1371710698.053327 1.080517 0.069456 -0.872909 -0.241412
1371710698.091347 1.045863 0.063310 -0.880820 -0.231097
1371710698.118041 1.018087 0.054680 -0.882587 -0.235308
1371710698.159228 0.993265 0.044717 -0.873185 -0.254250
1371710698.188101 0.962137 0.035957 -0.872009 -0.263401
1371710698.238830 0.930460 0.028422 -0.877651 -0.255022
1371710698.259747 0.904751 0.020044 -0.872242 -0.250678
1371710698.292382 0.875033 0.011505 -0.870489 -0.251404
1371710698.326609 0.843798 0.003129 -0.875341 -0.251720
1371710698.360344 0.817243 -0.004396 -0.871328 -0.242988
1371710698.394794 0.787183 -0.012623 -0.871591 -0.241965
1371710698.429559 0.759611 -0.020827 -0.867340 -0.243419
1371710698.459590 0.731222 -0.030151 -0.862523 -0.256932
1371710698.494151 0.701767 -0.038446 -0.862523 -0.256932
1371710698.531684 0.673016 -0.047010 -0.862523 -0.256932
1371710705.058360 1.840138 0.247208 -0.862523 -0.256932
1371710705.086540 1.842288 0.247314 0.000000 0.000000
1371710705.136776 1.834488 0.249378 -0.233905 0.061909
1371710705.154577 1.822577 0.248275 -0.285392 0.012911
1371710705.195728 1.831820 0.249694 -0.166472 0.024879
1371710705.224947 1.819382 0.244457 -0.170763 -0.019823
1371710705.257453 1.832936 0.246798 -0.113676 -0.005751
1371710705.288591 1.822123 0.246908 -0.106161 -0.002359
1371710705.326888 1.833824 0.247089 -0.073696 0.008802
1371710705.359681 1.822069 0.244921 -0.072839 -0.006784
1371710705.394802 1.828811 0.246124 -0.057307 0.000381
1371710705.423026 1.830410 0.247347 -0.041789 0.012331
1371710705.458717 1.825349 0.246841 -0.037384 0.009379
1371710705.490888 1.816356 0.244132 -0.046775 -0.014722
1371710705.524448 1.810935 0.249980 -0.053794 0.010120
1371710705.559618 1.724871 0.243362 -0.192132 -0.076932
1371710705.594812 1.657698 0.238802 -0.385673 -0.162429
1371710705.623289 1.606677 0.238235 -0.576663 -0.186783
1371710705.664213 1.547204 0.234826 -0.776391 -0.200650
1371710705.695162 1.501538 0.232850 -0.944050 -0.181636
1371710705.724504 1.447225 0.230683 -1.099460 -0.159034
1371710705.769560 1.414998 0.228764 -1.193814 -0.115745
1371710705.803108 1.364360 0.225545 -1.281310 -0.099667
1371710705.825205 1.312573 0.226128 -1.355759 -0.069804
1371710705.859236 1.306985 0.225656 -1.324495 -0.003843
1371710705.895332 1.252281 0.225070 -1.329224 0.005714
1371710705.929360 1.190016 0.220505 -1.378692 -0.046479
1371710705.960067 1.109052 0.206739 -1.505069 -0.200360
1371710705.996043 1.049097 0.204130 -1.595577 -0.222847
1371710706.030376 0.982542 0.194454 -1.689303 -0.261121
1371710706.059609 0.946087 0.193957 -1.677583 -0.168504
1371710706.097601 0.910547 0.192484 -1.613932 -0.074623
1371710706.128548 0.877406 0.193765 -1.515814 0.014869
1371710706.198219 0.802803 0.194538 -1.538123 0.000393
1371710706.228312 0.764105 0.193510 -1.509195 0.009255
1371710706.296973 0.682114 0.193352 -1.614500 -0.055515
1371710706.327018 0.636008 0.191641 -1.630868 -0.046141
1371710706.401982 0.542131 0.187033 -1.838694 -0.169144
1371710706.425361 0.498755 0.178055 -1.838694 -0.169144
1371710706.496030 0.437465 0.172417 -1.838694 -0.169144
1371710714.342712 1.868274 0.159302 -1.838694 -0.169144
1371710714.370820 1.876915 0.160769 0.000000 0.000000
1371710714.404978 1.874644 0.160444 -0.068126 -0.009773
1371710714.437708 1.860690 0.157254 -0.210666 -0.055333
1371710714.470870 1.881660 0.158178 -0.042178 -0.026888
1371710714.507289 1.865175 0.157115 -0.066844 -0.025881
1371710714.538734 1.863967 0.159102 -0.070840 -0.007325
1371710714.576863 1.839291 0.153303 -0.125360 -0.040690
1371710714.610206 1.856308 0.154885 -0.110812 -0.029474
1371710714.639931 1.865310 0.157849 -0.081272 0.002965
1371710714.672119 1.866196 0.153670 -0.060429 -0.007166
1371710714.708047 1.850299 0.152679 -0.066122 -0.021625
1371710714.741503 1.846171 0.154041 -0.071458 -0.016199
1371710714.779582 1.850438 0.154396 -0.066178 -0.005903
1371710714.812709 1.849967 0.151795 -0.061262 -0.015092
1371710714.848888 1.858644 0.154150 -0.042336 0.001719
1371710714.881605 1.851662 0.153352 -0.036676 0.001444
1371710714.913390 1.842060 0.154259 -0.043555 0.003063
1371710714.949298 1.844242 0.155646 -0.043095 0.012913
1371710714.980703 1.857845 0.156125 -0.022683 0.023176
1371710715.014733 1.849807 0.157010 -0.017942 0.025073
1371710715.058636 1.839083 0.158144 -0.028430 0.023588
1371710715.079229 1.843592 0.162148 -0.026942 0.044333
1371710715.115922 1.842478 0.160365 -0.028117 0.033967
1371710715.147808 1.549654 0.083261 -0.028117 0.033967
1371710715.184901 1.461734 0.068206 0.000000 0.000000
1371710715.216651 1.461734 0.068206 0.000000 0.000000
1371710715.246089 1.461734 0.068206 0.000000 0.000000
1371710716.892458 1.825385 0.187948 0.000000 0.000000
1371710716.926578 1.817133 0.185857 0.000000 0.000000
1371710716.961434 1.819967 0.183868 0.084992 -0.059658
1371710716.997584 1.849480 0.192167 0.412291 0.101921
1371710717.028829 1.846353 0.192593 0.335036 0.085360
1371710717.060888 1.823768 0.189264 0.172527 0.025952
1371710717.100814 1.829065 0.185788 0.118583 -0.019600
1371710717.133202 1.837894 0.189458 0.109105 -0.008795
1371710717.160740 1.820587 0.185368 0.063348 -0.035622
1371710717.194555 1.841040 0.189756 0.071307 -0.005463
1371710717.228254 1.841177 0.188090 0.071508 -0.002215
1371710717.263626 1.832857 0.190528 0.057802 0.008988
1371710717.295161 1.841163 0.186740 0.055087 -0.006873
1371710717.328815 1.837391 0.186699 0.046113 -0.015241
1371710717.362022 1.829643 0.188456 0.028468 -0.009654
1371710717.397531 1.831241 0.187949 0.016433 -0.007475
1371710717.429904 1.830777 0.188353 0.006597 -0.002785
1371710717.462760 1.820822 0.186809 -0.015476 -0.013876
1371710717.502167 1.822679 0.185942 -0.027890 -0.019257
1371710717.528848 1.831752 0.187645 -0.021662 -0.002669
1371710717.569482 1.832346 0.191935 -0.013542 0.030900
1371710717.601534 1.815939 0.186113 -0.034500 -0.003026
1371710717.636504 1.824662 0.185297 -0.034943 -0.016532
1371710717.670728 1.822816 0.185490 -0.035523 -0.018280
1371710717.702144 1.837541 0.187297 -0.012711 0.002651
1371710717.740215 1.821619 0.185850 -0.019220 -0.005208
1371710717.766941 1.825124 0.188690 -0.016341 0.011409
1371710717.800815 1.817071 0.185167 -0.027165 -0.008206
1371710717.836563 1.823560 0.184920 -0.023971 -0.012713
1371710717.869877 1.819064 0.189495 -0.024209 0.013209
1371710717.900666 1.836274 0.192772 0.001186 0.049650
1371710717.935832 1.827163 0.186127 0.001863 0.011188
1371710717.969434 1.821915 0.188949 -0.003086 0.006599
1371710717.999611 1.830922 0.186623 0.005077 -0.006022
1371710718.047695 1.828970 0.190444 0.010293 0.011101
1371710718.066995 1.827252 0.185956 0.008381 -0.011407
1371710718.102497 1.835683 0.190318 0.021189 0.010797
1371710718.135108 1.821144 0.188292 0.007186 -0.001271
1371710718.170989 1.831791 0.186859 0.011502 -0.009360
1371710718.204746 1.820941 0.185754 -0.001281 -0.023012
1371710718.240990 1.844434 0.186978 0.023410 -0.005862
1371710718.270254 1.837550 0.187431 0.030539 0.001262
1371710718.307411 1.830098 0.190247 0.025018 0.016574
1371710718.339744 1.841692 0.189011 0.034630 0.017852
1371710718.374749 1.837336 0.189554 0.033842 0.015244
1371710718.408399 1.825557 0.185728 0.013353 -0.017629
1371710718.441509 1.818433 0.183634 -0.011728 -0.043709
1371710718.473609 1.838516 0.189953 0.003512 0.001183
1371710718.510492 1.825815 0.187934 -0.005896 0.002250
1371710718.549529 1.832425 0.188110 -0.003100 0.006776
1371710718.573686 1.832859 0.187325 -0.000947 0.002934
1371710718.608534 1.824736 0.187799 -0.010448 -0.000380
1371710718.637904 1.840676 0.189794 0.006434 0.017933
1371710718.679412 1.801479 0.184881 -0.040434 -0.026247
1371710718.708678 1.819881 0.186891 -0.042807 -0.017061
1371710718.740861 1.814044 0.186669 -0.050814 -0.013010
1371710718.776416 1.798085 0.180496 -0.079424 -0.052120
1371710718.816117 1.730704 0.170614 -0.199493 -0.149348
1371710718.846545 1.690483 0.160852 -0.334632 -0.231457
1371710718.879198 1.642479 0.152027 -0.486356 -0.285772
1371710718.951026 1.543163 0.129967 -0.736591 -0.423748
1371710718.977805 1.511508 0.118065 -0.913992 -0.457017
1371710719.048840 1.413013 0.100063 -1.162674 -0.512197
1371710719.096697 1.366003 0.087356 -1.342044 -0.496559
1371710719.130400 1.270564 0.068072 -1.566822 -0.523015
1371710719.164095 1.215082 0.044208 -1.719896 -0.575849
1371710719.196969 1.190984 0.044949 -1.750047 -0.423950
1371710719.233687 1.147224 0.039035 -1.740587 -0.299644
1371710719.263745 1.086969 0.044782 -1.733998 -0.124017
1371710719.298805 1.013324 0.041358 -1.771144 -0.065213
1371710719.331257 0.958841 0.015947 -1.778910 -0.259661
1371710719.369478 0.919115 -0.006382 -1.732597 -0.444796
1371710719.400366 0.878153 -0.017680 -1.669513 -0.464432
1371710719.438842 0.842404 -0.024175 -1.581871 -0.383156
1371710719.466926 0.795976 -0.032063 -1.510724 -0.312863
1371710719.508759 0.755940 -0.044829 -1.433229 -0.323909
1371710719.536470 0.710993 -0.057594 -1.376408 -0.349115
1371710719.570001 0.667847 -0.069757 -1.334876 -0.362168
1371710719.601713 0.620939 -0.079936 -1.323460 -0.340339
1371710719.638697 0.574440 -0.091941 -1.323460 -0.340339
1371710719.671645 0.530325 -0.103285 -1.323460 -0.340339
1371710725.534886 1.935402 -0.233943 -1.323460 -0.340339
1371710725.569578 1.950447 -0.236547 0.000000 0.000000
1371710725.600525 1.946033 -0.234601 -0.132386 0.058405
1371710725.636968 1.955057 -0.236534 0.031751 -0.002758
1371710725.669630 1.932541 -0.232691 -0.108064 0.035314
1371710725.700776 1.933856 -0.234230 -0.117269 0.022493
1371710725.736784 1.926050 -0.234098 -0.131644 0.016162
1371710725.780331 1.953689 -0.235829 -0.064918 -0.012904
1371710725.804834 1.935257 -0.232136 -0.064261 0.006038
1371710725.839863 1.942075 -0.236031 -0.047318 -0.013260
1371710725.870103 1.936572 -0.234726 -0.044214 -0.009645
1371710725.910794 1.936978 -0.235301 -0.039452 -0.010391
1371710725.976742 1.931039 -0.232949 -0.043766 0.007170
1371710726.002434 1.956498 -0.235797 -0.010248 -0.016775
1371710726.080105 1.950534 -0.235562 0.005634 -0.019102
1371710726.105235 1.948642 -0.234656 0.013609 -0.009802
1371710726.105235 1.943858 -0.236263 0.013609 -0.009802
1371710726.201254 1.944312 -0.236590 0.013609 -0.009802
1371710727.928860 2.008134 -0.242629 0.000000 0.000000
1371710727.960796 1.993601 -0.240409 -0.435815 0.066633
1371710727.994792 1.997439 -0.241254 -0.212278 0.016361
1371710728.036687 2.002678 -0.239116 -0.107868 0.021888
1371710728.060300 2.000122 -0.240066 -0.079352 0.011154
1371710728.093687 1.994371 -0.239423 -0.079411 0.010546
1371710728.127401 2.011333 -0.241294 -0.034765 -0.010183
1371710728.159561 2.009917 -0.244368 -0.012369 -0.033843
1371710728.194028 1.997597 -0.237956 -0.022784 0.003239
1371710728.231163 1.983546 -0.239369 -0.046985 0.017993
1371710728.269580 2.004394 -0.238422 -0.032246 0.014513
1371710728.295242 2.020680 -0.241942 0.001538 -0.017517
1371710728.329691 2.002495 -0.241399 0.001089 -0.015583
1371710728.362601 1.988675 -0.237003 -0.019161 0.019709
1371710728.397401 1.994588 -0.238453 -0.023300 0.019817
1371710728.430665 1.985347 -0.239898 -0.036053 0.012487
1371710728.430665 1.992166 -0.238051 -0.036053 0.012487
1371710728.510081 1.992372 -0.236669 -0.034432 0.017705
1371710728.531383 2.008652 -0.238330 -0.007922 -0.001289
1371710728.567679 2.013086 -0.241535 0.016889 -0.027788
1371710728.600386 1.990584 -0.239854 0.001475 -0.013098
1371710728.637269 2.013104 -0.242735 0.021531 -0.032043
1371710728.669181 2.017347 -0.241349 0.038541 -0.028283
1371710728.702193 2.019416 -0.237735 0.049824 -0.001264
1371710728.734871 1.990261 -0.238030 0.018594 0.025894
1371710728.771222 1.982763 -0.237934 -0.013338 0.036915
1371710728.806223 1.996742 -0.240759 -0.014786 0.011027
1371710728.839809 1.987451 -0.238994 -0.029056 0.011436
1371710728.872030 2.027734 -0.244032 0.016415 -0.039323
1371710728.910162 2.018022 -0.240097 0.032457 -0.027247
1371710728.939430 1.998829 -0.238441 0.016773 0.003313
1371710728.970724 1.987669 -0.236812 -0.009842 0.030975
1371710729.006174 1.993278 -0.241515 -0.017192 0.007863
1371710729.039591 2.003377 -0.239395 -0.010442 0.001921
1371710729.070915 1.999601 -0.240209 -0.009717 -0.003661
1371710729.105029 1.985094 -0.238242 -0.029133 0.012737
1371710729.138595 2.003723 -0.241406 -0.015117 -0.010379
1371710729.173071 1.998621 -0.241332 -0.011884 -0.015789
1371710729.212074 2.019611 -0.239516 0.016498 -0.016063
1371710729.252500 1.997112 -0.241721 0.008281 -0.012713
1371710729.276432 1.994142 -0.240047 -0.002866 0.001764
1371710729.314314 2.022710 -0.244959 0.029079 -0.033932
1371710729.348259 1.999569 -0.240217 0.017057 -0.004496
1371710729.375717 2.010172 -0.238315 0.021391 0.014452
1371710729.415786 1.998746 -0.237581 0.009145 0.030817
1371710729.443507 2.021919 -0.244708 0.034742 -0.018445
1371710729.483704 2.010035 -0.244454 0.034310 -0.028803
1371710729.508790 2.003804 -0.243864 0.023178 -0.021169
1371710729.547433 1.995788 -0.238363 0.000904 0.020677
1371710729.584205 2.006363 -0.242146 0.002040 0.008757
1371710729.611288 2.012515 -0.243146 0.010998 -0.006832
1371710729.645414 2.005778 -0.244146 0.008191 -0.014228
1371710729.681161 1.990994 -0.240226 -0.016141 0.014421
1371710729.712529 1.992562 -0.241897 -0.028902 0.013516
1371710729.747753 2.025516 -0.241977 0.005556 -0.007437
1371710729.783380 1.996135 -0.239801 -0.009207 0.012564
1371710729.817467 1.981374 -0.239137 -0.038558 0.029956
1371710729.846527 2.021304 -0.242768 -0.003383 -0.009594
1371710729.881426 1.996027 -0.240465 -0.012726 0.000637
1371710729.916889 1.996929 -0.240111 -0.017563 0.006071
1371710729.950808 2.002415 -0.236817 -0.014470 0.022317
1371710729.995171 2.025516 -0.241977 0.021393 -0.014492
1371710730.023856 1.989701 -0.243435 -0.000584 -0.016880
1371710730.058003 1.988192 -0.239728 -0.020596 0.005579
1371710730.089188 2.004128 -0.237630 -0.013533 0.017011
1371710730.124164 1.989465 -0.241795 -0.024157 0.003606
1371710730.160510 2.001849 -0.241305 -0.015336 -0.007545
1371710730.188245 1.998570 -0.241171 -0.013081 -0.008775
1371710730.226899 1.990558 -0.240655 -0.021837 -0.000856
1371710730.258795 1.996432 -0.242801 -0.018133 -0.012688
1371710730.295670 2.001722 -0.243139 -0.008250 -0.020502
1371710730.327158 1.988143 -0.239291 -0.021016 0.008306
1371710730.367293 1.985202 -0.239202 -0.032216 0.020954
