1370582282.321660 0.000000 0.000000 0.000000 0.000000
1370582282.357169 0.000000 0.000000 0.000000 0.000000
1370582282.389592 0.000000 0.000000 0.000000 0.000000
1370582282.455675 0.000000 0.000000 0.000000 0.000000
1370582282.489738 0.000000 0.000000 0.000000 0.000000
1370582282.521621 0.000000 0.000000 0.000000 0.000000
1370582282.557604 0.000000 0.000000 0.000000 0.000000
1370582282.621987 0.000000 0.000000 0.000000 0.000000
1370582282.655508 0.000000 0.000000 0.000000 0.000000
1370582282.722228 0.000000 0.000000 0.000000 0.000000
1370582282.756946 0.000000 0.000000 0.000000 0.000000
1370582282.823195 0.000000 0.000000 0.000000 0.000000
1370582282.858036 0.000000 0.000000 0.000000 0.000000
1370582282.923550 0.000000 0.000000 0.000000 0.000000
1370582282.957694 0.000000 0.000000 0.000000 0.000000
1370582282.990950 0.000000 0.000000 0.000000 0.000000
1370582283.027343 0.000000 0.000000 0.000000 0.000000
1370582283.057096 0.000000 0.000000 0.000000 0.000000
1370582283.092519 0.000000 0.000000 0.000000 0.000000
1370582283.123499 0.000000 0.000000 0.000000 0.000000
1370582283.157558 0.000000 0.000000 0.000000 0.000000
1370582283.190981 0.000000 0.000000 0.000000 0.000000
1370582283.224984 0.000000 0.000000 0.000000 0.000000
1370582283.258766 0.000000 0.000000 0.000000 0.000000
1370582283.291773 0.000000 0.000000 0.000000 0.000000
1370582283.325124 0.000000 0.000000 0.000000 0.000000
1370582283.358163 0.000000 0.000000 0.000000 0.000000
1370582283.392289 0.000000 0.000000 0.000000 0.000000
1370582283.426227 0.000000 0.000000 0.000000 0.000000
1370582283.457812 0.000000 0.000000 0.000000 0.000000
1370582283.491016 0.000000 0.000000 0.000000 0.000000
1370582283.526983 0.000000 0.000000 0.000000 0.000000
1370582283.562075 0.000000 0.000000 0.000000 0.000000
1370582283.591606 0.000000 0.000000 0.000000 0.000000
1370582283.625078 0.000000 0.000000 0.000000 0.000000
1370582283.658328 0.000000 0.000000 0.000000 0.000000
1370582283.692482 0.000000 0.000000 0.000000 0.000000
1370582283.725199 0.000000 0.000000 0.000000 0.000000
1370582283.759499 0.000000 0.000000 0.000000 0.000000
1370582283.792410 0.000000 0.000000 0.000000 0.000000
1370582283.825989 0.000000 0.000000 0.000000 0.000000
1370582283.860130 0.000000 0.000000 0.000000 0.000000
1370582283.893473 0.000000 0.000000 0.000000 0.000000
1370582283.927717 0.000000 0.000000 0.000000 0.000000
1370582283.962338 0.000000 0.000000 0.000000 0.000000
1370582283.993650 0.000000 0.000000 0.000000 0.000000
1370582284.028800 0.000000 0.000000 0.000000 0.000000
1370582284.066259 0.000000 0.000000 0.000000 0.000000
1370582284.095134 0.000000 0.000000 0.000000 0.000000
1370582284.127922 0.000000 0.000000 0.000000 0.000000
1370582284.160494 0.000000 0.000000 0.000000 0.000000
1370582284.193403 0.000000 0.000000 0.000000 0.000000
1370582284.227910 0.000000 0.000000 0.000000 0.000000
1370582284.261554 0.000000 0.000000 0.000000 0.000000
1370582284.295000 0.000000 0.000000 0.000000 0.000000
1370582284.329082 0.000000 0.000000 0.000000 0.000000
1370582284.361539 0.000000 0.000000 0.000000 0.000000
1370582284.395091 0.000000 0.000000 0.000000 0.000000
1370582284.431673 0.000000 0.000000 0.000000 0.000000
1370582284.462313 0.000000 0.000000 0.000000 0.000000
1370582284.501237 0.000000 0.000000 0.000000 0.000000
1370582284.529175 0.000000 0.000000 0.000000 0.000000
1370582284.562544 0.000000 0.000000 0.000000 0.000000
1370582284.594315 0.000000 0.000000 0.000000 0.000000
1370582284.628788 0.000000 0.000000 0.000000 0.000000
1370582284.662279 0.000000 0.000000 0.000000 0.000000
1370582284.695933 0.000000 0.000000 0.000000 0.000000
1370582284.730325 0.000000 0.000000 0.000000 0.000000
1370582284.763465 0.000000 0.000000 0.000000 0.000000
1370582284.796449 0.000000 0.000000 0.000000 0.000000
1370582284.829607 0.000000 0.000000 0.000000 0.000000
1370582284.862162 0.000000 0.000000 0.000000 0.000000
1370582284.895659 0.000000 0.000000 0.000000 0.000000
1370582284.929055 0.000000 0.000000 0.000000 0.000000
1370582284.964499 0.000000 0.000000 0.000000 0.000000
1370582285.000394 0.000000 0.000000 0.000000 0.000000
1370582285.029306 0.000000 0.000000 0.000000 0.000000
1370582285.062850 0.000000 0.000000 0.000000 0.000000
1370582285.097499 0.000000 0.000000 0.000000 0.000000
1370582285.131101 0.000000 0.000000 0.000000 0.000000
1370582285.164332 0.000000 0.000000 0.000000 0.000000
1370582285.198256 0.000000 0.000000 0.000000 0.000000
1370582285.231238 0.000000 0.000000 0.000000 0.000000
1370582285.264610 0.000000 0.000000 0.000000 0.000000
1370582285.298128 0.000000 0.000000 0.000000 0.000000
1370582285.330170 0.000000 0.000000 0.000000 0.000000
1370582285.363710 0.000000 0.000000 0.000000 0.000000
1370582285.397132 0.000000 0.000000 0.000000 0.000000
1370582285.431684 0.000000 0.000000 0.000000 0.000000
1370582285.466436 0.000000 0.000000 0.000000 0.000000
1370582285.503366 0.000000 0.000000 0.000000 0.000000
1370582285.532229 0.000000 0.000000 0.000000 0.000000
1370582285.565718 0.000000 0.000000 0.000000 0.000000
1370582285.599176 0.000000 0.000000 0.000000 0.000000
1370582285.632138 0.000000 0.000000 0.000000 0.000000
1370582285.665650 0.000000 0.000000 0.000000 0.000000
1370582285.699447 0.000000 0.000000 0.000000 0.000000
1370582285.733324 0.000000 0.000000 0.000000 0.000000
1370582285.766914 0.000000 0.000000 0.000000 0.000000
1370582285.798335 0.000000 0.000000 0.000000 0.000000
1370582285.831641 0.000000 0.000000 0.000000 0.000000
1370582285.864629 0.000000 0.000000 0.000000 0.000000
1370582285.898489 0.000000 0.000000 0.000000 0.000000
1370582285.932585 0.000000 0.000000 0.000000 0.000000
1370582285.966780 0.000000 0.000000 0.000000 0.000000
1370582286.003332 0.000000 0.000000 0.000000 0.000000
1370582286.033477 0.000000 0.000000 0.000000 0.000000
1370582286.066570 0.000000 0.000000 0.000000 0.000000
1370582286.101117 0.000000 0.000000 0.000000 0.000000
1370582286.133483 0.000000 0.000000 0.000000 0.000000
1370582286.167183 0.000000 0.000000 0.000000 0.000000
1370582286.200597 0.000000 0.000000 0.000000 0.000000
1370582286.233197 0.000000 0.000000 0.000000 0.000000
1370582286.265729 0.000000 0.000000 0.000000 0.000000
1370582286.299936 0.000000 0.000000 0.000000 0.000000
1370582286.333645 0.000000 0.000000 0.000000 0.000000
1370582286.367431 0.000000 0.000000 0.000000 0.000000
1370582286.400982 0.000000 0.000000 0.000000 0.000000
1370582286.435452 0.000000 0.000000 0.000000 0.000000
1370582286.467949 0.000000 0.000000 0.000000 0.000000
1370582286.500101 0.000000 0.000000 0.000000 0.000000
1370582286.533025 0.000000 0.000000 0.000000 0.000000
1370582286.571140 0.000000 0.000000 0.000000 0.000000
1370582286.599924 0.000000 0.000000 0.000000 0.000000
1370582286.633765 0.000000 0.000000 0.000000 0.000000
1370582286.668256 0.000000 0.000000 0.000000 0.000000
1370582286.701365 0.000000 0.000000 0.000000 0.000000
1370582286.733820 0.000000 0.000000 0.000000 0.000000
1370582286.767481 0.000000 0.000000 0.000000 0.000000
1370582286.800628 0.000000 0.000000 0.000000 0.000000
1370582286.834833 0.000000 0.000000 0.000000 0.000000
1370582286.868686 0.000000 0.000000 0.000000 0.000000
1370582286.902548 0.000000 0.000000 0.000000 0.000000
1370582286.934532 0.000000 0.000000 0.000000 0.000000
1370582286.968585 0.000000 0.000000 0.000000 0.000000
1370582287.002071 0.000000 0.000000 0.000000 0.000000
1370582287.035443 0.000000 0.000000 0.000000 0.000000
1370582287.070148 0.000000 0.000000 0.000000 0.000000
1370582287.103918 0.000000 0.000000 0.000000 0.000000
1370582287.135706 0.000000 0.000000 0.000000 0.000000
1370582287.175205 0.000000 0.000000 0.000000 0.000000
1370582287.203032 0.000000 0.000000 0.000000 0.000000
1370582287.235944 0.000000 0.000000 0.000000 0.000000
1370582287.269506 0.000000 0.000000 0.000000 0.000000
1370582287.302968 0.000000 0.000000 0.000000 0.000000
1370582287.336650 0.000000 0.000000 0.000000 0.000000
1370582287.370398 0.000000 0.000000 0.000000 0.000000
1370582287.403782 0.000000 0.000000 0.000000 0.000000
1370582287.439609 0.000000 0.000000 0.000000 0.000000
1370582287.470708 0.000000 0.000000 0.000000 0.000000
1370582287.504064 0.000000 0.000000 0.000000 0.000000
1370582287.536482 0.000000 0.000000 0.000000 0.000000
1370582287.569904 0.000000 0.000000 0.000000 0.000000
1370582287.603313 0.000000 0.000000 0.000000 0.000000
1370582287.636756 0.000000 0.000000 0.000000 0.000000
1370582287.670053 0.000000 0.000000 0.000000 0.000000
1370582287.708844 0.000000 0.000000 0.000000 0.000000
1370582287.737638 0.000000 0.000000 0.000000 0.000000
1370582287.770891 0.000000 0.000000 0.000000 0.000000
1370582287.804461 0.000000 0.000000 0.000000 0.000000
1370582287.838389 0.000000 0.000000 0.000000 0.000000
1370582287.871364 0.000000 0.000000 0.000000 0.000000
1370582287.904255 0.000000 0.000000 0.000000 0.000000
1370582287.937249 0.000000 0.000000 0.000000 0.000000
1370582287.971565 0.000000 0.000000 0.000000 0.000000
1370582288.004539 0.000000 0.000000 0.000000 0.000000
1370582288.037465 0.000000 0.000000 0.000000 0.000000
1370582288.070869 0.000000 0.000000 0.000000 0.000000
1370582288.104992 0.000000 0.000000 0.000000 0.000000
1370582288.138549 0.000000 0.000000 0.000000 0.000000
1370582288.173146 0.000000 0.000000 0.000000 0.000000
1370582288.206819 0.000000 0.000000 0.000000 0.000000
1370582288.242032 0.000000 0.000000 0.000000 0.000000
1370582288.272341 0.000000 0.000000 0.000000 0.000000
1370582288.305073 0.000000 0.000000 0.000000 0.000000
1370582288.338329 0.000000 0.000000 0.000000 0.000000
1370582288.371801 0.000000 0.000000 0.000000 0.000000
1370582288.405724 0.000000 0.000000 0.000000 0.000000
1370582288.440381 0.000000 0.000000 0.000000 0.000000
1370582288.473327 0.000000 0.000000 0.000000 0.000000
1370582288.506556 0.000000 0.000000 0.000000 0.000000
1370582288.540171 0.000000 0.000000 0.000000 0.000000
1370582288.574065 0.000000 0.000000 0.000000 0.000000
1370582288.606753 0.000000 0.000000 0.000000 0.000000
1370582288.640080 0.000000 0.000000 0.000000 0.000000
1370582288.674298 0.000000 0.000000 0.000000 0.000000
1370582288.707152 0.000000 0.000000 0.000000 0.000000
1370582288.748076 0.000000 0.000000 0.000000 0.000000
1370582288.773374 0.000000 0.000000 0.000000 0.000000
1370582288.808632 0.000000 0.000000 0.000000 0.000000
1370582288.841120 0.000000 0.000000 0.000000 0.000000
1370582288.879963 0.000000 0.000000 0.000000 0.000000
1370582288.907692 0.000000 0.000000 0.000000 0.000000
1370582288.942725 0.000000 0.000000 0.000000 0.000000
1370582288.975613 0.000000 0.000000 0.000000 0.000000
1370582289.006692 0.000000 0.000000 0.000000 0.000000
1370582289.040324 0.000000 0.000000 0.000000 0.000000
1370582289.073663 0.000000 0.000000 0.000000 0.000000
1370582289.108288 0.000000 0.000000 0.000000 0.000000
1370582289.142470 0.000000 0.000000 0.000000 0.000000
1370582289.174952 0.000000 0.000000 0.000000 0.000000
1370582289.208760 0.000000 0.000000 0.000000 0.000000
1370582289.240881 0.000000 0.000000 0.000000 0.000000
1370582289.282158 0.000000 0.000000 0.000000 0.000000
1370582289.309223 0.000000 0.000000 0.000000 0.000000
1370582289.343139 0.000000 0.000000 0.000000 0.000000
1370582289.375659 0.000000 0.000000 0.000000 0.000000
1370582289.409041 0.000000 0.000000 0.000000 0.000000
1370582289.443824 0.000000 0.000000 0.000000 0.000000
1370582289.475981 0.000000 0.000000 0.000000 0.000000
1370582289.509553 0.000000 0.000000 0.000000 0.000000
1370582289.542820 0.000000 0.000000 0.000000 0.000000
1370582289.575220 0.000000 0.000000 0.000000 0.000000
1370582289.608578 0.000000 0.000000 0.000000 0.000000
1370582289.642031 0.000000 0.000000 0.000000 0.000000
1370582289.675364 0.000000 0.000000 0.000000 0.000000
1370582289.709695 0.000000 0.000000 0.000000 0.000000
1370582289.742142 0.000000 0.000000 0.000000 0.000000
1370582289.777426 0.000000 0.000000 0.000000 0.000000
1370582289.811296 0.000000 0.000000 0.000000 0.000000
1370582289.849727 0.000000 0.000000 0.000000 0.000000
1370582289.877602 0.000000 0.000000 0.000000 0.000000
1370582289.910725 0.000000 0.000000 0.000000 0.000000
1370582289.944396 0.000000 0.000000 0.000000 0.000000
1370582289.977484 0.000000 0.000000 0.000000 0.000000
1370582290.011052 0.000000 0.000000 0.000000 0.000000
1370582290.044130 0.000000 0.000000 0.000000 0.000000
1370582290.077643 0.000000 0.000000 0.000000 0.000000
1370582290.111788 0.000000 0.000000 0.000000 0.000000
1370582290.144943 0.000000 0.000000 0.000000 0.000000
1370582290.178637 0.000000 0.000000 0.000000 0.000000
1370582290.210711 0.000000 0.000000 0.000000 0.000000
1370582290.244247 0.000000 0.000000 0.000000 0.000000
1370582290.278392 1.648185 0.695411 0.000000 0.000000
1370582290.312083 1.419274 0.609926 0.000000 0.000000
1370582290.378196 0.000000 0.000000 0.000000 0.000000
1370582290.411911 1.128313 0.485076 0.000000 0.000000
1370582290.485376 1.036060 0.433433 0.000000 0.000000
1370582290.513403 1.020458 0.421866 0.000000 0.000000
1370582290.580307 1.014443 0.417351 0.000000 0.000000
1370582290.613226 1.014076 0.418193 0.000000 0.000000
1370582290.680120 1.008802 0.420127 0.000000 0.000000
1370582290.714235 1.006012 0.419077 0.000000 0.000000
1370582290.747613 1.002054 0.420811 0.000000 0.000000
1370582290.781304 1.002439 0.420152 0.000000 0.000000
1370582290.847631 1.001339 0.421860 0.000000 0.000000
1370582290.881639 0.999912 0.422012 0.000000 0.000000
1370582290.947951 1.002225 0.424774 0.000000 0.000000
1370582290.979771 1.000519 0.423908 0.000000 0.000000
1370582291.013460 1.001773 0.424977 0.000000 0.000000
1370582291.046762 0.997881 0.422843 0.000000 0.000000
1370582291.080509 1.001244 0.425372 0.000000 0.000000
1370582291.115218 1.000930 0.424838 0.000000 0.000000
1370582291.148103 1.001029 0.425267 0.000000 0.000000
1370582291.188446 1.000583 0.426274 0.000000 0.000000
1370582291.215378 1.000150 0.425564 0.000000 0.000000
1370582291.247658 1.000518 0.426719 0.000000 0.000000
1370582291.280986 1.001245 0.427389 0.000000 0.000000
1370582291.314679 1.001080 0.427638 0.000000 0.000000
1370582291.348912 0.999916 0.425213 0.000000 0.000000
1370582291.382710 1.001343 0.427890 0.000000 0.000000
1370582291.416440 1.002246 0.426879 0.000000 0.000000
1370582291.450272 1.000018 0.425956 0.000000 0.000000
1370582291.482445 0.999435 0.426192 0.000000 0.000000
1370582291.520232 1.000903 0.426321 0.000000 0.000000
1370582291.548275 0.999066 0.426486 0.000000 0.000000
1370582291.582439 1.001409 0.424954 0.000000 0.000000
1370582291.616090 0.999366 0.426334 0.000000 0.000000
1370582291.649621 1.001342 0.427193 0.000000 0.000000
1370582291.683565 1.001671 0.427030 0.000000 0.000000
1370582291.716603 0.999730 0.426877 0.000000 0.000000
1370582291.756464 1.000767 0.426677 0.000000 0.000000
1370582291.783142 1.001410 0.426573 0.000000 0.000000
1370582291.816710 0.999969 0.426377 0.000000 0.000000
1370582291.850758 1.000079 0.426465 0.000000 0.000000
1370582291.883681 1.002340 0.427423 0.000000 0.000000
1370582291.916312 1.001143 0.427161 0.000000 0.000000
1370582291.949396 1.000521 0.426421 0.000000 0.000000
1370582291.982678 1.000151 0.426841 0.000000 0.000000
1370582292.016372 1.001342 0.427193 0.000000 0.000000
1370582292.049584 1.002247 0.427820 0.000000 0.000000
1370582292.082831 1.001000 0.426990 0.000000 0.000000
1370582292.117279 1.000343 0.426113 0.000000 0.000000
1370582292.149993 1.000943 0.426491 0.000000 0.000000
1370582292.182998 1.000079 0.426108 0.000000 0.000000
1370582292.218226 1.000563 0.426521 0.000000 0.000000
1370582292.251177 1.000150 0.425912 0.000000 0.000000
1370582292.285165 0.999567 0.426239 0.000000 0.000000
1370582292.324988 1.000542 0.426802 0.000000 0.000000
1370582292.351635 0.998884 0.425802 0.000000 0.000000
1370582292.385480 1.000877 0.427159 0.000000 0.000000
1370582292.418983 1.000159 0.426350 0.000000 0.000000
1370582292.451573 1.000127 0.426386 0.000000 0.000000
1370582292.484683 1.000849 0.427197 0.000000 0.000000
1370582292.518629 0.999971 0.424686 0.000000 0.000000
1370582292.552056 1.000748 0.426842 0.000000 0.000000
1370582292.586392 1.002074 0.426884 0.000000 0.000000
1370582292.620256 1.000263 0.426699 0.000000 0.000000
1370582292.653417 0.999784 0.426172 0.000000 0.000000
1370582292.686443 0.999624 0.426075 0.000000 0.000000
1370582292.721184 0.998807 0.425912 0.000000 0.000000
1370582292.751548 1.001238 0.426593 0.000000 0.000000
1370582292.786321 1.123507 0.566068 0.000000 0.000000
1370582292.819021 1.040397 0.554244 0.000000 0.000000
1370582292.853583 1.004591 0.551896 0.000000 0.000000
1370582292.891827 0.999114 0.537757 0.000000 0.000000
1370582292.919358 0.992288 0.485469 0.000000 0.000000
1370582292.954572 0.993112 0.445126 0.000000 0.000000
1370582292.987461 0.994766 0.435985 0.000000 0.000000
1370582293.021627 0.994269 0.432030 0.000000 0.000000
1370582293.055283 0.994258 0.432008 0.000000 0.000000
1370582293.089305 0.995269 0.430926 0.000000 0.000000
1370582293.124072 0.991067 0.427407 0.000000 0.000000
1370582293.154761 0.996087 0.431633 0.000000 0.000000
1370582293.189058 0.994723 0.430726 0.000000 0.000000
1370582293.221505 0.993188 0.428086 0.000000 0.000000
1370582293.254825 0.993800 0.429929 0.000000 0.000000
1370582293.288461 0.994955 0.430713 0.000000 0.000000
1370582293.322744 0.994325 0.430734 0.000000 0.000000
1370582293.358099 0.993797 0.430026 0.000000 0.000000
1370582293.390103 0.994865 0.431238 0.000000 0.000000
1370582293.424588 0.991887 0.429665 0.000000 0.000000
1370582293.459401 0.995422 0.430984 0.000000 0.000000
1370582293.490405 0.993248 0.429926 0.000000 0.000000
1370582293.524103 0.992886 0.430242 0.000000 0.000000
1370582293.556799 0.989296 0.428385 0.000000 0.000000
1370582293.591164 0.992121 0.429541 0.000000 0.000000
1370582293.624486 0.990670 0.428495 0.000000 0.000000
1370582293.660788 0.991588 0.429663 0.000000 0.000000
1370582293.690821 0.994774 0.430562 0.000000 0.000000
1370582293.723468 0.987403 0.428197 0.000000 0.000000
1370582293.759603 0.994142 0.430278 0.000000 0.000000
1370582293.794475 0.993904 0.430264 0.000000 0.000000
1370582293.824970 0.993223 0.429934 0.000000 0.000000
1370582293.859040 0.995579 0.430920 0.000000 0.000000
1370582293.892345 0.990914 0.428735 0.000000 0.000000
1370582293.925246 0.991680 0.429327 0.000000 0.000000
1370582293.958812 0.992953 0.429988 0.000000 0.000000
1370582293.992027 0.991981 0.429434 0.000000 0.000000
1370582294.026285 0.993400 0.429957 0.000000 0.000000
1370582294.057994 0.992866 0.430253 0.000000 0.000000
1370582294.092106 0.995381 0.432251 0.000000 0.000000
1370582294.126926 0.992967 0.431145 0.000000 0.000000
1370582294.159636 0.990750 0.427678 0.000000 0.000000
1370582294.192630 0.992823 0.428848 0.000000 0.000000
1370582294.225766 0.989905 0.428725 0.000000 0.000000
1370582294.257949 0.991823 0.429438 0.000000 0.000000
1370582294.292071 0.990692 0.429290 0.000000 0.000000
1370582294.325265 0.994302 0.430625 0.000000 0.000000
1370582294.358776 0.993765 0.430935 0.000000 0.000000
1370582294.400585 0.993051 0.429678 0.000000 0.000000
1370582294.426967 0.990861 0.429096 0.000000 0.000000
1370582294.461011 0.994133 0.429151 0.000000 0.000000
1370582294.493352 0.991263 0.429228 0.000000 0.000000
1370582294.527329 0.993475 0.430895 0.000000 0.000000
1370582294.560491 0.991788 0.429905 0.000000 0.000000
1370582294.593751 0.992944 0.431314 0.000000 0.000000
1370582294.627591 0.993585 0.430852 0.000000 0.000000
1370582294.663589 0.993497 0.429874 0.000000 0.000000
1370582294.695295 0.993826 0.430953 0.000000 0.000000
1370582294.728002 0.994001 0.430938 0.000000 0.000000
1370582294.760535 0.993544 0.428738 0.000000 0.000000
1370582294.797235 0.992516 0.429553 0.000000 0.000000
1370582294.828026 0.992896 0.429971 0.000000 0.000000
1370582294.860979 0.992761 0.429975 0.000000 0.000000
1370582294.894786 0.992430 0.429557 0.000000 0.000000
1370582294.928481 0.992717 0.429840 0.000000 0.000000
1370582294.961373 0.992897 0.428793 0.000000 0.000000
1370582294.995012 0.990882 0.429207 0.000000 0.000000
1370582295.029179 0.992454 0.430091 0.000000 0.000000
1370582295.062182 0.995012 0.430709 0.000000 0.000000
1370582295.095825 0.996192 0.431593 0.000000 0.000000
1370582295.129596 0.994498 0.430848 0.000000 0.000000
1370582295.162102 0.992897 0.429938 0.000000 0.000000
1370582295.195693 0.991964 0.430251 0.000000 0.000000
1370582295.229109 0.994853 0.430712 0.000000 0.000000
1370582295.262492 0.992640 0.430465 0.000000 0.000000
1370582295.294778 0.992020 0.429332 0.000000 0.000000
1370582295.330800 0.991162 0.429599 0.000000 0.000000
1370582295.363021 0.993110 0.430459 0.000000 0.000000
1370582295.396994 0.993770 0.430839 0.000000 0.000000
1370582295.429429 0.994262 0.430892 0.000000 0.000000
1370582295.464082 0.991612 0.427713 0.000000 0.000000
1370582295.495370 0.991374 0.429651 0.000000 0.000000
1370582295.530277 0.992101 0.429924 0.000000 0.000000
1370582295.564351 0.991335 0.429123 0.000000 0.000000
1370582295.595594 0.990984 0.429997 0.000000 0.000000
1370582295.628770 0.991547 0.429958 0.000000 0.000000
1370582295.664981 0.992159 0.429911 0.000000 0.000000
1370582295.698471 0.990211 0.429356 0.000000 0.000000
1370582295.730231 0.990606 0.428943 0.000000 0.000000
1370582295.763677 0.991498 0.428206 0.000000 0.000000
1370582295.798041 0.992567 0.430045 0.000000 0.000000
1370582295.831298 0.990871 0.429365 0.000000 0.000000
1370582295.864152 0.991438 0.429866 0.000000 0.000000
1370582295.902789 0.992877 0.430348 0.000000 0.000000
1370582295.929809 0.990535 0.429225 0.000000 0.000000
1370582295.963162 0.992209 0.429839 0.000000 0.000000
1370582295.996426 0.993907 0.430734 0.000000 0.000000
1370582296.029948 0.992010 0.429602 0.000000 0.000000
1370582296.063727 0.991578 0.429551 0.000000 0.000000
1370582296.099771 0.989335 0.428577 0.000000 0.000000
1370582296.134260 0.989384 0.428614 0.000000 0.000000
1370582296.166723 0.991078 0.429320 0.000000 0.000000
1370582296.198794 0.991850 0.429515 0.000000 0.000000
1370582296.230739 0.991516 0.429464 0.000000 0.000000
1370582296.263868 0.991046 0.428989 0.000000 0.000000
1370582296.298526 0.990589 0.427749 0.000000 0.000000
1370582296.332736 0.992256 0.428278 0.000000 0.000000
1370582296.365347 0.990553 0.429497 0.000000 0.000000
1370582296.397767 0.990325 0.428768 0.000000 0.000000
1370582296.431820 0.991834 0.429938 0.000000 0.000000
1370582296.467634 0.990665 0.429498 0.000000 0.000000
1370582296.499595 0.990184 0.427295 0.000000 0.000000
1370582296.530993 0.991836 0.429891 0.000000 0.000000
1370582296.565139 0.990580 0.428890 0.000000 0.000000
1370582296.598400 0.990066 0.428759 0.000000 0.000000
1370582296.632404 0.991803 0.429465 0.000000 0.000000
1370582296.672289 0.991141 0.426966 0.000000 0.000000
1370582296.698600 0.990757 0.429364 0.000000 0.000000
1370582296.731636 0.990692 0.427292 0.000000 0.000000
1370582296.765316 0.991009 0.429901 0.000000 0.000000
1370582296.799959 0.989581 0.428422 0.000000 0.000000
1370582296.832169 0.990325 0.428768 0.000000 0.000000
1370582296.870777 0.990037 0.429135 0.000000 0.000000
1370582296.899229 0.989928 0.429089 0.000000 0.000000
1370582296.932441 0.992835 0.428202 0.000000 0.000000
1370582296.966260 0.989137 0.428783 0.000000 0.000000
1370582296.999641 0.991244 0.427894 0.000000 0.000000
1370582297.032619 0.990002 0.429587 0.000000 0.000000
1370582297.067201 0.990939 0.429364 0.000000 0.000000
1370582297.099444 0.992083 0.429564 0.000000 0.000000
1370582297.135296 0.990310 0.429177 0.000000 0.000000
1370582297.166481 0.989985 0.429671 0.000000 0.000000
1370582297.200009 0.989286 0.429018 0.000000 0.000000
1370582297.233649 0.990001 0.429746 0.000000 0.000000
1370582297.267668 0.990053 0.429126 0.000000 0.000000
1370582297.300020 0.989135 0.427501 0.000000 0.000000
1370582297.333711 0.990135 0.429492 0.000000 0.000000
1370582297.368100 0.992190 0.430391 0.000000 0.000000
1370582297.401338 0.990609 0.427204 0.000000 0.000000
1370582297.435368 0.989186 0.429305 0.000000 0.000000
1370582297.468362 0.991435 0.429956 0.000000 0.000000
1370582297.502485 0.989614 0.427560 0.000000 0.000000
1370582297.535338 0.990563 0.429360 0.000000 0.000000
1370582297.568408 0.989692 0.429582 0.000000 0.000000
1370582297.600765 0.990053 0.429126 0.000000 0.000000
1370582297.634936 0.990509 0.427613 0.000000 0.000000
1370582297.667872 0.991072 0.429504 0.000000 0.000000
1370582297.701323 0.989138 0.429441 0.000000 0.000000
1370582297.734648 0.991012 0.429232 0.000000 0.000000
1370582297.767900 0.991888 0.429871 0.000000 0.000000
1370582297.809233 0.992090 0.429376 0.000000 0.000000
1370582297.835179 0.990478 0.429228 0.000000 0.000000
1370582297.869161 0.991604 0.427940 0.000000 0.000000
1370582297.903314 0.992300 0.430310 0.000000 0.000000
1370582297.938389 0.990652 0.429135 0.000000 0.000000
1370582297.970132 0.991709 0.429752 0.000000 0.000000
1370582298.011445 0.990005 0.429132 0.000000 0.000000
1370582298.036730 0.990526 0.429498 0.000000 0.000000
1370582298.072087 0.989795 0.426674 0.000000 0.000000
1370582298.103641 0.989654 0.428535 0.000000 0.000000
1370582298.138971 0.990916 0.429411 0.000000 0.000000
1370582298.170351 0.991095 0.429458 0.000000 0.000000
1370582298.204258 0.989364 0.429165 0.000000 0.000000
1370582298.237686 0.991541 0.429690 0.000000 0.000000
1370582298.269462 0.990398 0.429084 0.000000 0.000000
1370582298.303515 0.990268 0.428660 0.000000 0.000000
1370582298.336983 0.990576 0.429585 0.000000 0.000000
1370582298.375289 0.989594 0.429130 0.000000 0.000000
1370582298.404777 0.994375 0.428814 0.000000 0.000000
1370582298.438512 0.991078 0.429320 0.000000 0.000000
1370582298.472333 0.990114 0.429223 0.000000 0.000000
1370582298.504068 0.989905 0.428530 0.000000 0.000000
1370582298.538459 0.995670 0.431041 0.000000 0.000000
1370582298.613986 0.992526 0.430190 0.000000 0.000000
1370582298.636566 0.991285 0.429415 0.000000 0.000000
1370582298.704398 0.987722 0.428455 0.000000 0.000000
1370582298.738948 0.990058 0.429446 0.000000 0.000000
1370582298.806344 0.994443 0.429176 0.000000 0.000000
1370582298.840318 0.989326 0.428214 0.000000 0.000000
1370582298.904178 0.994379 0.431519 0.000000 0.000000
1370582298.939398 0.990470 0.429451 0.000000 0.000000
1370582298.973048 0.993394 0.430741 0.000000 0.000000
1370582299.005087 0.990085 0.429129 0.000000 0.000000
1370582299.039255 0.990114 0.429223 0.000000 0.000000
1370582299.072363 0.990002 0.429221 0.000000 0.000000
1370582299.105816 0.992573 0.430367 0.000000 0.000000
1370582299.140537 0.989566 0.428918 0.000000 0.000000
1370582299.173733 0.995803 0.429467 0.000000 0.000000
1370582299.207427 0.988778 0.428984 0.000000 0.000000
1370582299.240409 0.988295 0.429051 0.000000 0.000000
1370582299.275968 0.989890 0.427822 0.000000 0.000000
1370582299.308559 0.991854 0.428418 0.000000 0.000000
1370582299.345598 0.991862 0.431273 0.000000 0.000000
1370582299.374822 0.993001 0.430253 0.000000 0.000000
1370582299.408933 0.996123 0.413691 0.000000 0.000000
1370582299.441272 0.991882 0.382129 0.000000 0.000000
1370582299.486441 0.975529 0.342780 0.000000 0.000000
1370582299.508199 0.969955 0.307759 0.000000 0.000000
1370582299.541426 0.969616 0.275502 0.000000 0.000000
1370582299.575348 0.962088 0.241877 -0.560897 -0.820627
1370582299.608966 0.954818 0.209796 -0.448717 -0.656502
1370582299.642493 0.950045 0.177972 -0.358974 -0.525201
1370582299.684790 0.947436 0.146221 -0.287179 -0.420161
1370582299.707807 0.964522 0.054578 -0.229743 -0.336129
1370582299.740444 0.951130 0.018967 -0.229743 -0.336129
1370582299.773343 0.942811 -0.026136 -0.229743 -0.336129
1370582299.808053 0.925229 -0.031680 -0.271125 -1.053948
1370582299.842070 0.910646 -0.049508 -0.216900 -0.843158
1370582299.873310 0.886437 -0.071417 -0.173520 -0.674526
1370582299.907342 0.864873 -0.100095 -0.138816 -0.539621
1370582299.940030 0.862309 -0.133581 -0.111053 -0.431697
1370582299.975249 0.859569 -0.165444 -0.088842 -0.345358
1370582300.008390 0.853708 -0.202584 -0.071074 -0.276286
1370582300.043739 0.854433 -0.235791 -0.071074 -0.276286
1370582300.076197 0.839626 -0.327012 -0.071074 -0.276286
1370582300.116394 0.828151 -0.350376 -0.319404 -1.078635
1370582300.142254 0.817958 -0.371278 -0.255523 -0.862908
1370582300.174710 0.811245 -0.388578 -0.204419 -0.690327
1370582300.208351 0.803523 -0.423545 -0.163535 -0.552261
1370582300.243508 0.793529 -0.446166 -0.130828 -0.441809
1370582300.274854 0.783567 -0.476184 -0.104662 -0.353447
1370582300.309240 0.774390 -0.509248 -0.083730 -0.282758
1370582300.342567 0.762949 -0.541656 -0.066984 -0.226206
1370582300.378473 0.719949 -0.608661 -0.066984 -0.226206
1370582300.408828 0.714426 -0.655050 -0.066984 -0.226206
1370582300.443120 0.706780 -0.661172 -0.408997 -1.085603
1370582300.483430 0.701611 -0.688656 -0.327198 -0.868482
1370582300.509864 0.694824 -0.700027 -0.261758 -0.694786
1370582300.542369 0.686106 -0.730145 -0.209407 -0.555829
1370582300.577452 0.675022 -0.766896 -0.167525 -0.444663
1370582300.609287 0.664429 -0.794214 -0.134020 -0.355730
1370582300.644135 0.654176 -0.822482 -0.107216 -0.284584
1370582300.677051 0.644231 -0.852865 -0.085773 -0.227667
1370582300.709697 0.631514 -0.885120 -0.085773 -0.227667
1370582300.742402 0.612629 -0.912736 -0.085773 -0.227667
1370582300.775125 0.557213 -0.970781 -0.517555 -1.106436
1370582300.809419 0.559264 -1.007369 -0.414044 -0.885149
1370582300.841768 0.552503 -1.027775 -0.331235 -0.708119
1370582300.877337 0.550549 -1.037035 -0.264988 -0.566495
1370582300.909551 0.548604 -1.057985 -0.211991 -0.453196
1370582300.943684 0.539853 -1.078017 -0.169592 -0.362557
1370582300.976799 0.525544 -1.115192 -0.135674 -0.290046
1370582301.010328 0.520514 -1.140940 -0.108539 -0.232037
1370582301.043833 0.513508 -1.174974 -0.086831 -0.185629
1370582301.077301 0.501691 -1.202604 -0.069465 -0.148503
1370582301.110451 0.490583 -1.230053 -0.069465 -0.148503
1370582301.144710 0.492179 -1.298521 -0.069465 -0.148503
1370582301.182777 0.491219 -1.347958 -0.236328 -1.176738
1370582301.213681 0.471291 -1.345667 -0.189063 -0.941390
1370582301.244072 0.456639 -1.344153 -0.151250 -0.753112
1370582301.277583 0.441888 -1.365391 -0.121000 -0.602490
1370582301.310380 0.000000 0.000000 -0.036300 -0.180747
1370582301.344808 0.000000 0.000000 -0.010890 -0.054224
1370582301.378492 0.000000 0.000000 -0.003267 -0.016267
1370582301.411663 0.000000 0.000000 -0.000980 -0.004880
