1370582208.801582 0.000000 0.000000 0.000000 0.000000
1370582208.834670 0.000000 0.000000 0.000000 0.000000
1370582208.868158 0.000000 0.000000 0.000000 0.000000
1370582208.904315 0.000000 0.000000 0.000000 0.000000
1370582208.934789 0.000000 0.000000 0.000000 0.000000
1370582208.967817 0.000000 0.000000 0.000000 0.000000
1370582209.002236 0.000000 0.000000 0.000000 0.000000
1370582209.034245 0.000000 0.000000 0.000000 0.000000
1370582209.068658 0.000000 0.000000 0.000000 0.000000
1370582209.101657 0.000000 0.000000 0.000000 0.000000
1370582209.135360 0.000000 0.000000 0.000000 0.000000
1370582209.168667 0.000000 0.000000 0.000000 0.000000
1370582209.201596 0.000000 0.000000 0.000000 0.000000
1370582209.235480 0.000000 0.000000 0.000000 0.000000
1370582209.269041 0.000000 0.000000 0.000000 0.000000
1370582209.302318 0.000000 0.000000 0.000000 0.000000
1370582209.336688 0.000000 0.000000 0.000000 0.000000
1370582209.369245 0.000000 0.000000 0.000000 0.000000
1370582209.402376 0.000000 0.000000 0.000000 0.000000
1370582209.436475 0.000000 0.000000 0.000000 0.000000
1370582209.470090 0.000000 0.000000 0.000000 0.000000
1370582209.503268 0.000000 0.000000 0.000000 0.000000
1370582209.538667 0.000000 0.000000 0.000000 0.000000
1370582209.579786 0.000000 0.000000 0.000000 0.000000
1370582209.611458 0.000000 0.000000 0.000000 0.000000
1370582209.636684 0.000000 0.000000 0.000000 0.000000
1370582209.671198 0.000000 0.000000 0.000000 0.000000
1370582209.703640 0.000000 0.000000 0.000000 0.000000
1370582209.737598 0.000000 0.000000 0.000000 0.000000
1370582209.769720 0.000000 0.000000 0.000000 0.000000
1370582209.803521 0.000000 0.000000 0.000000 0.000000
1370582209.837105 0.000000 0.000000 0.000000 0.000000
1370582209.870298 0.000000 0.000000 0.000000 0.000000
1370582209.903784 0.000000 0.000000 0.000000 0.000000
1370582209.936254 0.000000 0.000000 0.000000 0.000000
1370582209.970707 0.000000 0.000000 0.000000 0.000000
1370582210.004813 0.000000 0.000000 0.000000 0.000000
1370582210.037437 0.000000 0.000000 0.000000 0.000000
1370582210.070876 0.000000 0.000000 0.000000 0.000000
1370582210.104483 0.000000 0.000000 0.000000 0.000000
1370582210.137697 0.000000 0.000000 0.000000 0.000000
1370582210.171212 0.000000 0.000000 0.000000 0.000000
1370582210.204907 0.000000 0.000000 0.000000 0.000000
1370582210.238235 0.000000 0.000000 0.000000 0.000000
1370582210.271469 0.000000 0.000000 0.000000 0.000000
1370582210.304939 0.000000 0.000000 0.000000 0.000000
1370582210.339514 0.000000 0.000000 0.000000 0.000000
1370582210.376020 0.000000 0.000000 0.000000 0.000000
1370582210.404460 0.000000 0.000000 0.000000 0.000000
1370582210.438673 0.000000 0.000000 0.000000 0.000000
1370582210.472494 0.000000 0.000000 0.000000 0.000000
1370582210.506280 0.000000 0.000000 0.000000 0.000000
1370582210.538875 0.000000 0.000000 0.000000 0.000000
1370582210.587744 0.000000 0.000000 0.000000 0.000000
1370582210.616185 0.000000 0.000000 0.000000 0.000000
1370582210.649912 0.000000 0.000000 0.000000 0.000000
1370582210.687322 0.000000 0.000000 0.000000 0.000000
1370582210.717525 0.000000 0.000000 0.000000 0.000000
1370582210.748289 0.000000 0.000000 0.000000 0.000000
1370582210.780789 0.000000 0.000000 0.000000 0.000000
1370582210.818426 0.000000 0.000000 0.000000 0.000000
1370582210.852196 0.000000 0.000000 0.000000 0.000000
1370582210.887909 0.000000 0.000000 0.000000 0.000000
1370582210.915862 0.000000 0.000000 0.000000 0.000000
1370582210.948590 0.000000 0.000000 0.000000 0.000000
1370582210.982403 0.000000 0.000000 0.000000 0.000000
1370582211.016263 0.000000 0.000000 0.000000 0.000000
1370582211.049588 0.000000 0.000000 0.000000 0.000000
1370582211.083734 0.000000 0.000000 0.000000 0.000000
1370582211.117291 0.000000 0.000000 0.000000 0.000000
1370582211.153770 0.000000 0.000000 0.000000 0.000000
1370582211.182764 0.000000 0.000000 0.000000 0.000000
1370582211.216459 0.000000 0.000000 0.000000 0.000000
1370582211.250110 0.000000 0.000000 0.000000 0.000000
1370582211.286246 0.000000 0.000000 0.000000 0.000000
1370582211.319080 0.000000 0.000000 0.000000 0.000000
1370582211.353026 0.000000 0.000000 0.000000 0.000000
1370582211.383966 0.000000 0.000000 0.000000 0.000000
1370582211.419156 0.000000 0.000000 0.000000 0.000000
1370582211.453053 0.000000 0.000000 0.000000 0.000000
1370582211.485698 0.000000 0.000000 0.000000 0.000000
1370582211.519124 0.000000 0.000000 0.000000 0.000000
1370582211.552368 0.000000 0.000000 0.000000 0.000000
1370582211.586387 0.000000 0.000000 0.000000 0.000000
1370582211.618254 0.000000 0.000000 0.000000 0.000000
1370582211.653103 0.000000 0.000000 0.000000 0.000000
1370582211.687144 0.000000 0.000000 0.000000 0.000000
1370582211.725033 0.000000 0.000000 0.000000 0.000000
1370582211.753211 0.000000 0.000000 0.000000 0.000000
1370582211.786932 0.000000 0.000000 0.000000 0.000000
1370582211.819895 0.000000 0.000000 0.000000 0.000000
1370582211.854017 0.000000 0.000000 0.000000 0.000000
1370582211.902245 0.000000 0.000000 0.000000 0.000000
1370582211.929709 0.000000 0.000000 0.000000 0.000000
1370582211.954375 0.000000 0.000000 0.000000 0.000000
1370582211.987514 0.000000 0.000000 0.000000 0.000000
1370582212.021278 0.000000 0.000000 0.000000 0.000000
1370582212.053985 0.000000 0.000000 0.000000 0.000000
1370582212.086621 0.000000 0.000000 0.000000 0.000000
1370582212.120203 0.000000 0.000000 0.000000 0.000000
1370582212.155881 0.000000 0.000000 0.000000 0.000000
1370582212.187495 0.000000 0.000000 0.000000 0.000000
1370582212.220147 0.000000 0.000000 0.000000 0.000000
1370582212.253440 0.000000 0.000000 0.000000 0.000000
1370582212.289078 0.000000 0.000000 0.000000 0.000000
1370582212.325958 0.000000 0.000000 0.000000 0.000000
1370582212.355399 0.000000 0.000000 0.000000 0.000000
1370582212.388886 0.000000 0.000000 0.000000 0.000000
1370582212.422015 0.000000 0.000000 0.000000 0.000000
1370582212.455504 0.000000 0.000000 0.000000 0.000000
1370582212.488685 0.000000 0.000000 0.000000 0.000000
1370582212.522358 0.000000 0.000000 0.000000 0.000000
1370582212.555727 0.000000 0.000000 0.000000 0.000000
1370582212.589504 0.000000 0.000000 0.000000 0.000000
1370582212.622627 0.000000 0.000000 0.000000 0.000000
1370582212.656934 0.000000 0.000000 0.000000 0.000000
1370582212.691461 0.000000 0.000000 0.000000 0.000000
1370582212.722816 0.000000 0.000000 0.000000 0.000000
1370582212.756485 0.000000 0.000000 0.000000 0.000000
1370582212.788798 0.000000 0.000000 0.000000 0.000000
1370582212.822371 0.000000 0.000000 0.000000 0.000000
1370582212.857411 0.000000 0.000000 0.000000 0.000000
1370582212.893313 0.000000 0.000000 0.000000 0.000000
1370582212.923355 0.000000 0.000000 0.000000 0.000000
1370582212.959105 0.000000 0.000000 0.000000 0.000000
1370582212.993010 0.000000 0.000000 0.000000 0.000000
1370582213.023236 0.000000 0.000000 0.000000 0.000000
1370582213.056675 0.000000 0.000000 0.000000 0.000000
1370582213.090361 0.000000 0.000000 0.000000 0.000000
1370582213.123706 0.000000 0.000000 0.000000 0.000000
1370582213.156236 0.000000 0.000000 0.000000 0.000000
1370582213.189551 0.000000 0.000000 0.000000 0.000000
1370582213.223609 0.000000 0.000000 0.000000 0.000000
1370582213.256265 0.000000 0.000000 0.000000 0.000000
1370582213.289944 0.000000 0.000000 0.000000 0.000000
1370582213.324203 0.000000 0.000000 0.000000 0.000000
1370582213.357144 0.000000 0.000000 0.000000 0.000000
1370582213.390158 0.000000 0.000000 0.000000 0.000000
1370582213.424747 0.000000 0.000000 0.000000 0.000000
1370582213.458120 0.000000 0.000000 0.000000 0.000000
1370582213.491421 0.000000 0.000000 0.000000 0.000000
1370582213.525451 0.000000 0.000000 0.000000 0.000000
1370582213.557652 0.000000 0.000000 0.000000 0.000000
1370582213.592143 0.000000 0.000000 0.000000 0.000000
1370582213.625232 0.000000 0.000000 0.000000 0.000000
1370582213.658670 0.000000 0.000000 0.000000 0.000000
1370582213.693416 0.000000 0.000000 0.000000 0.000000
1370582213.724305 0.000000 0.000000 0.000000 0.000000
1370582213.758380 0.000000 0.000000 0.000000 0.000000
1370582213.794797 0.000000 0.000000 0.000000 0.000000
1370582213.827699 0.000000 0.000000 0.000000 0.000000
1370582213.859609 0.000000 0.000000 0.000000 0.000000
1370582213.892525 0.000000 0.000000 0.000000 0.000000
1370582213.926190 0.000000 0.000000 0.000000 0.000000
1370582213.959306 0.000000 0.000000 0.000000 0.000000
1370582213.991752 0.000000 0.000000 0.000000 0.000000
1370582214.027597 0.000000 0.000000 0.000000 0.000000
1370582214.061033 0.000000 0.000000 0.000000 0.000000
1370582214.095614 0.000000 0.000000 0.000000 0.000000
1370582214.128234 0.000000 0.000000 0.000000 0.000000
1370582214.161962 0.000000 0.000000 0.000000 0.000000
1370582214.194411 0.000000 0.000000 0.000000 0.000000
1370582214.228348 0.000000 0.000000 0.000000 0.000000
1370582214.260962 0.000000 0.000000 0.000000 0.000000
1370582214.294845 0.000000 0.000000 0.000000 0.000000
1370582214.330480 0.000000 0.000000 0.000000 0.000000
1370582214.364680 0.000000 0.000000 0.000000 0.000000
1370582214.395288 0.000000 0.000000 0.000000 0.000000
1370582214.429260 0.000000 0.000000 0.000000 0.000000
1370582214.462513 0.000000 0.000000 0.000000 0.000000
1370582214.496275 0.000000 0.000000 0.000000 0.000000
1370582214.529723 0.000000 0.000000 0.000000 0.000000
1370582214.563685 0.000000 0.000000 0.000000 0.000000
1370582214.596634 0.000000 0.000000 0.000000 0.000000
1370582214.629704 0.000000 0.000000 0.000000 0.000000
1370582214.667887 0.000000 0.000000 0.000000 0.000000
1370582214.696673 0.000000 0.000000 0.000000 0.000000
1370582214.729425 0.000000 0.000000 0.000000 0.000000
1370582214.763239 0.000000 0.000000 0.000000 0.000000
1370582214.797693 0.000000 0.000000 0.000000 0.000000
1370582214.828990 0.000000 0.000000 0.000000 0.000000
1370582214.863743 0.000000 0.000000 0.000000 0.000000
1370582214.900663 0.000000 0.000000 0.000000 0.000000
1370582214.929757 0.000000 0.000000 0.000000 0.000000
1370582214.963241 0.000000 0.000000 0.000000 0.000000
1370582214.997088 0.000000 0.000000 0.000000 0.000000
1370582215.031080 0.000000 0.000000 0.000000 0.000000
1370582215.064819 0.000000 0.000000 0.000000 0.000000
1370582215.098537 0.000000 0.000000 0.000000 0.000000
1370582215.131638 0.000000 0.000000 0.000000 0.000000
1370582215.165274 0.000000 0.000000 0.000000 0.000000
1370582215.198907 0.000000 0.000000 0.000000 0.000000
1370582215.231762 0.000000 0.000000 0.000000 0.000000
1370582215.266561 0.000000 0.000000 0.000000 0.000000
1370582215.299453 0.000000 0.000000 0.000000 0.000000
1370582215.332765 0.000000 0.000000 0.000000 0.000000
1370582215.367167 0.000000 0.000000 0.000000 0.000000
1370582215.398730 0.000000 0.000000 0.000000 0.000000
1370582215.435564 0.000000 0.000000 0.000000 0.000000
1370582215.465257 0.000000 0.000000 0.000000 0.000000
1370582215.498261 0.000000 0.000000 0.000000 0.000000
1370582215.531522 0.000000 0.000000 0.000000 0.000000
1370582215.566549 0.000000 0.000000 0.000000 0.000000
1370582215.599560 0.000000 0.000000 0.000000 0.000000
1370582215.632491 0.000000 0.000000 0.000000 0.000000
1370582215.665682 0.000000 0.000000 0.000000 0.000000
1370582215.700524 0.000000 0.000000 0.000000 0.000000
1370582215.733116 0.000000 0.000000 0.000000 0.000000
1370582215.765549 0.000000 0.000000 0.000000 0.000000
1370582215.799504 0.000000 0.000000 0.000000 0.000000
1370582215.833662 0.000000 0.000000 0.000000 0.000000
1370582215.868618 0.000000 0.000000 0.000000 0.000000
1370582215.901225 0.000000 0.000000 0.000000 0.000000
1370582215.935822 0.000000 0.000000 0.000000 0.000000
1370582215.974169 0.000000 0.000000 0.000000 0.000000
1370582216.000484 0.000000 0.000000 0.000000 0.000000
1370582216.033364 0.000000 0.000000 0.000000 0.000000
1370582216.067441 0.000000 0.000000 0.000000 0.000000
1370582216.102235 0.000000 0.000000 0.000000 0.000000
1370582216.139067 0.000000 0.000000 0.000000 0.000000
1370582216.168912 0.000000 0.000000 0.000000 0.000000
1370582216.200813 0.000000 0.000000 0.000000 0.000000
1370582216.234543 0.000000 0.000000 0.000000 0.000000
1370582216.268281 0.000000 0.000000 0.000000 0.000000
1370582216.335224 0.000000 0.000000 0.000000 0.000000
1370582216.369205 0.000000 0.000000 0.000000 0.000000
1370582216.436325 0.000000 0.000000 0.000000 0.000000
1370582216.469516 0.000000 0.000000 0.000000 0.000000
1370582216.507010 0.000000 0.000000 0.000000 0.000000
1370582216.536044 0.000000 0.000000 0.000000 0.000000
1370582216.603051 0.000000 0.000000 0.000000 0.000000
1370582216.637420 0.000000 0.000000 0.000000 0.000000
1370582216.704365 0.000000 0.000000 0.000000 0.000000
1370582216.736446 0.000000 0.000000 0.000000 0.000000
1370582216.802978 0.000000 0.000000 0.000000 0.000000
1370582216.837397 0.000000 0.000000 0.000000 0.000000
1370582216.903408 0.000000 0.000000 0.000000 0.000000
1370582216.937117 0.000000 0.000000 0.000000 0.000000
1370582216.969703 0.000000 0.000000 0.000000 0.000000
1370582217.003665 0.000000 0.000000 0.000000 0.000000
1370582217.038031 0.000000 0.000000 0.000000 0.000000
1370582217.078603 0.000000 0.000000 0.000000 0.000000
1370582217.105449 0.000000 0.000000 0.000000 0.000000
1370582217.138885 0.000000 0.000000 0.000000 0.000000
1370582217.171683 0.000000 0.000000 0.000000 0.000000
1370582217.205726 0.000000 0.000000 0.000000 0.000000
1370582217.238993 0.000000 0.000000 0.000000 0.000000
1370582217.270962 0.000000 0.000000 0.000000 0.000000
1370582217.305613 0.000000 0.000000 0.000000 0.000000
1370582217.339198 0.000000 0.000000 0.000000 0.000000
1370582217.373048 0.000000 0.000000 0.000000 0.000000
1370582217.406304 0.000000 0.000000 0.000000 0.000000
1370582217.437658 0.000000 0.000000 0.000000 0.000000
1370582217.472391 0.000000 0.000000 0.000000 0.000000
1370582217.506232 0.000000 0.000000 0.000000 0.000000
1370582217.545378 0.000000 0.000000 0.000000 0.000000
1370582217.572653 0.000000 0.000000 0.000000 0.000000
1370582217.606471 0.000000 0.000000 0.000000 0.000000
1370582217.639564 0.000000 0.000000 0.000000 0.000000
1370582217.672702 0.000000 0.000000 0.000000 0.000000
1370582217.706031 0.000000 0.000000 0.000000 0.000000
1370582217.739463 0.000000 0.000000 0.000000 0.000000
1370582217.773740 0.000000 0.000000 0.000000 0.000000
1370582217.806793 0.000000 0.000000 0.000000 0.000000
1370582217.840400 0.000000 0.000000 0.000000 0.000000
1370582217.873629 0.000000 0.000000 0.000000 0.000000
1370582217.906239 0.000000 0.000000 0.000000 0.000000
1370582217.939804 0.000000 0.000000 0.000000 0.000000
1370582217.978786 0.000000 0.000000 0.000000 0.000000
1370582218.006468 0.000000 0.000000 0.000000 0.000000
1370582218.041183 0.000000 0.000000 0.000000 0.000000
1370582218.075228 0.000000 0.000000 0.000000 0.000000
1370582218.107361 0.000000 0.000000 0.000000 0.000000
1370582218.142307 0.000000 0.000000 0.000000 0.000000
1370582218.174968 0.000000 0.000000 0.000000 0.000000
1370582218.207967 0.000000 0.000000 0.000000 0.000000
1370582218.240850 0.000000 0.000000 0.000000 0.000000
1370582218.273641 0.000000 0.000000 0.000000 0.000000
1370582218.307745 0.000000 0.000000 0.000000 0.000000
1370582218.341964 0.000000 0.000000 0.000000 0.000000
1370582218.375514 0.000000 0.000000 0.000000 0.000000
1370582218.415335 0.000000 0.000000 0.000000 0.000000
1370582218.442237 0.000000 0.000000 0.000000 0.000000
1370582218.474708 0.000000 0.000000 0.000000 0.000000
1370582218.507913 0.000000 0.000000 0.000000 0.000000
1370582218.541250 0.000000 0.000000 0.000000 0.000000
1370582218.574505 0.000000 0.000000 0.000000 0.000000
1370582218.608154 0.000000 0.000000 0.000000 0.000000
1370582218.641115 0.000000 0.000000 0.000000 0.000000
1370582218.675481 0.000000 0.000000 0.000000 0.000000
1370582218.710215 0.000000 0.000000 0.000000 0.000000
1370582218.742811 0.000000 0.000000 0.000000 0.000000
1370582218.776483 0.000000 0.000000 0.000000 0.000000
1370582218.810737 0.000000 0.000000 0.000000 0.000000
1370582218.844250 0.000000 0.000000 0.000000 0.000000
1370582218.881356 0.000000 0.000000 0.000000 0.000000
1370582218.910945 0.000000 0.000000 0.000000 0.000000
1370582218.943346 0.000000 0.000000 0.000000 0.000000
1370582218.976803 0.000000 0.000000 0.000000 0.000000
1370582219.010885 0.000000 0.000000 0.000000 0.000000
1370582219.044109 0.000000 0.000000 0.000000 0.000000
1370582219.077592 0.000000 0.000000 0.000000 0.000000
1370582219.111300 0.000000 0.000000 0.000000 0.000000
1370582219.142808 0.000000 0.000000 0.000000 0.000000
1370582219.177329 0.000000 0.000000 0.000000 0.000000
1370582219.211569 0.000000 0.000000 0.000000 0.000000
1370582219.244488 0.000000 0.000000 0.000000 0.000000
1370582219.277577 0.000000 0.000000 0.000000 0.000000
1370582219.315449 0.000000 0.000000 0.000000 0.000000
1370582219.344405 0.000000 0.000000 0.000000 0.000000
1370582219.384310 0.000000 0.000000 0.000000 0.000000
1370582219.411630 0.000000 0.000000 0.000000 0.000000
1370582219.444764 0.000000 0.000000 0.000000 0.000000
1370582219.478296 0.000000 0.000000 0.000000 0.000000
1370582219.511744 0.000000 0.000000 0.000000 0.000000
1370582219.546004 0.000000 0.000000 0.000000 0.000000
1370582219.577211 0.000000 0.000000 0.000000 0.000000
1370582219.610578 0.000000 0.000000 0.000000 0.000000
1370582219.644016 0.000000 0.000000 0.000000 0.000000
1370582219.678186 0.000000 0.000000 0.000000 0.000000
1370582219.713025 0.000000 0.000000 0.000000 0.000000
1370582219.751804 0.000000 0.000000 0.000000 0.000000
1370582219.781212 0.000000 0.000000 0.000000 0.000000
1370582219.813124 0.000000 0.000000 0.000000 0.000000
1370582219.846542 0.000000 0.000000 0.000000 0.000000
1370582219.879766 0.000000 0.000000 0.000000 0.000000
1370582219.913072 0.000000 0.000000 0.000000 0.000000
1370582219.944982 0.000000 0.000000 0.000000 0.000000
1370582219.978703 0.000000 0.000000 0.000000 0.000000
1370582220.013024 0.000000 0.000000 0.000000 0.000000
1370582220.046333 0.000000 0.000000 0.000000 0.000000
1370582220.078858 0.000000 0.000000 0.000000 0.000000
1370582220.112792 0.000000 0.000000 0.000000 0.000000
1370582220.146931 0.000000 0.000000 0.000000 0.000000
1370582220.181512 0.000000 0.000000 0.000000 0.000000
1370582220.220399 0.000000 0.000000 0.000000 0.000000
1370582220.248034 0.000000 0.000000 0.000000 0.000000
1370582220.280371 0.000000 0.000000 0.000000 0.000000
1370582220.313580 0.000000 0.000000 0.000000 0.000000
1370582220.346093 0.000000 0.000000 0.000000 0.000000
1370582220.380147 0.000000 0.000000 0.000000 0.000000
1370582220.414222 0.000000 0.000000 0.000000 0.000000
1370582220.447466 0.000000 0.000000 0.000000 0.000000
1370582220.481346 0.000000 0.000000 0.000000 0.000000
1370582220.514582 0.000000 0.000000 0.000000 0.000000
1370582220.547690 0.000000 0.000000 0.000000 0.000000
1370582220.581518 0.000000 0.000000 0.000000 0.000000
1370582220.615969 0.000000 0.000000 0.000000 0.000000
1370582220.648710 0.000000 0.000000 0.000000 0.000000
1370582220.686012 0.000000 0.000000 0.000000 0.000000
1370582220.719339 0.000000 0.000000 0.000000 0.000000
1370582220.747482 0.000000 0.000000 0.000000 0.000000
1370582220.780818 0.000000 0.000000 0.000000 0.000000
1370582220.815366 0.000000 0.000000 0.000000 0.000000
1370582220.849138 0.000000 0.000000 0.000000 0.000000
1370582220.882062 0.000000 0.000000 0.000000 0.000000
1370582220.915491 0.000000 0.000000 0.000000 0.000000
1370582220.949447 0.000000 0.000000 0.000000 0.000000
1370582220.982354 0.000000 0.000000 0.000000 0.000000
1370582221.016155 0.000000 0.000000 0.000000 0.000000
1370582221.049322 0.000000 0.000000 0.000000 0.000000
1370582221.081545 0.000000 0.000000 0.000000 0.000000
1370582221.114729 0.000000 0.000000 0.000000 0.000000
1370582221.150858 0.000000 0.000000 0.000000 0.000000
1370582221.186037 0.000000 0.000000 0.000000 0.000000
1370582221.216410 0.000000 0.000000 0.000000 0.000000
1370582221.250494 0.000000 0.000000 0.000000 0.000000
1370582221.281977 0.000000 0.000000 0.000000 0.000000
1370582221.315481 0.000000 0.000000 0.000000 0.000000
1370582221.350123 0.000000 0.000000 0.000000 0.000000
1370582221.384667 0.000000 0.000000 0.000000 0.000000
1370582221.416958 0.000000 0.000000 0.000000 0.000000
1370582221.449718 0.000000 0.000000 0.000000 0.000000
1370582221.482488 0.000000 0.000000 0.000000 0.000000
1370582221.516081 0.000000 0.000000 0.000000 0.000000
1370582221.550749 0.000000 0.000000 0.000000 0.000000
1370582221.583722 0.000000 0.000000 0.000000 0.000000
1370582221.619806 0.000000 0.000000 0.000000 0.000000
1370582221.655192 0.000000 0.000000 0.000000 0.000000
1370582221.682926 0.000000 0.000000 0.000000 0.000000
1370582221.718693 0.000000 0.000000 0.000000 0.000000
1370582221.751110 0.000000 0.000000 0.000000 0.000000
1370582221.784344 0.000000 0.000000 0.000000 0.000000
1370582221.818557 0.000000 0.000000 0.000000 0.000000
1370582221.851448 0.000000 0.000000 0.000000 0.000000
1370582221.883490 0.000000 0.000000 0.000000 0.000000
1370582221.917053 0.000000 0.000000 0.000000 0.000000
1370582221.951144 0.000000 0.000000 0.000000 0.000000
1370582221.985111 0.000000 0.000000 0.000000 0.000000
1370582222.021373 0.000000 0.000000 0.000000 0.000000
1370582222.055337 0.000000 0.000000 0.000000 0.000000
1370582222.092370 0.000000 0.000000 0.000000 0.000000
1370582222.119450 0.000000 0.000000 0.000000 0.000000
1370582222.152396 0.000000 0.000000 0.000000 0.000000
1370582222.185683 0.000000 0.000000 0.000000 0.000000
1370582222.220179 0.000000 0.000000 0.000000 0.000000
1370582222.252361 0.000000 0.000000 0.000000 0.000000
1370582222.284767 0.000000 0.000000 0.000000 0.000000
1370582222.318473 0.000000 0.000000 0.000000 0.000000
1370582222.352328 0.000000 0.000000 0.000000 0.000000
1370582222.387544 0.000000 0.000000 0.000000 0.000000
1370582222.420186 0.000000 0.000000 0.000000 0.000000
1370582222.452338 0.000000 0.000000 0.000000 0.000000
1370582222.487170 0.000000 0.000000 0.000000 0.000000
1370582222.519541 0.000000 0.000000 0.000000 0.000000
1370582222.558268 0.000000 0.000000 0.000000 0.000000
1370582222.586369 0.000000 0.000000 0.000000 0.000000
1370582222.620678 0.000000 0.000000 0.000000 0.000000
1370582222.654306 0.000000 0.000000 0.000000 0.000000
1370582222.685993 0.000000 0.000000 0.000000 0.000000
1370582222.721392 0.000000 0.000000 0.000000 0.000000
1370582222.754012 0.000000 0.000000 0.000000 0.000000
1370582222.787643 0.000000 0.000000 0.000000 0.000000
1370582222.821075 0.000000 0.000000 0.000000 0.000000
1370582222.854757 0.000000 0.000000 0.000000 0.000000
1370582222.886753 0.000000 0.000000 0.000000 0.000000
1370582222.920732 0.000000 0.000000 0.000000 0.000000
1370582222.953881 0.000000 0.000000 0.000000 0.000000
1370582222.988031 0.000000 0.000000 0.000000 0.000000
1370582223.022587 0.000000 0.000000 0.000000 0.000000
1370582223.059371 0.000000 0.000000 0.000000 0.000000
1370582223.088665 0.000000 0.000000 0.000000 0.000000
1370582223.122371 0.000000 0.000000 0.000000 0.000000
1370582223.156150 0.000000 0.000000 0.000000 0.000000
1370582223.188233 0.000000 0.000000 0.000000 0.000000
1370582223.221476 0.000000 0.000000 0.000000 0.000000
1370582223.254686 0.000000 0.000000 0.000000 0.000000
1370582223.288292 0.000000 0.000000 0.000000 0.000000
1370582223.321744 0.000000 0.000000 0.000000 0.000000
1370582223.355701 0.000000 0.000000 0.000000 0.000000
1370582223.391561 0.000000 0.000000 0.000000 0.000000
1370582223.421704 0.000000 0.000000 0.000000 0.000000
1370582223.456497 0.000000 0.000000 0.000000 0.000000
1370582223.490265 0.000000 0.000000 0.000000 0.000000
1370582223.530068 0.000000 0.000000 0.000000 0.000000
1370582223.556975 0.000000 0.000000 0.000000 0.000000
1370582223.589287 0.000000 0.000000 0.000000 0.000000
1370582223.623174 0.000000 0.000000 0.000000 0.000000
1370582223.656262 0.000000 0.000000 0.000000 0.000000
1370582223.689421 0.000000 0.000000 0.000000 0.000000
1370582223.723811 0.000000 0.000000 0.000000 0.000000
1370582223.757402 0.000000 0.000000 0.000000 0.000000
1370582223.791381 0.000000 0.000000 0.000000 0.000000
1370582223.824351 0.000000 0.000000 0.000000 0.000000
1370582223.859169 0.000000 0.000000 0.000000 0.000000
1370582223.891349 0.000000 0.000000 0.000000 0.000000
1370582223.925107 0.000000 0.000000 0.000000 0.000000
1370582223.958700 0.000000 0.000000 0.000000 0.000000
1370582223.991408 0.000000 0.000000 0.000000 0.000000
1370582224.031998 0.000000 0.000000 0.000000 0.000000
1370582224.059172 0.000000 0.000000 0.000000 0.000000
1370582224.091242 0.000000 0.000000 0.000000 0.000000
1370582224.124342 0.000000 0.000000 0.000000 0.000000
1370582224.158372 0.000000 0.000000 0.000000 0.000000
1370582224.191999 0.000000 0.000000 0.000000 0.000000
1370582224.226300 0.000000 0.000000 0.000000 0.000000
1370582224.258619 0.000000 0.000000 0.000000 0.000000
1370582224.292333 0.000000 0.000000 0.000000 0.000000
1370582224.358579 0.000000 0.000000 0.000000 0.000000
1370582224.394393 0.000000 0.000000 0.000000 0.000000
1370582224.458219 0.000000 0.000000 0.000000 0.000000
1370582224.491939 0.000000 0.000000 0.000000 0.000000
1370582224.558613 0.000000 0.000000 0.000000 0.000000
1370582224.599572 0.000000 0.000000 0.000000 0.000000
1370582224.659713 0.000000 0.000000 0.000000 0.000000
1370582224.694272 0.000000 0.000000 0.000000 0.000000
1370582224.759743 0.000000 0.000000 0.000000 0.000000
1370582224.794150 0.000000 0.000000 0.000000 0.000000
1370582224.828597 0.000000 0.000000 0.000000 0.000000
1370582224.861563 0.000000 0.000000 0.000000 0.000000
1370582224.927932 0.000000 0.000000 0.000000 0.000000
1370582224.962204 0.000000 0.000000 0.000000 0.000000
1370582224.993369 0.000000 0.000000 0.000000 0.000000
1370582225.028652 0.000000 0.000000 0.000000 0.000000
1370582225.062119 0.000000 0.000000 0.000000 0.000000
1370582225.094969 0.000000 0.000000 0.000000 0.000000
1370582225.133287 0.000000 0.000000 0.000000 0.000000
1370582225.161088 0.000000 0.000000 0.000000 0.000000
1370582225.202614 0.000000 0.000000 0.000000 0.000000
1370582225.228676 0.000000 0.000000 0.000000 0.000000
1370582225.262003 0.000000 0.000000 0.000000 0.000000
1370582225.295566 0.000000 0.000000 0.000000 0.000000
1370582225.328658 0.000000 0.000000 0.000000 0.000000
1370582225.362170 0.000000 0.000000 0.000000 0.000000
1370582225.396113 0.000000 0.000000 0.000000 0.000000
1370582225.429231 0.000000 0.000000 0.000000 0.000000
1370582225.463106 0.000000 0.000000 0.000000 0.000000
1370582225.494536 0.000000 0.000000 0.000000 0.000000
1370582225.528424 0.000000 0.000000 0.000000 0.000000
1370582225.561513 0.000000 0.000000 0.000000 0.000000
1370582225.594872 0.000000 0.000000 0.000000 0.000000
1370582225.628368 0.000000 0.000000 0.000000 0.000000
1370582225.661755 0.000000 0.000000 0.000000 0.000000
1370582225.696353 0.000000 0.000000 0.000000 0.000000
1370582225.736061 0.000000 0.000000 0.000000 0.000000
1370582225.763819 0.000000 0.000000 0.000000 0.000000
1370582225.796780 0.000000 0.000000 0.000000 0.000000
1370582225.831508 0.000000 0.000000 0.000000 0.000000
1370582225.863764 0.000000 0.000000 0.000000 0.000000
1370582225.896300 0.000000 0.000000 0.000000 0.000000
1370582225.930402 0.000000 0.000000 0.000000 0.000000
1370582225.963260 0.000000 0.000000 0.000000 0.000000
1370582225.996801 0.000000 0.000000 0.000000 0.000000
1370582226.030396 0.000000 0.000000 0.000000 0.000000
1370582226.063802 0.000000 0.000000 0.000000 0.000000
1370582226.097212 0.000000 0.000000 0.000000 0.000000
1370582226.129902 0.000000 0.000000 0.000000 0.000000
1370582226.163543 0.000000 0.000000 0.000000 0.000000
1370582226.198864 0.000000 0.000000 0.000000 0.000000
1370582226.235069 0.000000 0.000000 0.000000 0.000000
1370582226.264080 0.000000 0.000000 0.000000 0.000000
1370582226.297564 0.000000 0.000000 0.000000 0.000000
1370582226.331392 0.000000 0.000000 0.000000 0.000000
1370582226.365323 0.000000 0.000000 0.000000 0.000000
1370582226.399520 0.000000 0.000000 0.000000 0.000000
1370582226.432284 0.000000 0.000000 0.000000 0.000000
1370582226.465426 0.000000 0.000000 0.000000 0.000000
1370582226.500288 0.000000 0.000000 0.000000 0.000000
1370582226.530657 0.000000 0.000000 0.000000 0.000000
1370582226.564718 0.000000 0.000000 0.000000 0.000000
1370582226.598345 0.000000 0.000000 0.000000 0.000000
1370582226.631791 0.000000 0.000000 0.000000 0.000000
1370582226.666442 0.000000 0.000000 0.000000 0.000000
1370582226.698274 0.000000 0.000000 0.000000 0.000000
1370582226.734553 0.000000 0.000000 0.000000 0.000000
1370582226.770257 0.000000 0.000000 0.000000 0.000000
1370582226.799046 0.000000 0.000000 0.000000 0.000000
1370582226.832475 0.000000 0.000000 0.000000 0.000000
1370582226.866148 0.000000 0.000000 0.000000 0.000000
1370582226.899486 0.000000 0.000000 0.000000 0.000000
1370582226.933269 0.000000 0.000000 0.000000 0.000000
1370582226.966052 0.000000 0.000000 0.000000 0.000000
1370582226.999695 0.000000 0.000000 0.000000 0.000000
1370582227.033120 0.000000 0.000000 0.000000 0.000000
1370582227.066944 0.000000 0.000000 0.000000 0.000000
1370582227.099996 0.000000 0.000000 0.000000 0.000000
1370582227.133592 0.000000 0.000000 0.000000 0.000000
1370582227.167129 0.000000 0.000000 0.000000 0.000000
1370582227.201255 0.000000 0.000000 0.000000 0.000000
1370582227.233657 0.000000 0.000000 0.000000 0.000000
1370582227.266929 0.000000 0.000000 0.000000 0.000000
1370582227.307538 0.000000 0.000000 0.000000 0.000000
1370582227.334215 0.000000 0.000000 0.000000 0.000000
1370582227.367547 0.000000 0.000000 0.000000 0.000000
1370582227.402786 0.000000 0.000000 0.000000 0.000000
1370582227.435353 0.000000 0.000000 0.000000 0.000000
1370582227.469162 0.000000 0.000000 0.000000 0.000000
1370582227.502659 0.000000 0.000000 0.000000 0.000000
1370582227.535459 0.000000 0.000000 0.000000 0.000000
1370582227.567735 0.000000 0.000000 0.000000 0.000000
1370582227.602807 0.000000 0.000000 0.000000 0.000000
1370582227.636155 0.000000 0.000000 0.000000 0.000000
1370582227.669708 0.000000 0.000000 0.000000 0.000000
1370582227.702948 0.000000 0.000000 0.000000 0.000000
1370582227.736540 0.000000 0.000000 0.000000 0.000000
1370582227.769964 0.000000 0.000000 0.000000 0.000000
1370582227.803348 0.000000 0.000000 0.000000 0.000000
1370582227.840612 0.000000 0.000000 0.000000 0.000000
1370582227.870714 0.000000 0.000000 0.000000 0.000000
1370582227.904436 0.000000 0.000000 0.000000 0.000000
1370582227.937153 0.000000 0.000000 0.000000 0.000000
1370582227.971310 0.000000 0.000000 0.000000 0.000000
1370582228.004214 0.000000 0.000000 0.000000 0.000000
1370582228.037158 0.000000 0.000000 0.000000 0.000000
1370582228.072022 0.000000 0.000000 0.000000 0.000000
1370582228.103935 0.000000 0.000000 0.000000 0.000000
1370582228.137721 0.000000 0.000000 0.000000 0.000000
1370582228.171275 0.000000 0.000000 0.000000 0.000000
1370582228.204269 0.000000 0.000000 0.000000 0.000000
1370582228.238011 0.000000 0.000000 0.000000 0.000000
1370582228.270585 0.000000 0.000000 0.000000 0.000000
1370582228.303789 0.000000 0.000000 0.000000 0.000000
1370582228.341143 0.000000 0.000000 0.000000 0.000000
1370582228.376375 0.000000 0.000000 0.000000 0.000000
1370582228.404635 0.000000 0.000000 0.000000 0.000000
1370582228.437419 0.000000 0.000000 0.000000 0.000000
1370582228.470867 0.000000 0.000000 0.000000 0.000000
1370582228.504691 0.000000 0.000000 0.000000 0.000000
1370582228.538783 0.000000 0.000000 0.000000 0.000000
1370582228.570996 0.000000 0.000000 0.000000 0.000000
1370582228.604649 0.000000 0.000000 0.000000 0.000000
1370582228.639235 0.000000 0.000000 0.000000 0.000000
1370582228.674344 0.000000 0.000000 0.000000 0.000000
1370582228.705942 0.000000 0.000000 0.000000 0.000000
1370582228.739712 0.000000 0.000000 0.000000 0.000000
1370582228.772816 0.000000 0.000000 0.000000 0.000000
1370582228.806573 0.000000 0.000000 0.000000 0.000000
1370582228.841353 0.000000 0.000000 0.000000 0.000000
1370582228.879094 0.000000 0.000000 0.000000 0.000000
1370582228.905318 0.000000 0.000000 0.000000 0.000000
1370582228.939385 0.000000 0.000000 0.000000 0.000000
1370582228.972288 0.000000 0.000000 0.000000 0.000000
1370582229.005599 0.000000 0.000000 0.000000 0.000000
1370582229.039208 0.000000 0.000000 0.000000 0.000000
1370582229.074187 0.000000 0.000000 0.000000 0.000000
1370582229.107099 0.000000 0.000000 0.000000 0.000000
1370582229.140504 0.000000 0.000000 0.000000 0.000000
1370582229.174411 0.000000 0.000000 0.000000 0.000000
1370582229.206239 0.000000 0.000000 0.000000 0.000000
1370582229.239422 0.000000 0.000000 0.000000 0.000000
1370582229.272812 0.000000 0.000000 0.000000 0.000000
1370582229.306475 0.000000 0.000000 0.000000 0.000000
1370582229.339872 0.000000 0.000000 0.000000 0.000000
1370582229.377436 0.000000 0.000000 0.000000 0.000000
1370582229.412447 0.000000 0.000000 0.000000 0.000000
1370582229.440911 0.000000 0.000000 0.000000 0.000000
1370582229.476122 0.000000 0.000000 0.000000 0.000000
1370582229.508318 0.000000 0.000000 0.000000 0.000000
1370582229.542603 0.000000 0.000000 0.000000 0.000000
1370582229.575296 0.000000 0.000000 0.000000 0.000000
1370582229.610050 0.000000 0.000000 0.000000 0.000000
1370582229.642714 0.000000 0.000000 0.000000 0.000000
1370582229.674039 0.000000 0.000000 0.000000 0.000000
1370582229.707565 0.000000 0.000000 0.000000 0.000000
1370582229.742155 0.000000 0.000000 0.000000 0.000000
1370582229.775540 0.000000 0.000000 0.000000 0.000000
1370582229.809394 0.000000 0.000000 0.000000 0.000000
1370582229.842383 0.000000 0.000000 0.000000 0.000000
1370582229.875386 0.000000 0.000000 0.000000 0.000000
1370582229.910654 0.000000 0.000000 0.000000 0.000000
1370582229.948379 0.000000 0.000000 0.000000 0.000000
1370582229.975382 0.000000 0.000000 0.000000 0.000000
1370582230.010227 0.000000 0.000000 0.000000 0.000000
1370582230.043200 0.000000 0.000000 0.000000 0.000000
1370582230.078072 0.000000 0.000000 0.000000 0.000000
1370582230.110030 0.000000 0.000000 0.000000 0.000000
1370582230.142072 0.000000 0.000000 0.000000 0.000000
1370582230.177093 0.000000 0.000000 0.000000 0.000000
1370582230.210125 0.000000 0.000000 0.000000 0.000000
1370582230.243383 0.000000 0.000000 0.000000 0.000000
1370582230.277330 0.000000 0.000000 0.000000 0.000000
1370582230.310240 0.000000 0.000000 0.000000 0.000000
1370582230.343412 0.000000 0.000000 0.000000 0.000000
1370582230.377448 0.000000 0.000000 0.000000 0.000000
1370582230.411314 0.000000 0.000000 0.000000 0.000000
1370582230.451346 0.000000 0.000000 0.000000 0.000000
1370582230.478882 0.000000 0.000000 0.000000 0.000000
1370582230.511143 0.000000 0.000000 0.000000 0.000000
1370582230.544078 0.000000 0.000000 0.000000 0.000000
1370582230.578116 0.000000 0.000000 0.000000 0.000000
1370582230.610019 0.000000 0.000000 0.000000 0.000000
1370582230.645219 0.000000 0.000000 0.000000 0.000000
1370582230.678338 0.000000 0.000000 0.000000 0.000000
1370582230.711722 0.000000 0.000000 0.000000 0.000000
1370582230.745322 0.000000 0.000000 0.000000 0.000000
1370582230.778679 0.000000 0.000000 0.000000 0.000000
1370582230.812047 0.000000 0.000000 0.000000 0.000000
1370582230.844075 0.000000 0.000000 0.000000 0.000000
1370582230.878687 0.000000 0.000000 0.000000 0.000000
1370582230.911777 0.000000 0.000000 0.000000 0.000000
1370582230.945624 0.000000 0.000000 0.000000 0.000000
1370582230.986455 0.000000 0.000000 0.000000 0.000000
1370582231.012029 0.000000 0.000000 0.000000 0.000000
1370582231.045664 0.000000 0.000000 0.000000 0.000000
1370582231.078624 0.000000 0.000000 0.000000 0.000000
1370582231.115930 0.000000 0.000000 0.000000 0.000000
1370582231.145152 0.000000 0.000000 0.000000 0.000000
1370582231.178386 0.000000 0.000000 0.000000 0.000000
1370582231.211878 0.000000 0.000000 0.000000 0.000000
1370582231.245160 0.000000 0.000000 0.000000 0.000000
1370582231.278879 0.000000 0.000000 0.000000 0.000000
1370582231.312809 0.000000 0.000000 0.000000 0.000000
1370582231.346713 0.000000 0.000000 0.000000 0.000000
1370582231.379664 0.000000 0.000000 0.000000 0.000000
1370582231.413620 0.000000 0.000000 0.000000 0.000000
1370582231.446926 0.000000 0.000000 0.000000 0.000000
1370582231.480216 0.000000 0.000000 0.000000 0.000000
1370582231.521032 0.000000 0.000000 0.000000 0.000000
1370582231.547308 0.000000 0.000000 0.000000 0.000000
1370582231.580513 0.000000 0.000000 0.000000 0.000000
1370582231.613106 0.000000 0.000000 0.000000 0.000000
1370582231.646347 0.000000 0.000000 0.000000 0.000000
1370582231.680793 0.000000 0.000000 0.000000 0.000000
1370582231.715408 1.391995 0.067568 0.000000 0.000000
1370582231.748364 1.388411 0.056824 0.000000 0.000000
1370582231.781304 1.361084 0.049451 0.000000 0.000000
1370582231.815195 1.303772 0.041824 0.000000 0.000000
1370582231.848130 1.248348 0.032925 0.000000 0.000000
1370582231.881448 0.000000 0.000000 0.000000 0.000000
1370582231.915085 1.172275 0.025132 0.000000 0.000000
1370582231.949101 1.171582 0.025054 0.000000 0.000000
1370582231.982166 1.173216 0.027159 0.000000 0.000000
1370582232.015301 1.173762 0.028139 0.000000 0.000000
1370582232.051041 0.000000 0.000000 0.000000 0.000000
1370582232.088651 0.000000 0.000000 0.000000 0.000000
1370582232.116281 1.164006 0.031589 0.000000 0.000000
1370582232.149468 1.163311 0.032056 0.000000 0.000000
1370582232.181691 1.163351 0.032613 0.000000 0.000000
1370582232.214820 1.162321 0.032218 0.000000 0.000000
1370582232.248618 1.163188 0.032718 0.000000 0.000000
1370582232.281347 1.162418 0.032587 0.000000 0.000000
1370582232.316210 1.159881 0.032094 0.000000 0.000000
1370582232.349232 1.158415 0.031872 0.000000 0.000000
1370582232.383011 1.163538 0.032499 0.000000 0.000000
1370582232.417331 1.162349 0.032611 0.000000 0.000000
1370582232.450494 1.163816 0.032176 0.000000 0.000000
1370582232.482428 1.160479 0.032655 0.000000 0.000000
1370582232.516971 1.161860 0.031804 0.000000 0.000000
1370582232.582082 1.159389 0.031591 0.000000 0.000000
1370582232.618526 1.159783 0.032130 0.000000 0.000000
1370582232.691092 1.160929 0.033020 0.000000 0.000000
1370582232.717539 1.162179 0.032036 0.000000 0.000000
1370582232.783975 1.157152 0.031950 0.000000 0.000000
1370582232.817571 1.161081 0.032031 0.000000 0.000000
1370582232.884952 1.162717 0.032419 0.000000 0.000000
1370582232.919381 1.158589 0.032464 0.000000 0.000000
1370582232.952186 1.162948 0.031812 0.000000 0.000000
1370582232.985291 1.158827 0.032279 0.000000 0.000000
1370582233.018497 1.159267 0.032392 0.000000 0.000000
1370582233.051681 1.160838 0.032121 0.000000 0.000000
1370582233.086274 1.160224 0.032438 0.000000 0.000000
1370582233.118689 1.161332 0.032948 0.000000 0.000000
1370582233.152615 1.162533 0.032382 0.000000 0.000000
1370582233.186032 1.160790 0.032153 0.000000 0.000000
1370582233.219109 1.169403 0.033491 0.000000 0.000000
1370582233.252195 1.168753 0.033243 0.000000 0.000000
1370582233.286160 1.171305 0.033505 0.000000 0.000000
1370582233.327115 1.169363 0.033057 0.000000 0.000000
1370582233.354369 1.167068 0.032780 0.000000 0.000000
1370582233.386515 1.169289 0.033331 0.000000 0.000000
1370582233.420189 1.169486 0.033740 0.000000 0.000000
1370582233.453185 1.170823 0.034044 0.000000 0.000000
1370582233.486900 1.170488 0.034616 0.000000 0.000000
1370582233.519643 1.173757 0.035232 0.000000 0.000000
1370582233.551746 1.170814 0.034886 0.000000 0.000000
1370582233.586902 1.169305 0.033509 0.000000 0.000000
1370582233.619701 1.169664 0.033757 0.000000 0.000000
1370582233.654164 1.175063 0.033806 0.000000 0.000000
1370582233.687525 1.167851 0.034201 0.000000 0.000000
1370582233.720110 1.167112 0.033178 0.000000 0.000000
1370582233.754873 1.169377 0.033781 0.000000 0.000000
1370582233.787553 1.172254 0.032765 0.000000 0.000000
1370582233.820451 1.168406 0.033343 0.000000 0.000000
1370582233.854417 1.170164 0.032234 0.000000 0.000000
1370582233.893254 0.000000 0.000000 0.000000 0.000000
1370582233.919897 1.166776 0.031190 0.000000 0.000000
1370582233.955138 1.167152 0.031119 0.000000 0.000000
1370582233.988028 1.168654 0.031178 0.000000 0.000000
1370582234.019658 1.287070 0.045031 0.000000 0.000000
1370582234.054615 1.409432 0.052661 0.000000 0.000000
1370582234.090900 1.225054 0.032375 0.000000 0.000000
1370582234.122432 1.185997 0.033123 0.000000 0.000000
1370582234.156300 1.184723 0.030753 0.000000 0.000000
1370582234.188748 0.000000 0.000000 0.000000 0.000000
1370582234.223264 1.173990 0.031081 0.000000 0.000000
1370582234.256254 1.174954 0.031139 0.000000 0.000000
1370582234.289075 0.000000 0.000000 0.000000 0.000000
1370582234.323444 1.170815 0.032025 0.000000 0.000000
1370582234.356474 0.000000 0.000000 0.000000 0.000000
1370582234.392691 1.173541 0.032853 0.000000 0.000000
1370582234.432535 1.172263 0.031389 0.000000 0.000000
1370582234.455592 1.173685 0.031403 0.000000 0.000000
1370582234.489221 1.172091 0.032031 0.000000 0.000000
1370582234.522623 1.177858 0.030881 0.000000 0.000000
1370582234.559417 1.179269 0.032540 0.000000 0.000000
1370582234.591586 1.172738 0.032473 0.000000 0.000000
1370582234.625971 1.179329 0.031040 0.000000 0.000000
1370582234.658274 1.173606 0.032958 0.000000 0.000000
1370582234.689680 1.186254 0.029751 0.000000 0.000000
1370582234.724592 1.173782 0.030812 0.000000 0.000000
1370582234.757064 1.179622 0.032311 0.000000 0.000000
1370582234.790013 1.179433 0.030378 0.000000 0.000000
1370582234.825086 1.172816 0.032984 0.000000 0.000000
1370582234.860273 1.184146 0.031039 0.000000 0.000000
1370582234.898146 1.187417 0.029328 0.000000 0.000000
1370582234.925312 1.181249 0.031746 0.000000 0.000000
1370582234.958498 1.173183 0.032169 0.000000 0.000000
1370582234.991281 1.161614 0.031968 0.000000 0.000000
1370582235.023833 1.171291 0.030006 0.000000 0.000000
1370582235.058451 1.186119 0.030106 0.000000 0.000000
1370582235.091514 1.179320 0.031100 0.000000 0.000000
1370582235.126190 1.177545 0.031362 0.000000 0.000000
1370582235.159021 1.175760 0.030257 0.000000 0.000000
1370582235.192047 1.161724 0.031237 0.000000 0.000000
1370582235.225684 1.156162 0.031490 0.000000 0.000000
1370582235.259216 1.173927 0.031486 0.000000 0.000000
1370582235.292346 1.176351 0.030418 0.000000 0.000000
1370582235.326780 1.184918 0.030489 0.000000 0.000000
1370582235.367178 1.177251 0.029935 0.000000 0.000000
1370582235.393257 1.173211 0.029341 0.000000 0.000000
1370582235.426057 1.177500 0.030434 0.000000 0.000000
1370582235.458499 1.167780 0.032531 0.000000 0.000000
1370582235.492262 1.174414 0.031630 0.000000 0.000000
1370582235.525542 1.169851 0.032561 0.000000 0.000000
1370582235.558580 1.174413 0.031297 0.000000 0.000000
1370582235.593552 1.170780 0.032535 0.000000 0.000000
1370582235.626317 1.174306 0.030789 0.000000 0.000000
1370582235.660147 1.167657 0.032377 0.000000 0.000000
1370582235.694325 1.172928 0.031306 0.000000 0.000000
1370582235.727286 1.171998 0.030488 0.000000 0.000000
1370582235.759758 1.173924 0.032447 0.000000 0.000000
1370582235.792637 1.174813 0.031314 0.000000 0.000000
1370582235.835109 1.172977 0.033173 0.000000 0.000000
1370582235.860603 1.172148 0.033161 0.000000 0.000000
1370582235.894473 1.174546 0.032744 0.000000 0.000000
1370582235.929005 1.175070 0.031626 0.000000 0.000000
1370582235.960904 1.176199 0.031671 0.000000 0.000000
1370582235.995140 1.173548 0.031364 0.000000 0.000000
1370582236.028045 1.179585 0.033389 0.000000 0.000000
1370582236.059993 1.172181 0.032763 0.000000 0.000000
1370582236.094508 1.174469 0.031278 0.000000 0.000000
1370582236.126957 1.173732 0.031265 0.000000 0.000000
1370582236.161233 1.179425 0.033424 0.000000 0.000000
1370582236.195485 1.177864 0.032833 0.000000 0.000000
1370582236.228226 1.174356 0.032822 0.000000 0.000000
1370582236.261664 1.172414 0.032740 0.000000 0.000000
1370582236.298345 1.175444 0.031689 0.000000 0.000000
1370582236.331443 1.175444 0.031689 0.000000 0.000000
1370582236.361226 1.173445 0.033479 0.000000 0.000000
1370582236.395078 1.178918 0.030799 0.000000 0.000000
1370582236.430175 1.176028 0.033794 0.000000 0.000000
1370582236.462546 1.176780 0.033709 0.000000 0.000000
1370582236.494928 1.170816 0.033938 0.000000 0.000000
1370582236.527804 1.173778 0.032862 0.000000 0.000000
1370582236.562635 1.173330 0.033654 0.000000 0.000000
1370582236.597659 1.174112 0.034441 0.000000 0.000000
1370582236.629120 1.174028 0.031765 0.000000 0.000000
1370582236.663402 1.175202 0.033413 0.000000 0.000000
1370582236.696510 1.180738 0.031428 0.000000 0.000000
1370582236.730180 1.159460 0.031173 0.000000 0.000000
1370582236.764099 1.142861 0.033043 0.000000 0.000000
1370582236.805007 1.113692 0.030798 0.000000 0.000000
1370582236.829495 1.091767 0.029459 0.000000 0.000000
1370582236.863824 1.076701 0.031581 0.000000 0.000000
1370582236.895759 1.060440 0.030452 0.000000 0.000000
1370582236.929550 1.038699 0.030673 0.000000 0.000000
1370582236.962822 1.019248 0.028763 0.000000 0.000000
1370582236.995781 0.999085 0.030526 0.000000 0.000000
1370582237.031121 0.980848 0.029931 0.000000 0.000000
1370582237.063955 0.963131 0.028226 0.000000 0.000000
1370582237.098515 0.943263 0.029961 0.000000 0.000000
1370582237.131640 0.907691 0.027847 -1.178328 -0.022189
1370582237.164092 0.860104 0.027257 -0.942662 -0.017751
1370582237.198176 0.843835 0.027258 -0.754130 -0.014201
1370582237.231736 0.825697 0.028687 -0.603304 -0.011361
1370582237.266962 0.814535 0.028933 -0.482643 -0.009089
1370582237.304146 0.797609 0.028058 -0.386114 -0.007271
1370582237.331612 0.776729 0.028325 -0.308892 -0.005817
1370582237.364682 0.759057 0.029071 -0.247113 -0.004653
1370582237.400240 0.743373 0.030035 -0.197691 -0.003723
1370582237.432364 0.719634 0.030397 -0.158152 -0.002978
1370582237.465467 0.696591 0.030667 -0.158152 -0.002978
1370582237.499159 0.673415 0.031281 -1.162923 0.013340
1370582237.533244 0.616746 0.029513 -0.930338 0.010672
1370582237.566222 0.590899 0.030061 -0.744270 0.008537
1370582237.600457 0.587692 0.032528 -0.595416 0.006830
1370582237.632038 0.561027 0.032602 -0.476333 0.005464
1370582237.665568 0.548491 0.032403 -0.381066 0.004371
1370582237.708501 0.532715 0.033536 -0.304853 0.003497
1370582237.732002 0.512867 0.034152 -0.304853 0.003497
1370582237.768240 0.497829 0.033711 -1.095165 0.014653
1370582237.798251 0.467359 0.034103 -0.876132 0.011722
1370582237.831540 0.444702 0.033395 -0.700905 0.009378
1370582237.865340 0.396786 0.032410 -0.560724 0.007502
1370582237.898683 0.357906 0.030928 -0.560724 0.007502
1370582237.932313 0.342831 0.030353 -1.086805 -0.009792
1370582237.966277 0.333134 0.031377 -0.869444 -0.007833
1370582237.999179 0.318178 0.030473 -0.695555 -0.006267
1370582238.034066 0.300789 0.030442 -0.556444 -0.005013
1370582238.065379 0.280762 0.030613 -0.445155 -0.004011
1370582238.099425 0.256531 0.029723 -0.356124 -0.003208
1370582238.132123 0.232336 0.029250 -1.263070 -0.012369
1370582238.166130 0.208442 0.029450 -1.010456 -0.009895
1370582238.200414 0.166258 0.028054 -0.808365 -0.007916
1370582238.234142 0.127627 0.026690 -1.497206 -0.028314
1370582238.266913 0.103053 0.025012 -1.197765 -0.022652
1370582238.300953 0.079661 0.024509 -0.958212 -0.018121
1370582238.332670 0.048972 0.025828 -1.414713 -0.020835
1370582238.366227 0.044447 0.025049 -1.131770 -0.016668
1370582238.400369 0.069074 0.023032 -0.905416 -0.013334
1370582238.433624 0.088604 0.020077 -0.724333 -0.010667
1370582238.468239 0.097349 0.017806 -0.579466 -0.008534
1370582238.503096 0.100649 0.016082 -0.463573 -0.006827
1370582238.538139 0.103277 0.013620 -0.370859 -0.005462
1370582238.567755 0.106106 0.012002 -0.296687 -0.004369
1370582238.601633 0.108062 0.009994 -0.237349 -0.003496
1370582238.635086 0.110571 0.008238 -0.189880 -0.002796
1370582238.669398 0.112909 0.006229 -0.151904 -0.002237
1370582238.702301 0.114972 0.003965 -0.121523 -0.001790
1370582238.736985 0.117352 0.001998 -0.097218 -0.001432
1370582238.769664 0.119420 0.000149 -0.077775 -0.001145
1370582238.802949 0.121082 -0.001663 -0.062220 -0.000916
1370582238.835803 0.122103 -0.003338 0.624226 -0.266964
1370582238.869144 0.122929 -0.004844 0.499381 -0.213571
1370582238.902732 0.123501 -0.005486 0.399505 -0.170857
1370582238.936300 0.124202 -0.006686 0.319604 -0.136685
1370582238.970003 0.125571 -0.007589 0.255683 -0.109348
1370582239.002695 0.125655 -0.008551 0.204546 -0.087479
1370582239.035381 0.126849 -0.008802 0.163637 -0.069983
1370582239.070931 0.127304 -0.009169 0.130910 -0.055986
1370582239.103947 0.128947 -0.009195 0.104728 -0.044789
1370582239.135759 0.129656 -0.008629 0.083782 -0.035831
1370582239.169271 0.130847 -0.008602 0.067026 -0.028665
1370582239.202098 0.131235 -0.008214 0.053621 -0.022932
1370582239.236229 0.131278 -0.008042 0.042896 -0.018346
1370582239.270389 0.130945 -0.008451 0.034317 -0.014676
1370582239.303552 0.130358 -0.008518 0.027454 -0.011741
1370582239.338793 0.129636 -0.008441 0.021963 -0.009393
1370582239.371418 0.129227 -0.008638 0.017570 -0.007514
1370582239.403262 0.128915 -0.008653 0.014056 -0.006011
1370582239.438522 0.128805 -0.008519 0.011245 -0.004809
1370582239.473735 0.128951 -0.008082 0.008996 -0.003847
1370582239.509086 0.129025 -0.008247 0.007197 -0.003078
1370582239.536626 0.129315 -0.008332 0.005757 -0.002462
1370582239.569832 0.129324 -0.008334 0.004606 -0.001970
1370582239.603429 0.129434 -0.008494 0.003685 -0.001576
1370582239.637736 0.129143 -0.008512 0.002948 -0.001261
1370582239.671163 0.129250 -0.008400 0.002358 -0.001009
1370582239.704812 0.129008 -0.008170 0.001887 -0.000807
1370582239.738343 0.129438 -0.008482 0.001509 -0.000645
1370582239.771930 0.129435 -0.008179 0.001207 -0.000516
1370582239.805257 0.129375 -0.008470 0.000966 -0.000413
1370582239.838601 0.129213 -0.008411 0.000773 -0.000330
1370582239.872286 0.129411 -0.008176 0.000618 -0.000264
1370582239.907302 0.129232 -0.008518 0.000495 -0.000212
1370582239.939186 0.129188 -0.008415 0.000396 -0.000169
1370582239.972305 0.129209 -0.008463 0.000317 -0.000135
1370582240.006153 0.129446 -0.008140 0.000253 -0.000108
1370582240.039381 0.129268 -0.008332 0.000203 -0.000087
1370582240.072957 0.129430 -0.008453 0.000162 -0.000069
1370582240.107577 0.129120 -0.008493 0.000130 -0.000055
1370582240.139175 0.129157 -0.008469 0.000104 -0.000044
1370582240.172688 0.129207 -0.008388 0.000083 -0.000035
1370582240.205913 0.129099 -0.008230 0.000066 -0.000028
1370582240.240984 0.129238 -0.008519 0.000053 -0.000023
1370582240.306699 0.129244 -0.008146 0.000042 -0.000018
1370582240.341021 0.129236 -0.008060 0.000034 -0.000015
1370582240.374405 0.129282 -0.008433 0.000027 -0.000012
1370582240.407044 0.129088 -0.008472 0.000022 -0.000009
1370582240.441390 0.129335 -0.008350 0.000017 -0.000007
1370582240.477043 0.129122 -0.008233 0.000014 -0.000006
1370582240.514478 0.129225 -0.008127 0.000011 -0.000005
1370582240.541529 0.129275 -0.008527 0.000009 -0.000004
1370582240.574877 0.129069 -0.008303 0.000007 -0.000003
1370582240.607380 0.129215 -0.008446 0.000006 -0.000002
1370582240.641516 0.129191 -0.008294 0.000005 -0.000002
1370582240.675975 0.129263 -0.008151 0.000004 -0.000002
1370582240.708827 0.130232 -0.008465 0.000003 -0.000001
1370582240.742240 0.152180 -0.007932 0.000002 -0.000001
1370582240.776235 0.152931 -0.007827 0.000002 -0.000001
1370582240.809188 0.158246 -0.007942 0.000001 -0.000001
1370582240.841026 0.158523 -0.007657 0.000001 -0.000001
1370582240.874536 0.179299 -0.007701 0.000001 -0.000000
1370582240.907983 0.000000 0.000000 0.000000 -0.000000
1370582240.942449 0.000000 0.000000 0.000000 -0.000000
1370582240.975096 0.000000 0.000000 0.000000 -0.000000
1370582241.008626 0.000000 0.000000 0.000000 -0.000000
