1370582241.042044 0.000000 0.000000 0.000000 0.000000
1370582241.198516 0.000000 0.000000 0.000000 0.000000
1370582241.229713 0.000000 0.000000 0.000000 0.000000
1370582241.263532 0.000000 0.000000 0.000000 0.000000
1370582241.296801 0.000000 0.000000 0.000000 0.000000
1370582241.330915 0.000000 0.000000 0.000000 0.000000
1370582241.363669 0.000000 0.000000 0.000000 0.000000
1370582241.397487 0.000000 0.000000 0.000000 0.000000
1370582241.430923 0.000000 0.000000 0.000000 0.000000
1370582241.465659 0.000000 0.000000 0.000000 0.000000
1370582241.497503 0.000000 0.000000 0.000000 0.000000
1370582241.531125 0.000000 0.000000 0.000000 0.000000
1370582241.565408 0.000000 0.000000 0.000000 0.000000
1370582241.598567 0.000000 0.000000 0.000000 0.000000
1370582241.631564 0.000000 0.000000 0.000000 0.000000
1370582241.665177 0.000000 0.000000 0.000000 0.000000
1370582241.704148 0.000000 0.000000 0.000000 0.000000
1370582241.731964 0.000000 0.000000 0.000000 0.000000
1370582241.765177 0.000000 0.000000 0.000000 0.000000
1370582241.798601 0.000000 0.000000 0.000000 0.000000
1370582241.831215 0.000000 0.000000 0.000000 0.000000
1370582241.865208 0.000000 0.000000 0.000000 0.000000
1370582241.900714 0.000000 0.000000 0.000000 0.000000
1370582241.932320 0.000000 0.000000 0.000000 0.000000
1370582241.964991 0.000000 0.000000 0.000000 0.000000
1370582241.997355 0.000000 0.000000 0.000000 0.000000
1370582242.030869 0.000000 0.000000 0.000000 0.000000
1370582242.064340 0.000000 0.000000 0.000000 0.000000
1370582242.097499 0.000000 0.000000 0.000000 0.000000
1370582242.131194 0.000000 0.000000 0.000000 0.000000
1370582242.165530 0.000000 0.000000 0.000000 0.000000
1370582242.200747 0.000000 0.000000 0.000000 0.000000
1370582242.235359 0.000000 0.000000 0.000000 0.000000
1370582242.264650 0.000000 0.000000 0.000000 0.000000
1370582242.303274 0.000000 0.000000 0.000000 0.000000
1370582242.331756 0.000000 0.000000 0.000000 0.000000
1370582242.367151 0.000000 0.000000 0.000000 0.000000
1370582242.400267 0.000000 0.000000 0.000000 0.000000
1370582242.433435 0.000000 0.000000 0.000000 0.000000
1370582242.466461 0.000000 0.000000 0.000000 0.000000
1370582242.498825 0.000000 0.000000 0.000000 0.000000
1370582242.532560 0.000000 0.000000 0.000000 0.000000
1370582242.566787 0.000000 0.000000 0.000000 0.000000
1370582242.601537 0.000000 0.000000 0.000000 0.000000
1370582242.634921 0.000000 0.000000 0.000000 0.000000
1370582242.667529 0.000000 0.000000 0.000000 0.000000
1370582242.701059 0.000000 0.000000 0.000000 0.000000
1370582242.734062 0.000000 0.000000 0.000000 0.000000
1370582242.767567 0.000000 0.000000 0.000000 0.000000
1370582242.800981 0.000000 0.000000 0.000000 0.000000
1370582242.835000 0.000000 0.000000 0.000000 0.000000
1370582242.868018 0.000000 0.000000 0.000000 0.000000
1370582242.902931 0.000000 0.000000 0.000000 0.000000
1370582242.940410 0.000000 0.000000 0.000000 0.000000
1370582242.968655 0.000000 0.000000 0.000000 0.000000
1370582243.001628 0.000000 0.000000 0.000000 0.000000
1370582243.035129 0.000000 0.000000 0.000000 0.000000
1370582243.068363 0.000000 0.000000 0.000000 0.000000
1370582243.101661 0.000000 0.000000 0.000000 0.000000
1370582243.136945 0.000000 0.000000 0.000000 0.000000
1370582243.168811 0.000000 0.000000 0.000000 0.000000
1370582243.205126 0.000000 0.000000 0.000000 0.000000
1370582243.234718 0.000000 0.000000 0.000000 0.000000
1370582243.267726 0.000000 0.000000 0.000000 0.000000
1370582243.301840 0.000000 0.000000 0.000000 0.000000
1370582243.335343 0.000000 0.000000 0.000000 0.000000
1370582243.369314 0.000000 0.000000 0.000000 0.000000
1370582243.402187 0.000000 0.000000 0.000000 0.000000
1370582243.436333 0.000000 0.000000 0.000000 0.000000
1370582243.502299 0.000000 0.000000 0.000000 0.000000
1370582243.536774 0.000000 0.000000 0.000000 0.000000
1370582243.605494 0.000000 0.000000 0.000000 0.000000
1370582243.641216 0.000000 0.000000 0.000000 0.000000
1370582243.704133 0.000000 0.000000 0.000000 0.000000
1370582243.738545 0.000000 0.000000 0.000000 0.000000
1370582243.771579 0.000000 0.000000 0.000000 0.000000
1370582243.804534 0.000000 0.000000 0.000000 0.000000
1370582243.838433 0.000000 0.000000 0.000000 0.000000
1370582243.871023 0.000000 0.000000 0.000000 0.000000
1370582243.905062 0.000000 0.000000 0.000000 0.000000
1370582243.938252 0.000000 0.000000 0.000000 0.000000
1370582243.971280 0.000000 0.000000 0.000000 0.000000
1370582244.004924 0.000000 0.000000 0.000000 0.000000
1370582244.038485 0.000000 0.000000 0.000000 0.000000
1370582244.072012 0.000000 0.000000 0.000000 0.000000
1370582244.105664 0.000000 0.000000 0.000000 0.000000
1370582244.140314 0.000000 0.000000 0.000000 0.000000
1370582244.175805 0.000000 0.000000 0.000000 0.000000
1370582244.205595 0.000000 0.000000 0.000000 0.000000
1370582244.240119 0.000000 0.000000 0.000000 0.000000
1370582244.272112 0.000000 0.000000 0.000000 0.000000
1370582244.305741 0.000000 0.000000 0.000000 0.000000
1370582244.338472 0.000000 0.000000 0.000000 0.000000
1370582244.371318 0.000000 0.000000 0.000000 0.000000
1370582244.405534 0.000000 0.000000 0.000000 0.000000
1370582244.439388 0.000000 0.000000 0.000000 0.000000
1370582244.472733 0.000000 0.000000 0.000000 0.000000
1370582244.506341 0.000000 0.000000 0.000000 0.000000
1370582244.539592 0.000000 0.000000 0.000000 0.000000
1370582244.573750 0.000000 0.000000 0.000000 0.000000
1370582244.606753 0.000000 0.000000 0.000000 0.000000
1370582244.640522 0.000000 0.000000 0.000000 0.000000
1370582244.679040 0.000000 0.000000 0.000000 0.000000
1370582244.707738 0.000000 0.000000 0.000000 0.000000
1370582244.740045 0.000000 0.000000 0.000000 0.000000
1370582244.774210 0.000000 0.000000 0.000000 0.000000
1370582244.805909 0.000000 0.000000 0.000000 0.000000
1370582244.840918 0.000000 0.000000 0.000000 0.000000
1370582244.874283 0.000000 0.000000 0.000000 0.000000
1370582244.910544 0.000000 0.000000 0.000000 0.000000
1370582244.941482 0.000000 0.000000 0.000000 0.000000
1370582244.974564 0.000000 0.000000 0.000000 0.000000
1370582245.006998 0.000000 0.000000 0.000000 0.000000
1370582245.041564 0.000000 0.000000 0.000000 0.000000
1370582245.075026 0.000000 0.000000 0.000000 0.000000
1370582245.109359 0.000000 0.000000 0.000000 0.000000
1370582245.147189 0.000000 0.000000 0.000000 0.000000
1370582245.175128 0.000000 0.000000 0.000000 0.000000
1370582245.208938 0.000000 0.000000 0.000000 0.000000
1370582245.242502 0.000000 0.000000 0.000000 0.000000
1370582245.274081 0.000000 0.000000 0.000000 0.000000
1370582245.307331 0.000000 0.000000 0.000000 0.000000
1370582245.340805 0.000000 0.000000 0.000000 0.000000
1370582245.374588 0.000000 0.000000 0.000000 0.000000
1370582245.407183 0.000000 0.000000 0.000000 0.000000
1370582245.441324 0.000000 0.000000 0.000000 0.000000
1370582245.474650 0.000000 0.000000 0.000000 0.000000
1370582245.508580 0.000000 0.000000 0.000000 0.000000
1370582245.543111 0.000000 0.000000 0.000000 0.000000
1370582245.576949 0.000000 0.000000 0.000000 0.000000
1370582245.609230 0.000000 0.000000 0.000000 0.000000
1370582245.645094 0.000000 0.000000 0.000000 0.000000
1370582245.680411 0.000000 0.000000 0.000000 0.000000
1370582245.709597 0.000000 0.000000 0.000000 0.000000
1370582245.741587 0.000000 0.000000 0.000000 0.000000
1370582245.775015 0.000000 0.000000 0.000000 0.000000
1370582245.809284 0.000000 0.000000 0.000000 0.000000
1370582245.842133 0.000000 0.000000 0.000000 0.000000
1370582245.875617 0.000000 0.000000 0.000000 0.000000
1370582245.909182 0.000000 0.000000 0.000000 0.000000
1370582245.942415 0.000000 0.000000 0.000000 0.000000
1370582245.976568 0.000000 0.000000 0.000000 0.000000
1370582246.010401 0.000000 0.000000 0.000000 0.000000
1370582246.043998 0.000000 0.000000 0.000000 0.000000
1370582246.077503 0.000000 0.000000 0.000000 0.000000
1370582246.109664 0.000000 0.000000 0.000000 0.000000
1370582246.144939 0.000000 0.000000 0.000000 0.000000
1370582246.177450 0.000000 0.000000 0.000000 0.000000
1370582246.209491 0.000000 0.000000 0.000000 0.000000
1370582246.246950 0.000000 0.000000 0.000000 0.000000
1370582246.283971 0.000000 0.000000 0.000000 0.000000
1370582246.310903 0.000000 0.000000 0.000000 0.000000
1370582246.344601 0.000000 0.000000 0.000000 0.000000
1370582246.378288 0.000000 0.000000 0.000000 0.000000
1370582246.411389 0.000000 0.000000 0.000000 0.000000
1370582246.449072 0.000000 0.000000 0.000000 0.000000
1370582246.477054 0.000000 0.000000 0.000000 0.000000
1370582246.509981 0.000000 0.000000 0.000000 0.000000
1370582246.545330 0.000000 0.000000 0.000000 0.000000
1370582246.579211 0.000000 0.000000 0.000000 0.000000
1370582246.611066 0.000000 0.000000 0.000000 0.000000
1370582246.645660 0.000000 0.000000 0.000000 0.000000
1370582246.677831 0.000000 0.000000 0.000000 0.000000
1370582246.711211 0.000000 0.000000 0.000000 0.000000
1370582246.745025 0.000000 0.000000 0.000000 0.000000
1370582246.778293 0.000000 0.000000 0.000000 0.000000
1370582246.813365 0.000000 0.000000 0.000000 0.000000
1370582246.846678 0.000000 0.000000 0.000000 0.000000
1370582246.883348 0.000000 0.000000 0.000000 0.000000
1370582246.914085 0.000000 0.000000 0.000000 0.000000
1370582246.947768 0.000000 0.000000 0.000000 0.000000
1370582246.979944 0.000000 0.000000 0.000000 0.000000
1370582247.013697 0.000000 0.000000 0.000000 0.000000
1370582247.047166 0.000000 0.000000 0.000000 0.000000
1370582247.080170 0.000000 0.000000 0.000000 0.000000
1370582247.114043 0.000000 0.000000 0.000000 0.000000
1370582247.146328 0.000000 0.000000 0.000000 0.000000
1370582247.179821 0.000000 0.000000 0.000000 0.000000
1370582247.213071 0.000000 0.000000 0.000000 0.000000
1370582247.246899 0.000000 0.000000 0.000000 0.000000
1370582247.279872 0.000000 0.000000 0.000000 0.000000
1370582247.313176 0.000000 0.000000 0.000000 0.000000
1370582247.349183 0.000000 0.000000 0.000000 0.000000
1370582247.383388 0.000000 0.000000 0.000000 0.000000
1370582247.416557 0.000000 0.000000 0.000000 0.000000
1370582247.450358 0.000000 0.000000 0.000000 0.000000
1370582247.481304 0.000000 0.000000 0.000000 0.000000
1370582247.515136 0.000000 0.000000 0.000000 0.000000
1370582247.548238 0.000000 0.000000 0.000000 0.000000
1370582247.582553 0.000000 0.000000 0.000000 0.000000
1370582247.613579 0.000000 0.000000 0.000000 0.000000
1370582247.647710 0.000000 0.000000 0.000000 0.000000
1370582247.681305 0.000000 0.000000 0.000000 0.000000
1370582247.714572 0.000000 0.000000 0.000000 0.000000
1370582247.753402 0.000000 0.000000 0.000000 0.000000
1370582247.781582 0.000000 0.000000 0.000000 0.000000
1370582247.815399 0.000000 0.000000 0.000000 0.000000
1370582247.849754 0.000000 0.000000 0.000000 0.000000
1370582247.889060 0.000000 0.000000 0.000000 0.000000
1370582247.916734 0.000000 0.000000 0.000000 0.000000
1370582247.949590 0.000000 0.000000 0.000000 0.000000
1370582247.982215 0.000000 0.000000 0.000000 0.000000
1370582248.015856 0.000000 0.000000 0.000000 0.000000
1370582248.048877 0.000000 0.000000 0.000000 0.000000
1370582248.082374 0.000000 0.000000 0.000000 0.000000
1370582248.117016 0.000000 0.000000 0.000000 0.000000
1370582248.150291 0.000000 0.000000 0.000000 0.000000
1370582248.183775 0.000000 0.000000 0.000000 0.000000
1370582248.217721 0.000000 0.000000 0.000000 0.000000
1370582248.251481 0.000000 0.000000 0.000000 0.000000
1370582248.284614 0.000000 0.000000 0.000000 0.000000
1370582248.317456 0.000000 0.000000 0.000000 0.000000
1370582248.351172 0.000000 0.000000 0.000000 0.000000
1370582248.386810 0.000000 0.000000 0.000000 0.000000
1370582248.421605 0.000000 0.000000 0.000000 0.000000
1370582248.450003 0.000000 0.000000 0.000000 0.000000
1370582248.484905 0.000000 0.000000 0.000000 0.000000
1370582248.519383 0.000000 0.000000 0.000000 0.000000
1370582248.549613 0.000000 0.000000 0.000000 0.000000
1370582248.587026 0.000000 0.000000 0.000000 0.000000
1370582248.619087 0.000000 0.000000 0.000000 0.000000
1370582248.650437 0.000000 0.000000 0.000000 0.000000
1370582248.684912 0.000000 0.000000 0.000000 0.000000
1370582248.717642 0.000000 0.000000 0.000000 0.000000
1370582248.751272 0.000000 0.000000 0.000000 0.000000
1370582248.784987 0.000000 0.000000 0.000000 0.000000
1370582248.818271 0.000000 0.000000 0.000000 0.000000
1370582248.851435 0.000000 0.000000 0.000000 0.000000
1370582248.885051 0.000000 0.000000 0.000000 0.000000
1370582248.924959 0.000000 0.000000 0.000000 0.000000
1370582248.952371 0.000000 0.000000 0.000000 0.000000
1370582248.986147 0.000000 0.000000 0.000000 0.000000
1370582249.020396 0.000000 0.000000 0.000000 0.000000
1370582249.053633 0.000000 0.000000 0.000000 0.000000
1370582249.087056 0.000000 0.000000 0.000000 0.000000
1370582249.120083 0.000000 0.000000 0.000000 0.000000
1370582249.153579 0.000000 0.000000 0.000000 0.000000
1370582249.185994 0.000000 0.000000 0.000000 0.000000
1370582249.219176 0.000000 0.000000 0.000000 0.000000
1370582249.253366 0.000000 0.000000 0.000000 0.000000
1370582249.287553 0.000000 0.000000 0.000000 0.000000
1370582249.321008 0.000000 0.000000 0.000000 0.000000
1370582249.354417 0.000000 0.000000 0.000000 0.000000
1370582249.387515 0.000000 0.000000 0.000000 0.000000
1370582249.419905 0.000000 0.000000 0.000000 0.000000
1370582249.460657 0.000000 0.000000 0.000000 0.000000
1370582249.487730 0.000000 0.000000 0.000000 0.000000
1370582249.521561 0.000000 0.000000 0.000000 0.000000
1370582249.554801 0.000000 0.000000 0.000000 0.000000
1370582249.588624 0.000000 0.000000 0.000000 0.000000
1370582249.622148 0.000000 0.000000 0.000000 0.000000
1370582249.655150 0.000000 0.000000 0.000000 0.000000
1370582249.687385 0.000000 0.000000 0.000000 0.000000
1370582249.721025 0.000000 0.000000 0.000000 0.000000
1370582249.754899 0.000000 0.000000 0.000000 0.000000
1370582249.788325 0.000000 0.000000 0.000000 0.000000
1370582249.822486 0.000000 0.000000 0.000000 0.000000
1370582249.855771 0.000000 0.000000 0.000000 0.000000
1370582249.889166 0.000000 0.000000 0.000000 0.000000
1370582249.923578 0.000000 0.000000 0.000000 0.000000
1370582249.955556 0.000000 0.000000 0.000000 0.000000
1370582249.995695 0.000000 0.000000 0.000000 0.000000
1370582250.023085 0.000000 0.000000 0.000000 0.000000
1370582250.056113 0.000000 0.000000 0.000000 0.000000
1370582250.089373 0.000000 0.000000 0.000000 0.000000
1370582250.121949 0.000000 0.000000 0.000000 0.000000
1370582250.156953 0.000000 0.000000 0.000000 0.000000
1370582250.189650 0.000000 0.000000 0.000000 0.000000
1370582250.221881 0.000000 0.000000 0.000000 0.000000
1370582250.256068 0.000000 0.000000 0.000000 0.000000
1370582250.289181 0.000000 0.000000 0.000000 0.000000
1370582250.323385 0.000000 0.000000 0.000000 0.000000
1370582250.357068 0.000000 0.000000 0.000000 0.000000
1370582250.390744 0.000000 0.000000 0.000000 0.000000
1370582250.424312 0.000000 0.000000 0.000000 0.000000
1370582250.457999 0.000000 0.000000 0.000000 0.000000
1370582250.491157 0.000000 0.000000 0.000000 0.000000
1370582250.524454 0.000000 0.000000 0.000000 0.000000
1370582250.561253 0.000000 0.000000 0.000000 0.000000
1370582250.590588 0.000000 0.000000 0.000000 0.000000
1370582250.623420 0.000000 0.000000 0.000000 0.000000
1370582250.656796 0.000000 0.000000 0.000000 0.000000
1370582250.691004 0.000000 0.000000 0.000000 0.000000
1370582250.724565 0.000000 0.000000 0.000000 0.000000
1370582250.757114 0.000000 0.000000 0.000000 0.000000
1370582250.791606 0.000000 0.000000 0.000000 0.000000
1370582250.824815 0.000000 0.000000 0.000000 0.000000
1370582250.858561 0.000000 0.000000 0.000000 0.000000
1370582250.891926 0.000000 0.000000 0.000000 0.000000
1370582250.931099 0.000000 0.000000 0.000000 0.000000
1370582250.958948 0.000000 0.000000 0.000000 0.000000
1370582250.990916 0.000000 0.000000 0.000000 0.000000
1370582251.024926 0.000000 0.000000 0.000000 0.000000
1370582251.058527 0.000000 0.000000 0.000000 0.000000
1370582251.097119 0.000000 0.000000 0.000000 0.000000
1370582251.126111 0.000000 0.000000 0.000000 0.000000
1370582251.157483 0.000000 0.000000 0.000000 0.000000
1370582251.191818 0.000000 0.000000 0.000000 0.000000
1370582251.226218 0.000000 0.000000 0.000000 0.000000
1370582251.258403 0.000000 0.000000 0.000000 0.000000
1370582251.292140 0.000000 0.000000 0.000000 0.000000
1370582251.325244 0.000000 0.000000 0.000000 0.000000
1370582251.358623 0.000000 0.000000 0.000000 0.000000
1370582251.392703 0.000000 0.000000 0.000000 0.000000
1370582251.427321 0.000000 0.000000 0.000000 0.000000
1370582251.461157 0.000000 0.000000 0.000000 0.000000
1370582251.493706 0.000000 0.000000 0.000000 0.000000
1370582251.527253 0.000000 0.000000 0.000000 0.000000
1370582251.559962 0.000000 0.000000 0.000000 0.000000
1370582251.594495 0.000000 0.000000 0.000000 0.000000
1370582251.632062 0.000000 0.000000 0.000000 0.000000
1370582251.661367 0.000000 0.000000 0.000000 0.000000
1370582251.727737 0.000000 0.000000 0.000000 0.000000
1370582251.761322 0.000000 0.000000 0.000000 0.000000
1370582251.827132 0.000000 0.000000 0.000000 0.000000
1370582251.859437 0.000000 0.000000 0.000000 0.000000
1370582251.927367 0.000000 0.000000 0.000000 0.000000
1370582251.961659 0.000000 0.000000 0.000000 0.000000
1370582252.027788 0.000000 0.000000 0.000000 0.000000
1370582252.061474 0.000000 0.000000 0.000000 0.000000
1370582252.093790 0.000000 0.000000 0.000000 0.000000
1370582252.129277 0.000000 0.000000 0.000000 0.000000
1370582252.160698 0.000000 0.000000 0.000000 0.000000
1370582252.194513 0.000000 0.000000 0.000000 0.000000
1370582252.235543 0.000000 0.000000 0.000000 0.000000
1370582252.262365 0.000000 0.000000 0.000000 0.000000
1370582252.295706 0.000000 0.000000 0.000000 0.000000
1370582252.334368 0.000000 0.000000 0.000000 0.000000
1370582252.362936 0.000000 0.000000 0.000000 0.000000
1370582252.395563 0.000000 0.000000 0.000000 0.000000
1370582252.428439 0.000000 0.000000 0.000000 0.000000
1370582252.461653 0.000000 0.000000 0.000000 0.000000
1370582252.495092 0.000000 0.000000 0.000000 0.000000
1370582252.528872 0.000000 0.000000 0.000000 0.000000
1370582252.562094 0.000000 0.000000 0.000000 0.000000
1370582252.596110 0.000000 0.000000 0.000000 0.000000
1370582252.628672 0.000000 0.000000 0.000000 0.000000
1370582252.662499 0.000000 0.000000 0.000000 0.000000
1370582252.696224 0.000000 0.000000 0.000000 0.000000
1370582252.729048 0.000000 0.000000 0.000000 0.000000
1370582252.762806 0.000000 0.000000 0.000000 0.000000
1370582252.796025 0.000000 0.000000 0.000000 0.000000
1370582252.829429 0.000000 0.000000 0.000000 0.000000
1370582252.862515 0.000000 0.000000 0.000000 0.000000
1370582252.903992 0.000000 0.000000 0.000000 0.000000
1370582252.931794 0.000000 0.000000 0.000000 0.000000
1370582252.964041 0.000000 0.000000 0.000000 0.000000
1370582252.997631 0.000000 0.000000 0.000000 0.000000
1370582253.029654 0.000000 0.000000 0.000000 0.000000
1370582253.064661 0.000000 0.000000 0.000000 0.000000
1370582253.098268 0.000000 0.000000 0.000000 0.000000
1370582253.131367 0.000000 0.000000 0.000000 0.000000
1370582253.165474 0.000000 0.000000 0.000000 0.000000
1370582253.199136 0.000000 0.000000 0.000000 0.000000
1370582253.230463 0.000000 0.000000 0.000000 0.000000
1370582253.264429 0.000000 0.000000 0.000000 0.000000
1370582253.298086 0.000000 0.000000 0.000000 0.000000
1370582253.331739 0.000000 0.000000 0.000000 0.000000
1370582253.365391 0.000000 0.000000 0.000000 0.000000
1370582253.398932 0.000000 0.000000 0.000000 0.000000
1370582253.434504 0.000000 0.000000 0.000000 0.000000
1370582253.470510 0.000000 0.000000 0.000000 0.000000
1370582253.497775 0.000000 0.000000 0.000000 0.000000
1370582253.532479 0.000000 0.000000 0.000000 0.000000
1370582253.566262 0.000000 0.000000 0.000000 0.000000
1370582253.598645 0.000000 0.000000 0.000000 0.000000
1370582253.631593 0.000000 0.000000 0.000000 0.000000
1370582253.664839 0.000000 0.000000 0.000000 0.000000
1370582253.698727 0.000000 0.000000 0.000000 0.000000
1370582253.731753 0.000000 0.000000 0.000000 0.000000
1370582253.765142 0.000000 0.000000 0.000000 0.000000
1370582253.798443 0.000000 0.000000 0.000000 0.000000
1370582253.832674 0.000000 0.000000 0.000000 0.000000
1370582253.866703 0.000000 0.000000 0.000000 0.000000
1370582253.899823 0.000000 0.000000 0.000000 0.000000
1370582253.934248 0.000000 0.000000 0.000000 0.000000
1370582253.969047 0.000000 0.000000 0.000000 0.000000
1370582254.006921 0.000000 0.000000 0.000000 0.000000
1370582254.033741 0.000000 0.000000 0.000000 0.000000
1370582254.067388 0.000000 0.000000 0.000000 0.000000
1370582254.100155 0.000000 0.000000 0.000000 0.000000
1370582254.133075 0.000000 0.000000 0.000000 0.000000
1370582254.167040 0.000000 0.000000 0.000000 0.000000
1370582254.200934 0.000000 0.000000 0.000000 0.000000
1370582254.234603 0.000000 0.000000 0.000000 0.000000
1370582254.268267 0.000000 0.000000 0.000000 0.000000
1370582254.301138 0.000000 0.000000 0.000000 0.000000
1370582254.334995 0.000000 0.000000 0.000000 0.000000
1370582254.368037 0.000000 0.000000 0.000000 0.000000
1370582254.401731 0.000000 0.000000 0.000000 0.000000
1370582254.434267 1.222166 0.055786 0.000000 0.000000
1370582254.468888 1.220194 0.055142 0.000000 0.000000
1370582254.502758 0.000000 0.000000 0.000000 0.000000
1370582254.535727 1.218606 0.053430 0.000000 0.000000
1370582254.575950 1.214481 0.054781 0.000000 0.000000
1370582254.603338 0.000000 0.000000 0.000000 0.000000
1370582254.635938 1.215114 0.056026 0.000000 0.000000
1370582254.668958 1.216497 0.055667 0.000000 0.000000
1370582254.703026 1.214042 0.055779 0.000000 0.000000
1370582254.736562 1.213525 0.055374 0.000000 0.000000
1370582254.769651 1.214211 0.055527 0.000000 0.000000
1370582254.803526 1.212729 0.055318 0.000000 0.000000
1370582254.836601 0.000000 0.000000 0.000000 0.000000
1370582254.870517 1.214481 0.055465 0.000000 0.000000
1370582254.903309 0.000000 0.000000 0.000000 0.000000
1370582254.938434 1.213868 0.056855 0.000000 0.000000
1370582254.970219 1.216545 0.056776 0.000000 0.000000
1370582255.003447 0.000000 0.000000 0.000000 0.000000
1370582255.036527 1.211883 0.056293 0.000000 0.000000
1370582255.069278 1.212486 0.056700 0.000000 0.000000
1370582255.102530 0.000000 0.000000 0.000000 0.000000
1370582255.142498 1.209457 0.055636 0.000000 0.000000
1370582255.170998 1.211607 0.056318 0.000000 0.000000
1370582255.203080 1.206348 0.056403 0.000000 0.000000
1370582255.236734 1.209457 0.055570 0.000000 0.000000
1370582255.271356 1.208660 0.056369 0.000000 0.000000
1370582255.303010 0.000000 0.000000 0.000000 0.000000
1370582255.338762 0.000000 0.000000 0.000000 0.000000
1370582255.371505 1.209925 0.056052 0.000000 0.000000
1370582255.403855 0.000000 0.000000 0.000000 0.000000
1370582255.440838 1.209714 0.056366 0.000000 0.000000
1370582255.471124 1.213201 0.056144 0.000000 0.000000
1370582255.504515 0.000000 0.000000 0.000000 0.000000
1370582255.538780 0.000000 0.000000 0.000000 0.000000
1370582255.572292 0.000000 0.000000 0.000000 0.000000
1370582255.606767 1.209022 0.055950 0.000000 0.000000
1370582255.637680 1.212888 0.056513 0.000000 0.000000
1370582255.672466 1.212917 0.056127 0.000000 0.000000
1370582255.708206 1.211425 0.055588 0.000000 0.000000
1370582255.746021 1.211411 0.056847 0.000000 0.000000
1370582255.773471 1.209611 0.056613 0.000000 0.000000
1370582255.807403 1.210124 0.056130 0.000000 0.000000
1370582255.839813 1.211211 0.056338 0.000000 0.000000
1370582255.873230 0.000000 0.000000 0.000000 0.000000
1370582255.907287 1.211432 0.055996 0.000000 0.000000
1370582255.941657 1.212073 0.055756 0.000000 0.000000
1370582255.972745 1.210753 0.056246 0.000000 0.000000
1370582256.007414 1.207720 0.056689 0.000000 0.000000
1370582256.040611 1.208197 0.056369 0.000000 0.000000
1370582256.075047 1.208698 0.055032 0.000000 0.000000
1370582256.107051 0.000000 0.000000 0.000000 0.000000
1370582256.141224 1.212559 0.056807 0.000000 0.000000
1370582256.175098 1.212979 0.056066 0.000000 0.000000
1370582256.207726 1.209588 0.056554 0.000000 0.000000
1370582256.239925 0.000000 0.000000 0.000000 0.000000
1370582256.274382 1.214481 0.054996 0.000000 0.000000
1370582256.314694 0.000000 0.000000 0.000000 0.000000
1370582256.341319 1.210307 0.056013 0.000000 0.000000
1370582256.375116 1.211411 0.056255 0.000000 0.000000
1370582256.408445 1.209382 0.055623 0.000000 0.000000
1370582256.441656 1.211211 0.056197 0.000000 0.000000
1370582256.475572 1.210982 0.055182 0.000000 0.000000
1370582256.508667 1.209839 0.056134 0.000000 0.000000
1370582256.542082 1.209714 0.055848 0.000000 0.000000
1370582256.575390 1.211668 0.056779 0.000000 0.000000
1370582256.609346 1.211432 0.056755 0.000000 0.000000
1370582256.642149 1.206188 0.056347 0.000000 0.000000
1370582256.676309 1.209240 0.056538 0.000000 0.000000
1370582256.710076 1.211432 0.056341 0.000000 0.000000
1370582256.742694 1.209547 0.056155 0.000000 0.000000
1370582256.775005 1.211929 0.056168 0.000000 0.000000
1370582256.811283 1.209457 0.056570 0.000000 0.000000
1370582256.842549 1.209925 0.056246 0.000000 0.000000
1370582256.876112 1.211626 0.056265 0.000000 0.000000
1370582256.916428 1.211425 0.056402 0.000000 0.000000
1370582256.944296 1.210492 0.057833 0.000000 0.000000
1370582256.976367 1.208625 0.056652 0.000000 0.000000
1370582257.009640 1.211647 0.056209 0.000000 0.000000
1370582257.041972 1.209382 0.056673 0.000000 0.000000
1370582257.077024 1.210110 0.056133 0.000000 0.000000
1370582257.109655 1.209356 0.056188 0.000000 0.000000
1370582257.143509 1.209184 0.055824 0.000000 0.000000
1370582257.177006 1.208197 0.054997 0.000000 0.000000
1370582257.210657 1.210366 0.056381 0.000000 0.000000
1370582257.243682 1.212073 0.056558 0.000000 0.000000
1370582257.278056 1.212334 0.055555 0.000000 0.000000
1370582257.310809 1.207720 0.056090 0.000000 0.000000
1370582257.344018 1.212676 0.056179 0.000000 0.000000
1370582257.377333 1.208243 0.056410 0.000000 0.000000
1370582257.411008 1.212146 0.056031 0.000000 0.000000
1370582257.444436 1.215417 0.056539 0.000000 0.000000
1370582257.477578 1.206497 0.055494 0.000000 0.000000
1370582257.516620 1.211432 0.055858 0.000000 0.000000
1370582257.543417 1.214013 0.056117 0.000000 0.000000
1370582257.577042 1.210770 0.056156 0.000000 0.000000
1370582257.611194 1.209382 0.055903 0.000000 0.000000
1370582257.643810 1.204787 0.055753 0.000000 0.000000
1370582257.677372 1.207734 0.055828 0.000000 0.000000
1370582257.710740 1.208411 0.056182 0.000000 0.000000
1370582257.743983 1.212090 0.057180 0.000000 0.000000
1370582257.777459 1.211626 0.055739 0.000000 0.000000
1370582257.810956 1.211405 0.055861 0.000000 0.000000
1370582257.844750 1.212073 0.056358 0.000000 0.000000
1370582257.877943 1.212040 0.056733 0.000000 0.000000
1370582257.910737 1.212702 0.056249 0.000000 0.000000
1370582257.946427 1.213068 0.056769 0.000000 0.000000
1370582257.979404 1.211207 0.056469 0.000000 0.000000
1370582258.013067 1.211398 0.056628 0.000000 0.000000
1370582258.045335 1.214536 0.056342 0.000000 0.000000
1370582258.079612 1.211181 0.056160 0.000000 0.000000
1370582258.120409 1.210328 0.055877 0.000000 0.000000
1370582258.146467 1.211803 0.057454 0.000000 0.000000
1370582258.180093 1.209714 0.056237 0.000000 0.000000
1370582258.213590 1.212978 0.057589 0.000000 0.000000
1370582258.247119 1.217170 0.056759 0.000000 0.000000
1370582258.280913 1.217440 0.056817 0.000000 0.000000
1370582258.314077 1.217118 0.054645 0.000000 0.000000
1370582258.347611 1.218667 0.053094 0.000000 0.000000
1370582258.380221 1.220461 0.052784 0.000000 0.000000
1370582258.414288 1.215844 0.051751 0.000000 0.000000
1370582258.445773 1.210983 0.047769 0.000000 0.000000
1370582258.480796 1.215186 0.041774 0.000000 0.000000
1370582258.513069 1.212081 0.035237 0.000000 0.000000
1370582258.547469 1.205482 0.032371 0.000000 0.000000
1370582258.581351 1.188412 0.027523 0.000000 0.000000
1370582258.621337 1.181260 0.027157 0.000000 0.000000
1370582258.648268 1.214299 0.029312 0.000000 0.000000
1370582258.682197 1.534276 0.055209 0.000000 0.000000
1370582258.719914 1.580540 0.046636 0.000000 0.000000
1370582258.747339 1.285471 0.029801 0.000000 0.000000
1370582258.781927 1.200844 0.031276 0.000000 0.000000
1370582258.814599 1.181108 0.030294 0.000000 0.000000
1370582258.848062 1.175507 0.030899 0.000000 0.000000
1370582258.881603 1.174753 0.030498 0.000000 0.000000
1370582258.916638 1.172973 0.032136 0.000000 0.000000
1370582258.951196 1.172534 0.032604 0.000000 0.000000
1370582258.983585 1.168509 0.033090 0.000000 0.000000
1370582259.017400 1.168007 0.033795 0.000000 0.000000
1370582259.050165 1.167911 0.033771 0.000000 0.000000
1370582259.084469 1.170333 0.034270 0.000000 0.000000
1370582259.117073 1.164317 0.036833 0.000000 0.000000
1370582259.151126 1.164829 0.035558 0.000000 0.000000
1370582259.183390 1.168229 0.035290 0.000000 0.000000
1370582259.226515 1.163931 0.037341 0.000000 0.000000
1370582259.283205 1.162569 0.035869 0.000000 0.000000
1370582259.316474 1.157624 0.038504 0.000000 0.000000
1370582259.383359 1.161255 0.037314 0.000000 0.000000
1370582259.417081 1.161259 0.039739 0.000000 0.000000
1370582259.483509 1.159838 0.038709 0.000000 0.000000
1370582259.518337 1.159403 0.038993 0.000000 0.000000
1370582259.586713 1.161069 0.039002 0.000000 0.000000
1370582259.621137 1.159776 0.038455 0.000000 0.000000
1370582259.650909 1.157183 0.038217 0.000000 0.000000
1370582259.684381 1.159585 0.039587 0.000000 0.000000
1370582259.751239 1.158951 0.038391 0.000000 0.000000
1370582259.784995 1.158945 0.038774 0.000000 0.000000
1370582259.852650 1.159776 0.038618 0.000000 0.000000
1370582259.893288 1.161580 0.038298 0.000000 0.000000
1370582259.955421 1.159678 0.037853 0.000000 0.000000
1370582259.986831 1.160151 0.038534 0.000000 0.000000
1370582260.052537 1.160669 0.037653 0.000000 0.000000
1370582260.085159 1.160324 0.038371 0.000000 0.000000
1370582260.119731 1.161187 0.037726 0.000000 0.000000
1370582260.153470 1.160193 0.038836 0.000000 0.000000
1370582260.187086 1.161337 0.037584 0.000000 0.000000
1370582260.220400 1.160898 0.037888 0.000000 0.000000
1370582260.253626 1.160046 0.037970 0.000000 0.000000
1370582260.288229 1.160725 0.038450 0.000000 0.000000
1370582260.320518 1.160508 0.038474 0.000000 0.000000
1370582260.352510 1.161120 0.037187 0.000000 0.000000
1370582260.386644 1.161360 0.037731 0.000000 0.000000
1370582260.426318 1.160548 0.038386 0.000000 0.000000
1370582260.454346 1.161067 0.037173 0.000000 0.000000
1370582260.487821 1.160299 0.037774 0.000000 0.000000
1370582260.522347 1.162668 0.038060 0.000000 0.000000
1370582260.555015 1.162225 0.037197 0.000000 0.000000
1370582260.586799 1.161669 0.037487 0.000000 0.000000
1370582260.621240 1.162148 0.038035 0.000000 0.000000
1370582260.653682 1.159558 0.037326 0.000000 0.000000
1370582260.687614 1.162107 0.037680 0.000000 0.000000
1370582260.721613 1.162079 0.037833 0.000000 0.000000
1370582260.755310 1.160959 0.037770 0.000000 0.000000
1370582260.788488 1.160674 0.038264 0.000000 0.000000
1370582260.822207 1.162012 0.038659 0.000000 0.000000
1370582260.856299 1.162299 0.037554 0.000000 0.000000
1370582260.889608 1.161337 0.037260 0.000000 0.000000
1370582260.931352 1.162501 0.037298 0.000000 0.000000
1370582260.956689 1.162468 0.037778 0.000000 0.000000
1370582260.989562 1.161716 0.038963 0.000000 0.000000
1370582261.023464 1.163315 0.038116 0.000000 0.000000
1370582261.054622 1.161628 0.038498 0.000000 0.000000
1370582261.088471 1.162608 0.038179 0.000000 0.000000
1370582261.122105 1.161708 0.037901 0.000000 0.000000
1370582261.155213 1.163315 0.038609 0.000000 0.000000
1370582261.188831 1.165613 0.039072 0.000000 0.000000
1370582261.223103 1.164537 0.038443 0.000000 0.000000
1370582261.257343 1.165007 0.038233 0.000000 0.000000
1370582261.291566 1.163705 0.038198 0.000000 0.000000
1370582261.323934 1.166559 0.037624 0.000000 0.000000
1370582261.355415 1.163542 0.038035 0.000000 0.000000
1370582261.390162 1.161628 0.038225 0.000000 0.000000
1370582261.428918 1.166264 0.038144 0.000000 0.000000
1370582261.455892 1.161163 0.039816 0.000000 0.000000
1370582261.490671 1.164692 0.036772 0.000000 0.000000
1370582261.523106 1.163821 0.037530 0.000000 0.000000
1370582261.557648 1.163881 0.037289 0.000000 0.000000
1370582261.591401 1.167155 0.038020 0.000000 0.000000
1370582261.624599 1.163805 0.037608 0.000000 0.000000
1370582261.657007 1.165170 0.038299 0.000000 0.000000
1370582261.691232 1.165007 0.038241 0.000000 0.000000
1370582261.724790 1.165007 0.038211 0.000000 0.000000
1370582261.758413 1.164214 0.038721 0.000000 0.000000
1370582261.791564 1.163978 0.039002 0.000000 0.000000
1370582261.823165 1.164847 0.038571 0.000000 0.000000
1370582261.857274 1.165168 0.038738 0.000000 0.000000
1370582261.896504 1.165168 0.038738 0.000000 0.000000
1370582261.927500 1.166264 0.038551 0.000000 0.000000
1370582261.959923 1.163823 0.038736 0.000000 0.000000
1370582261.991128 1.164347 0.038090 0.000000 0.000000
1370582262.024461 1.162837 0.038124 0.000000 0.000000
1370582262.058074 1.166153 0.040388 0.000000 0.000000
1370582262.092823 1.164840 0.038407 0.000000 0.000000
1370582262.126487 1.167681 0.038598 0.000000 0.000000
1370582262.159203 1.164694 0.038448 0.000000 0.000000
1370582262.192463 1.164042 0.037867 0.000000 0.000000
1370582262.226013 1.166296 0.038567 0.000000 0.000000
1370582262.259520 1.164055 0.038562 0.000000 0.000000
1370582262.291993 1.166598 0.038492 0.000000 0.000000
1370582262.325334 1.165478 0.038271 0.000000 0.000000
1370582262.358369 1.164042 0.037763 0.000000 0.000000
1370582262.398969 1.165973 0.037670 0.000000 0.000000
1370582262.426811 1.166347 0.038348 0.000000 0.000000
1370582262.458760 1.165496 0.037994 0.000000 0.000000
1370582262.496215 1.165345 0.039511 0.000000 0.000000
1370582262.528152 1.164676 0.039109 0.000000 0.000000
1370582262.559973 1.167105 0.039029 0.000000 0.000000
1370582262.593629 1.166178 0.036987 0.000000 0.000000
1370582262.628268 1.165646 0.039220 0.000000 0.000000
1370582262.660174 1.164851 0.039297 0.000000 0.000000
1370582262.693816 1.165505 0.038422 0.000000 0.000000
1370582262.726410 1.165506 0.039492 0.000000 0.000000
1370582262.759117 1.166581 0.038825 0.000000 0.000000
1370582262.794435 1.167079 0.038856 0.000000 0.000000
1370582262.828221 1.166478 0.039025 0.000000 0.000000
1370582262.860778 1.167054 0.039299 0.000000 0.000000
1370582262.896471 1.166479 0.039184 0.000000 0.000000
1370582262.932301 1.167623 0.039222 0.000000 0.000000
1370582262.961266 1.164837 0.038155 0.000000 0.000000
1370582262.994166 1.164045 0.038354 0.000000 0.000000
1370582263.028030 1.166460 0.038903 0.000000 0.000000
1370582263.060884 1.164383 0.039310 0.000000 0.000000
1370582263.094015 1.164847 0.038971 0.000000 0.000000
1370582263.127612 1.166300 0.039889 0.000000 0.000000
1370582263.164734 1.168315 0.039087 0.000000 0.000000
1370582263.195941 1.165989 0.039114 0.000000 0.000000
1370582263.228972 1.165320 0.038668 0.000000 0.000000
1370582263.262410 1.167590 0.038836 0.000000 0.000000
1370582263.297240 1.166601 0.038840 0.000000 0.000000
1370582263.329402 1.165171 0.038912 0.000000 0.000000
1370582263.361589 1.167296 0.039106 0.000000 0.000000
1370582263.403208 1.165836 0.039396 0.000000 0.000000
1370582263.429612 1.163980 0.039127 0.000000 0.000000
1370582263.462246 1.166251 0.038549 0.000000 0.000000
1370582263.495323 1.167526 0.039010 0.000000 0.000000
1370582263.528945 1.163486 0.038596 0.000000 0.000000
1370582263.562476 1.165010 0.038818 0.000000 0.000000
1370582263.595695 1.168075 0.038696 0.000000 0.000000
1370582263.629828 1.177558 0.038010 0.000000 0.000000
1370582263.662529 1.167495 0.038338 0.000000 0.000000
1370582263.696196 1.167105 0.038298 0.000000 0.000000
1370582263.730408 1.167717 0.038929 0.000000 0.000000
1370582263.762874 1.167397 0.038300 0.000000 0.000000
1370582263.797555 1.165804 0.038608 0.000000 0.000000
1370582263.829751 1.166423 0.038515 0.000000 0.000000
1370582263.864221 1.166895 0.038428 0.000000 0.000000
1370582263.898184 1.161819 0.038567 0.000000 0.000000
1370582263.939691 1.166282 0.038624 0.000000 0.000000
1370582263.965625 1.165815 0.038673 0.000000 0.000000
1370582263.997528 1.165951 0.038143 0.000000 0.000000
1370582264.030423 1.165654 0.038980 0.000000 0.000000
1370582264.063831 1.164304 0.039181 0.000000 0.000000
1370582264.097136 1.165653 0.038459 0.000000 0.000000
1370582264.130601 1.165173 0.038770 0.000000 0.000000
1370582264.166683 1.165654 0.038928 0.000000 0.000000
1370582264.199022 1.163776 0.039163 0.000000 0.000000
1370582264.230519 1.164488 0.039503 0.000000 0.000000
1370582264.266423 1.162539 0.038538 0.000000 0.000000
1370582264.298423 1.166001 0.039081 0.000000 0.000000
1370582264.331187 1.163361 0.038778 0.000000 0.000000
1370582264.364406 1.165169 0.038741 0.000000 0.000000
1370582264.397810 1.163295 0.039215 0.000000 0.000000
1370582264.438659 1.164696 0.038407 0.000000 0.000000
1370582264.473500 1.167106 0.039186 0.000000 0.000000
1370582264.499715 1.166877 0.038819 0.000000 0.000000
1370582264.533125 1.167428 0.038674 0.000000 0.000000
1370582264.567594 1.166479 0.039237 0.000000 0.000000
1370582264.601157 1.164679 0.040521 0.000000 0.000000
1370582264.635549 1.164850 0.039758 0.000000 0.000000
1370582264.668189 1.166408 0.038685 0.000000 0.000000
1370582264.700974 1.154035 0.036884 0.000000 0.000000
1370582264.734736 1.130539 0.037639 0.000000 0.000000
1370582264.768308 1.099438 0.037675 0.000000 0.000000
1370582264.802141 1.078894 0.037433 0.000000 0.000000
1370582264.836135 1.058042 0.038336 0.000000 0.000000
1370582264.868576 1.035940 0.038769 0.000000 0.000000
1370582264.900984 1.017102 0.038649 0.000000 0.000000
1370582264.936802 0.995239 0.039382 0.000000 0.000000
1370582264.974140 0.972747 0.040118 0.000000 0.000000
1370582265.001528 0.949807 0.040815 0.000000 0.000000
1370582265.035636 0.927031 0.041760 -0.859852 -0.043263
1370582265.069352 0.848811 0.040358 -0.687882 -0.034611
1370582265.102516 0.785636 0.040068 -0.550305 -0.027688
1370582265.136009 0.775721 0.040380 -0.440244 -0.022151
1370582265.170741 0.771984 0.041894 -0.352195 -0.017721
1370582265.203337 0.765783 0.043159 -0.281756 -0.014176
1370582265.236179 0.750657 0.045325 -0.225405 -0.011341
1370582265.269274 0.729272 0.046386 -0.225405 -0.011341
1370582265.303798 0.710758 0.048957 -1.117309 0.023991
1370582265.336445 0.690003 0.049419 -0.893847 0.019193
1370582265.369754 0.666496 0.051049 -0.715078 0.015354
1370582265.405021 0.642532 0.050950 -0.572062 0.012283
1370582265.439095 0.615996 0.052114 -0.457650 0.009827
1370582265.470601 0.591262 0.052650 -0.366120 0.007861
1370582265.505042 0.557996 0.051363 -0.292896 0.006289
1370582265.538257 0.482839 0.048731 -0.292896 0.006289
1370582265.570596 0.454757 0.048251 -1.376585 0.001170
1370582265.604321 0.452121 0.050492 -1.101268 0.000936
1370582265.640538 0.421000 0.051039 -0.881014 0.000749
1370582265.671109 0.415680 0.053608 -0.704812 0.000599
1370582265.704199 0.396306 0.054975 -0.563849 0.000479
1370582265.737624 0.373791 0.056406 -0.451079 0.000383
1370582265.771937 0.347309 0.056947 -0.360863 0.000307
1370582265.804508 0.320913 0.057472 -0.360863 0.000307
1370582265.838661 0.291235 0.058022 -0.987824 0.044147
1370582265.870078 0.241735 0.056513 -0.790259 0.035318
1370582265.904760 0.224161 0.058311 -0.632207 0.028254
1370582265.938563 0.186189 0.059463 -1.374810 0.032566
1370582265.972234 0.154347 0.071822 -1.099848 0.026053
1370582266.003759 0.125293 0.085891 -0.879878 0.020842
1370582266.037776 0.107972 0.063367 -0.703903 0.016674
1370582266.074308 0.076502 0.041300 -1.393488 -0.137484
1370582266.110831 0.050762 0.054125 -1.114790 -0.109987
1370582266.138675 0.039928 0.069689 -0.891832 -0.087990
1370582266.172383 0.060374 0.078253 -0.713466 -0.070392
1370582266.207274 0.079720 0.080990 -0.570773 -0.056313
1370582266.239128 0.082170 0.087420 -0.456618 -0.045051
1370582266.273715 0.082511 0.090948 -0.365295 -0.036041
1370582266.305432 0.083707 0.093737 -0.292236 -0.028832
1370582266.338455 0.085584 0.098584 -0.233788 -0.023066
1370582266.372053 0.087479 0.102769 -0.187031 -0.018453
1370582266.405851 0.088989 0.107030 -0.149625 -0.014762
1370582266.439295 0.090931 0.111683 -0.119700 -0.011810
1370582266.472765 0.087876 0.122914 -0.095760 -0.009448
1370582266.507453 0.074692 0.142291 -0.082685 0.866810
1370582266.540923 0.076759 0.145066 -0.066148 0.693448
1370582266.572294 0.076448 0.149531 -0.052918 0.554758
1370582266.605572 0.079214 0.150541 -0.042335 0.443807
1370582266.640088 0.080049 0.154217 -0.033868 0.355045
1370582266.672550 0.082243 0.156518 -0.027094 0.284036
1370582266.706508 0.088133 0.155473 -0.021675 0.227229
1370582266.740676 0.097793 0.149972 -0.017340 0.181783
1370582266.773577 0.108306 0.144577 -0.013872 0.145427
1370582266.806096 0.144444 0.141734 -0.011098 0.116341
1370582266.839724 0.174670 0.151948 -0.008878 0.093073
1370582266.874173 0.178176 0.147783 -0.007103 0.074458
1370582266.906935 0.186971 0.153040 1.023159 0.150550
1370582266.940934 0.200058 0.151339 0.818527 0.120440
1370582266.973423 0.178702 0.164293 0.654822 0.096352
1370582267.006913 0.000000 0.000000 0.196446 0.028906
1370582267.075407 0.000000 0.000000 0.058934 0.008672
1370582267.113541 0.000000 0.000000 0.017680 0.002602
1370582267.174040 0.000000 0.000000 0.005304 0.000780
