1370582301.445351 0.000000 0.000000 0.000000 0.000000
1370582301.514552 0.000000 0.000000 0.000000 0.000000
1370582301.545752 0.000000 0.000000 0.000000 0.000000
1370582301.578817 0.000000 0.000000 0.000000 0.000000
1370582301.612436 0.000000 0.000000 0.000000 0.000000
1370582301.646269 0.000000 0.000000 0.000000 0.000000
1370582301.679374 0.000000 0.000000 0.000000 0.000000
1370582301.714052 0.000000 0.000000 0.000000 0.000000
1370582301.746380 0.000000 0.000000 0.000000 0.000000
1370582301.779520 0.000000 0.000000 0.000000 0.000000
1370582301.814597 0.000000 0.000000 0.000000 0.000000
1370582301.847710 0.000000 0.000000 0.000000 0.000000
1370582301.881177 0.000000 0.000000 0.000000 0.000000
1370582301.913588 0.000000 0.000000 0.000000 0.000000
1370582301.948058 0.000000 0.000000 0.000000 0.000000
1370582301.980096 0.000000 0.000000 0.000000 0.000000
1370582302.013338 0.000000 0.000000 0.000000 0.000000
1370582302.047308 0.000000 0.000000 0.000000 0.000000
1370582302.080780 0.000000 0.000000 0.000000 0.000000
1370582302.118245 0.000000 0.000000 0.000000 0.000000
1370582302.147736 0.000000 0.000000 0.000000 0.000000
1370582302.182080 0.000000 0.000000 0.000000 0.000000
1370582302.214364 0.000000 0.000000 0.000000 0.000000
1370582302.247917 0.000000 0.000000 0.000000 0.000000
1370582302.279915 0.000000 0.000000 0.000000 0.000000
1370582302.313597 0.000000 0.000000 0.000000 0.000000
1370582302.347006 0.000000 0.000000 0.000000 0.000000
1370582302.381353 0.000000 0.000000 0.000000 0.000000
1370582302.416525 0.000000 0.000000 0.000000 0.000000
1370582302.448582 0.000000 0.000000 0.000000 0.000000
1370582302.481557 0.000000 0.000000 0.000000 0.000000
1370582302.515902 0.000000 0.000000 0.000000 0.000000
1370582302.550248 0.000000 0.000000 0.000000 0.000000
1370582302.583777 0.000000 0.000000 0.000000 0.000000
1370582302.615707 0.000000 0.000000 0.000000 0.000000
1370582302.650243 0.000000 0.000000 0.000000 0.000000
1370582302.689493 0.000000 0.000000 0.000000 0.000000
1370582302.716508 0.000000 0.000000 0.000000 0.000000
1370582302.749710 0.000000 0.000000 0.000000 0.000000
1370582302.782759 0.000000 0.000000 0.000000 0.000000
1370582302.816435 0.000000 0.000000 0.000000 0.000000
1370582302.850681 0.000000 0.000000 0.000000 0.000000
1370582302.883460 0.000000 0.000000 0.000000 0.000000
1370582302.917464 0.000000 0.000000 0.000000 0.000000
1370582302.950997 0.000000 0.000000 0.000000 0.000000
1370582302.984248 0.000000 0.000000 0.000000 0.000000
1370582303.018471 0.000000 0.000000 0.000000 0.000000
1370582303.050992 0.000000 0.000000 0.000000 0.000000
1370582303.084555 0.000000 0.000000 0.000000 0.000000
1370582303.117365 0.000000 0.000000 0.000000 0.000000
1370582303.149933 0.000000 0.000000 0.000000 0.000000
1370582303.185320 0.000000 0.000000 0.000000 0.000000
1370582303.219349 0.000000 0.000000 0.000000 0.000000
1370582303.255207 0.000000 0.000000 0.000000 0.000000
1370582303.284197 0.000000 0.000000 0.000000 0.000000
1370582303.318528 0.000000 0.000000 0.000000 0.000000
1370582303.351258 0.000000 0.000000 0.000000 0.000000
1370582303.384846 0.000000 0.000000 0.000000 0.000000
1370582303.418596 0.000000 0.000000 0.000000 0.000000
1370582303.451754 0.000000 0.000000 0.000000 0.000000
1370582303.485576 0.000000 0.000000 0.000000 0.000000
1370582303.521466 0.000000 0.000000 0.000000 0.000000
1370582303.551699 0.000000 0.000000 0.000000 0.000000
1370582303.585353 0.000000 0.000000 0.000000 0.000000
1370582303.617381 0.000000 0.000000 0.000000 0.000000
1370582303.651092 0.000000 0.000000 0.000000 0.000000
1370582303.685320 0.000000 0.000000 0.000000 0.000000
1370582303.719248 0.000000 0.000000 0.000000 0.000000
1370582303.752497 0.000000 0.000000 0.000000 0.000000
1370582303.790649 0.000000 0.000000 0.000000 0.000000
1370582303.821453 0.000000 0.000000 0.000000 0.000000
1370582303.858826 0.000000 0.000000 0.000000 0.000000
1370582303.886678 0.000000 0.000000 0.000000 0.000000
1370582303.919563 0.000000 0.000000 0.000000 0.000000
1370582303.953562 0.000000 0.000000 0.000000 0.000000
1370582303.986754 0.000000 0.000000 0.000000 0.000000
1370582304.019774 0.000000 0.000000 0.000000 0.000000
1370582304.054388 0.000000 0.000000 0.000000 0.000000
1370582304.085748 0.000000 0.000000 0.000000 0.000000
1370582304.120692 0.000000 0.000000 0.000000 0.000000
1370582304.153651 0.000000 0.000000 0.000000 0.000000
1370582304.187502 0.000000 0.000000 0.000000 0.000000
1370582304.218957 0.000000 0.000000 0.000000 0.000000
1370582304.252700 0.000000 0.000000 0.000000 0.000000
1370582304.286309 0.000000 0.000000 0.000000 0.000000
1370582304.319707 0.000000 0.000000 0.000000 0.000000
1370582304.353537 0.000000 0.000000 0.000000 0.000000
1370582304.386484 0.000000 0.000000 0.000000 0.000000
1370582304.427326 0.000000 0.000000 0.000000 0.000000
1370582304.455076 0.000000 0.000000 0.000000 0.000000
1370582304.487792 0.000000 0.000000 0.000000 0.000000
1370582304.522446 0.000000 0.000000 0.000000 0.000000
1370582304.553615 0.000000 0.000000 0.000000 0.000000
1370582304.586946 0.000000 0.000000 0.000000 0.000000
1370582304.620523 0.000000 0.000000 0.000000 0.000000
1370582304.653546 0.000000 0.000000 0.000000 0.000000
1370582304.687081 0.000000 0.000000 0.000000 0.000000
1370582304.720489 0.000000 0.000000 0.000000 0.000000
1370582304.755141 0.000000 0.000000 0.000000 0.000000
1370582304.788708 0.000000 0.000000 0.000000 0.000000
1370582304.822726 0.000000 0.000000 0.000000 0.000000
1370582304.856301 0.000000 0.000000 0.000000 0.000000
1370582304.889418 0.000000 0.000000 0.000000 0.000000
1370582304.922989 0.000000 0.000000 0.000000 0.000000
1370582304.956467 0.000000 0.000000 0.000000 0.000000
1370582304.989238 0.000000 0.000000 0.000000 0.000000
1370582305.024353 0.000000 0.000000 0.000000 0.000000
1370582305.060973 0.000000 0.000000 0.000000 0.000000
1370582305.089587 0.000000 0.000000 0.000000 0.000000
1370582305.122564 0.000000 0.000000 0.000000 0.000000
1370582305.157076 0.000000 0.000000 0.000000 0.000000
1370582305.189519 0.000000 0.000000 0.000000 0.000000
1370582305.222439 0.000000 0.000000 0.000000 0.000000
1370582305.255920 0.000000 0.000000 0.000000 0.000000
1370582305.289176 0.000000 0.000000 0.000000 0.000000
1370582305.323823 0.000000 0.000000 0.000000 0.000000
1370582305.358141 0.000000 0.000000 0.000000 0.000000
1370582305.390001 0.000000 0.000000 0.000000 0.000000
1370582305.424050 0.000000 0.000000 0.000000 0.000000
1370582305.456541 0.000000 0.000000 0.000000 0.000000
1370582305.489692 0.000000 0.000000 0.000000 0.000000
1370582305.524389 0.000000 0.000000 0.000000 0.000000
1370582305.557443 0.000000 0.000000 0.000000 0.000000
1370582305.590692 0.000000 0.000000 0.000000 0.000000
1370582305.631787 0.000000 0.000000 0.000000 0.000000
1370582305.658923 0.000000 0.000000 0.000000 0.000000
1370582305.690441 0.000000 0.000000 0.000000 0.000000
1370582305.725504 0.000000 0.000000 0.000000 0.000000
1370582305.759467 0.000000 0.000000 0.000000 0.000000
1370582305.792587 0.000000 0.000000 0.000000 0.000000
1370582305.826026 0.000000 0.000000 0.000000 0.000000
1370582305.861435 0.000000 0.000000 0.000000 0.000000
1370582305.892429 0.000000 0.000000 0.000000 0.000000
1370582305.926107 0.000000 0.000000 0.000000 0.000000
1370582305.959393 0.000000 0.000000 0.000000 0.000000
1370582305.992738 0.000000 0.000000 0.000000 0.000000
1370582306.026329 0.000000 0.000000 0.000000 0.000000
1370582306.059825 0.000000 0.000000 0.000000 0.000000
1370582306.093263 0.000000 0.000000 0.000000 0.000000
1370582306.127184 0.000000 0.000000 0.000000 0.000000
1370582306.164471 0.000000 0.000000 0.000000 0.000000
1370582306.194559 0.000000 0.000000 0.000000 0.000000
1370582306.227415 0.000000 0.000000 0.000000 0.000000
1370582306.260121 0.000000 0.000000 0.000000 0.000000
1370582306.293616 0.000000 0.000000 0.000000 0.000000
1370582306.325644 0.000000 0.000000 0.000000 0.000000
1370582306.359551 0.000000 0.000000 0.000000 0.000000
1370582306.426486 0.000000 0.000000 0.000000 0.000000
1370582306.460790 0.000000 0.000000 0.000000 0.000000
1370582306.528065 0.000000 0.000000 0.000000 0.000000
1370582306.561444 0.000000 0.000000 0.000000 0.000000
1370582306.627572 0.000000 0.000000 0.000000 0.000000
1370582306.661634 0.000000 0.000000 0.000000 0.000000
1370582306.727709 0.000000 0.000000 0.000000 0.000000
1370582306.762325 0.000000 0.000000 0.000000 0.000000
1370582306.795698 0.000000 0.000000 0.000000 0.000000
1370582306.836005 0.000000 0.000000 0.000000 0.000000
1370582306.863521 0.000000 0.000000 0.000000 0.000000
1370582306.895494 0.000000 0.000000 0.000000 0.000000
1370582306.929439 0.000000 0.000000 0.000000 0.000000
1370582306.962527 0.000000 0.000000 0.000000 0.000000
1370582306.999290 0.000000 0.000000 0.000000 0.000000
1370582307.029625 0.000000 0.000000 0.000000 0.000000
1370582307.063125 0.000000 0.000000 0.000000 0.000000
1370582307.096165 0.000000 0.000000 0.000000 0.000000
1370582307.130091 0.000000 0.000000 0.000000 0.000000
1370582307.163103 0.000000 0.000000 0.000000 0.000000
1370582307.196749 0.000000 0.000000 0.000000 0.000000
1370582307.230195 0.000000 0.000000 0.000000 0.000000
1370582307.262301 0.000000 0.000000 0.000000 0.000000
1370582307.296954 0.000000 0.000000 0.000000 0.000000
1370582307.331071 0.000000 0.000000 0.000000 0.000000
1370582307.370217 0.000000 0.000000 0.000000 0.000000
1370582307.397053 0.000000 0.000000 0.000000 0.000000
1370582307.430489 0.000000 0.000000 0.000000 0.000000
1370582307.463796 0.000000 0.000000 0.000000 0.000000
1370582307.496923 0.000000 0.000000 0.000000 0.000000
1370582307.532086 0.000000 0.000000 0.000000 0.000000
1370582307.562986 0.000000 0.000000 0.000000 0.000000
1370582307.597573 0.000000 0.000000 0.000000 0.000000
1370582307.631144 0.000000 0.000000 0.000000 0.000000
1370582307.664451 0.000000 0.000000 0.000000 0.000000
1370582307.698268 0.000000 0.000000 0.000000 0.000000
1370582307.730271 0.000000 0.000000 0.000000 0.000000
1370582307.763936 0.000000 0.000000 0.000000 0.000000
1370582307.797389 0.000000 0.000000 0.000000 0.000000
1370582307.832062 0.000000 0.000000 0.000000 0.000000
1370582307.868345 0.000000 0.000000 0.000000 0.000000
1370582307.901471 0.000000 0.000000 0.000000 0.000000
1370582307.930766 0.000000 0.000000 0.000000 0.000000
1370582307.964424 0.000000 0.000000 0.000000 0.000000
1370582307.998630 0.000000 0.000000 0.000000 0.000000
1370582308.032326 0.000000 0.000000 0.000000 0.000000
1370582308.064944 0.000000 0.000000 0.000000 0.000000
1370582308.099741 0.000000 0.000000 0.000000 0.000000
1370582308.132983 0.000000 0.000000 0.000000 0.000000
1370582308.165498 0.000000 0.000000 0.000000 0.000000
1370582308.199560 0.000000 0.000000 0.000000 0.000000
1370582308.232278 0.000000 0.000000 0.000000 0.000000
1370582308.266028 0.000000 0.000000 0.000000 0.000000
1370582308.298945 0.000000 0.000000 0.000000 0.000000
1370582308.332619 0.000000 0.000000 0.000000 0.000000
1370582308.366741 0.000000 0.000000 0.000000 0.000000
1370582308.401568 0.000000 0.000000 0.000000 0.000000
1370582308.439557 0.000000 0.000000 0.000000 0.000000
1370582308.466651 0.000000 0.000000 0.000000 0.000000
1370582308.499073 0.000000 0.000000 0.000000 0.000000
1370582308.533068 0.000000 0.000000 0.000000 0.000000
1370582308.565727 0.000000 0.000000 0.000000 0.000000
1370582308.599187 0.000000 0.000000 0.000000 0.000000
1370582308.632544 0.000000 0.000000 0.000000 0.000000
1370582308.666066 0.000000 0.000000 0.000000 0.000000
1370582308.699525 0.000000 0.000000 0.000000 0.000000
1370582308.732815 0.000000 0.000000 0.000000 0.000000
1370582308.766395 0.000000 0.000000 0.000000 0.000000
1370582308.799970 0.000000 0.000000 0.000000 0.000000
1370582308.833221 0.000000 0.000000 0.000000 0.000000
1370582308.867252 0.000000 0.000000 0.000000 0.000000
1370582308.900216 0.000000 0.000000 0.000000 0.000000
1370582308.935602 0.000000 0.000000 0.000000 0.000000
1370582308.974315 0.000000 0.000000 0.000000 0.000000
1370582309.000988 0.000000 0.000000 0.000000 0.000000
1370582309.034732 0.000000 0.000000 0.000000 0.000000
1370582309.067775 0.000000 0.000000 0.000000 0.000000
1370582309.102115 0.000000 0.000000 0.000000 0.000000
1370582309.134012 0.000000 0.000000 0.000000 0.000000
1370582309.167494 0.000000 0.000000 0.000000 0.000000
1370582309.204344 0.000000 0.000000 0.000000 0.000000
1370582309.235494 0.000000 0.000000 0.000000 0.000000
1370582309.269070 0.000000 0.000000 0.000000 0.000000
1370582309.302309 0.000000 0.000000 0.000000 0.000000
1370582309.335617 0.000000 0.000000 0.000000 0.000000
1370582309.368004 0.000000 0.000000 0.000000 0.000000
1370582309.403160 0.000000 0.000000 0.000000 0.000000
1370582309.435810 0.000000 0.000000 0.000000 0.000000
1370582309.476054 0.000000 0.000000 0.000000 0.000000
1370582309.503011 0.000000 0.000000 0.000000 0.000000
1370582309.535864 0.000000 0.000000 0.000000 0.000000
1370582309.568490 0.000000 0.000000 0.000000 0.000000
1370582309.602730 0.000000 0.000000 0.000000 0.000000
1370582309.636802 0.000000 0.000000 0.000000 0.000000
1370582309.670289 0.000000 0.000000 0.000000 0.000000
1370582309.703104 0.000000 0.000000 0.000000 0.000000
1370582309.737316 0.000000 0.000000 0.000000 0.000000
1370582309.771086 0.000000 0.000000 0.000000 0.000000
1370582309.803445 0.000000 0.000000 0.000000 0.000000
1370582309.836478 0.000000 0.000000 0.000000 0.000000
1370582309.869988 0.000000 0.000000 0.000000 0.000000
1370582309.902682 0.000000 0.000000 0.000000 0.000000
1370582309.939938 0.000000 0.000000 0.000000 0.000000
1370582309.970695 0.000000 0.000000 0.000000 0.000000
1370582310.011805 0.000000 0.000000 0.000000 0.000000
1370582310.038607 0.000000 0.000000 0.000000 0.000000
1370582310.071829 0.000000 0.000000 0.000000 0.000000
1370582310.105002 0.000000 0.000000 0.000000 0.000000
1370582310.139337 0.000000 0.000000 0.000000 0.000000
1370582310.171554 0.000000 0.000000 0.000000 0.000000
1370582310.205463 0.000000 0.000000 0.000000 0.000000
1370582310.237989 0.000000 0.000000 0.000000 0.000000
1370582310.272037 0.000000 0.000000 0.000000 0.000000
1370582310.305086 0.000000 0.000000 0.000000 0.000000
1370582310.339183 0.000000 0.000000 0.000000 0.000000
1370582310.372210 0.000000 0.000000 0.000000 0.000000
1370582310.405447 0.000000 0.000000 0.000000 0.000000
1370582310.438794 0.000000 0.000000 0.000000 0.000000
1370582310.472095 0.000000 0.000000 0.000000 0.000000
1370582310.505703 0.000000 0.000000 0.000000 0.000000
1370582310.538896 0.000000 0.000000 0.000000 0.000000
1370582310.577181 0.000000 0.000000 0.000000 0.000000
1370582310.605210 0.000000 0.000000 0.000000 0.000000
1370582310.640608 0.000000 0.000000 0.000000 0.000000
1370582310.671523 0.000000 0.000000 0.000000 0.000000
1370582310.705249 0.000000 0.000000 0.000000 0.000000
1370582310.738900 0.000000 0.000000 0.000000 0.000000
1370582310.772024 0.000000 0.000000 0.000000 0.000000
1370582310.807097 0.000000 0.000000 0.000000 0.000000
1370582310.840055 0.000000 0.000000 0.000000 0.000000
1370582310.872502 0.000000 0.000000 0.000000 0.000000
1370582310.906711 0.000000 0.000000 0.000000 0.000000
1370582310.939164 0.000000 0.000000 0.000000 0.000000
1370582310.972229 0.000000 0.000000 0.000000 0.000000
1370582311.006203 0.000000 0.000000 0.000000 0.000000
1370582311.039366 0.000000 0.000000 0.000000 0.000000
1370582311.073598 0.000000 0.000000 0.000000 0.000000
1370582311.106806 0.000000 0.000000 0.000000 0.000000
1370582311.140851 0.000000 0.000000 0.000000 0.000000
1370582311.174050 0.000000 0.000000 0.000000 0.000000
1370582311.213149 0.000000 0.000000 0.000000 0.000000
1370582311.239408 0.000000 0.000000 0.000000 0.000000
1370582311.274577 0.000000 0.000000 0.000000 0.000000
1370582311.306304 0.000000 0.000000 0.000000 0.000000
1370582311.340500 0.000000 0.000000 0.000000 0.000000
1370582311.374057 0.000000 0.000000 0.000000 0.000000
1370582311.407762 0.000000 0.000000 0.000000 0.000000
1370582311.441152 0.000000 0.000000 0.000000 0.000000
1370582311.479479 0.000000 0.000000 0.000000 0.000000
1370582311.508815 0.000000 0.000000 0.000000 0.000000
1370582311.546579 0.000000 0.000000 0.000000 0.000000
1370582311.576216 0.000000 0.000000 0.000000 0.000000
1370582311.609650 0.000000 0.000000 0.000000 0.000000
1370582311.643029 0.000000 0.000000 0.000000 0.000000
1370582311.677090 0.000000 0.000000 0.000000 0.000000
1370582311.710661 0.000000 0.000000 0.000000 0.000000
1370582311.748089 0.000000 0.000000 0.000000 0.000000
1370582311.776925 0.000000 0.000000 0.000000 0.000000
1370582311.810404 0.000000 0.000000 0.000000 0.000000
1370582311.843386 0.000000 0.000000 0.000000 0.000000
1370582311.877698 0.000000 0.000000 0.000000 0.000000
1370582311.909005 0.000000 0.000000 0.000000 0.000000
1370582311.943823 0.000000 0.000000 0.000000 0.000000
1370582311.977568 0.000000 0.000000 0.000000 0.000000
1370582312.011769 0.000000 0.000000 0.000000 0.000000
1370582312.044430 0.000000 0.000000 0.000000 0.000000
1370582312.076375 0.000000 0.000000 0.000000 0.000000
1370582312.109685 0.000000 0.000000 0.000000 0.000000
1370582312.143658 0.000000 0.000000 0.000000 0.000000
1370582312.176694 0.000000 0.000000 0.000000 0.000000
1370582312.211593 0.000000 0.000000 0.000000 0.000000
1370582312.251000 0.000000 0.000000 0.000000 0.000000
1370582312.278563 0.000000 0.000000 0.000000 0.000000
1370582312.310426 0.000000 0.000000 0.000000 0.000000
1370582312.343576 0.000000 0.000000 0.000000 0.000000
1370582312.377068 0.000000 0.000000 0.000000 0.000000
1370582312.411289 0.000000 0.000000 0.000000 0.000000
1370582312.443842 0.000000 0.000000 0.000000 0.000000
1370582312.477263 0.000000 0.000000 0.000000 0.000000
1370582312.511392 0.000000 0.000000 0.000000 0.000000
1370582312.544961 0.000000 0.000000 0.000000 0.000000
1370582312.577712 0.000000 0.000000 0.000000 0.000000
1370582312.611197 0.000000 0.000000 0.000000 0.000000
1370582312.644657 0.000000 0.000000 0.000000 0.000000
1370582312.678320 0.000000 0.000000 0.000000 0.000000
1370582312.711679 0.000000 0.000000 0.000000 0.000000
1370582312.745675 0.000000 0.000000 0.000000 0.000000
1370582312.786916 0.000000 0.000000 0.000000 0.000000
1370582312.811728 0.000000 0.000000 0.000000 0.000000
1370582312.845290 0.000000 0.000000 0.000000 0.000000
1370582312.879059 0.000000 0.000000 0.000000 0.000000
1370582312.912071 0.000000 0.000000 0.000000 0.000000
1370582312.946271 0.000000 0.000000 0.000000 0.000000
1370582312.979772 0.000000 0.000000 0.000000 0.000000
1370582313.013666 0.000000 0.000000 0.000000 0.000000
1370582313.046797 0.000000 0.000000 0.000000 0.000000
1370582313.080694 0.000000 0.000000 0.000000 0.000000
1370582313.112970 0.000000 0.000000 0.000000 0.000000
1370582313.145597 0.000000 0.000000 0.000000 0.000000
1370582313.180080 0.000000 0.000000 0.000000 0.000000
1370582313.214702 0.000000 0.000000 0.000000 0.000000
1370582313.247182 0.000000 0.000000 0.000000 0.000000
1370582313.286285 0.000000 0.000000 0.000000 0.000000
1370582313.313795 0.000000 0.000000 0.000000 0.000000
1370582313.346931 0.000000 0.000000 0.000000 0.000000
1370582313.382128 0.000000 0.000000 0.000000 0.000000
1370582313.415846 0.000000 0.000000 0.000000 0.000000
1370582313.447686 0.000000 0.000000 0.000000 0.000000
1370582313.481469 0.000000 0.000000 0.000000 0.000000
1370582313.515083 0.000000 0.000000 0.000000 0.000000
1370582313.548446 0.000000 0.000000 0.000000 0.000000
1370582313.581608 0.000000 0.000000 0.000000 0.000000
1370582313.615390 0.000000 0.000000 0.000000 0.000000
1370582313.648116 0.000000 0.000000 0.000000 0.000000
1370582313.682410 0.000000 0.000000 0.000000 0.000000
1370582313.715279 0.000000 0.000000 0.000000 0.000000
1370582313.749310 0.000000 0.000000 0.000000 0.000000
1370582313.782545 0.000000 0.000000 0.000000 0.000000
1370582313.815835 0.000000 0.000000 0.000000 0.000000
1370582313.855364 0.000000 0.000000 0.000000 0.000000
1370582313.884981 0.000000 0.000000 0.000000 0.000000
1370582313.914779 0.000000 0.000000 0.000000 0.000000
1370582313.948112 0.000000 0.000000 0.000000 0.000000
1370582313.982485 0.000000 0.000000 0.000000 0.000000
1370582314.015958 0.000000 0.000000 0.000000 0.000000
1370582314.049722 0.000000 0.000000 0.000000 0.000000
1370582314.082951 0.000000 0.000000 0.000000 0.000000
1370582314.116317 0.000000 0.000000 0.000000 0.000000
1370582314.150611 0.000000 0.000000 0.000000 0.000000
1370582314.183363 0.000000 0.000000 0.000000 0.000000
1370582314.217393 0.000000 0.000000 0.000000 0.000000
1370582314.250232 0.000000 0.000000 0.000000 0.000000
1370582314.283303 0.000000 0.000000 0.000000 0.000000
1370582314.315993 0.000000 0.000000 0.000000 0.000000
1370582314.388734 0.000000 0.000000 0.000000 0.000000
1370582314.417191 0.000000 0.000000 0.000000 0.000000
1370582314.484201 0.000000 0.000000 0.000000 0.000000
1370582314.517773 0.000000 0.000000 0.000000 0.000000
1370582314.555399 0.000000 0.000000 0.000000 0.000000
1370582314.585030 0.000000 0.000000 0.000000 0.000000
1370582314.651161 0.000000 0.000000 0.000000 0.000000
1370582314.685180 0.000000 0.000000 0.000000 0.000000
1370582314.751206 0.000000 0.000000 0.000000 0.000000
1370582314.786068 0.000000 0.000000 0.000000 0.000000
1370582314.819815 0.000000 0.000000 0.000000 0.000000
1370582314.853001 0.000000 0.000000 0.000000 0.000000
1370582314.887084 0.000000 0.000000 0.000000 0.000000
1370582314.919372 0.000000 0.000000 0.000000 0.000000
1370582314.953264 0.000000 0.000000 0.000000 0.000000
1370582314.987648 0.000000 0.000000 0.000000 0.000000
1370582315.025360 0.000000 0.000000 0.000000 0.000000
1370582315.053682 0.000000 0.000000 0.000000 0.000000
1370582315.086742 0.000000 0.000000 0.000000 0.000000
1370582315.119774 0.000000 0.000000 0.000000 0.000000
1370582315.154976 0.000000 0.000000 0.000000 0.000000
1370582315.186961 0.000000 0.000000 0.000000 0.000000
1370582315.220955 0.000000 0.000000 0.000000 0.000000
1370582315.254518 0.000000 0.000000 0.000000 0.000000
1370582315.286134 0.000000 0.000000 0.000000 0.000000
1370582315.320198 0.000000 0.000000 0.000000 0.000000
1370582315.355997 0.000000 0.000000 0.000000 0.000000
1370582315.388798 0.000000 0.000000 0.000000 0.000000
1370582315.421079 0.000000 0.000000 0.000000 0.000000
1370582315.454983 0.000000 0.000000 0.000000 0.000000
1370582315.488537 0.000000 0.000000 0.000000 0.000000
1370582315.521486 0.000000 0.000000 0.000000 0.000000
1370582315.563136 0.000000 0.000000 0.000000 0.000000
1370582315.588379 0.000000 0.000000 0.000000 0.000000
1370582315.622075 0.000000 0.000000 0.000000 0.000000
1370582315.655756 0.000000 0.000000 0.000000 0.000000
1370582315.688633 0.000000 0.000000 0.000000 0.000000
1370582315.723413 0.000000 0.000000 0.000000 0.000000
1370582315.756173 0.000000 0.000000 0.000000 0.000000
1370582315.788823 0.000000 0.000000 0.000000 0.000000
1370582315.823058 0.000000 0.000000 0.000000 0.000000
1370582315.855842 0.000000 0.000000 0.000000 0.000000
1370582315.891747 0.000000 0.000000 0.000000 0.000000
1370582315.922938 0.000000 0.000000 0.000000 0.000000
1370582315.963774 0.000000 0.000000 0.000000 0.000000
1370582315.988245 0.000000 0.000000 0.000000 0.000000
1370582316.023613 0.000000 0.000000 0.000000 0.000000
1370582316.060899 0.000000 0.000000 0.000000 0.000000
1370582316.089640 0.000000 0.000000 0.000000 0.000000
1370582316.122629 0.000000 0.000000 0.000000 0.000000
1370582316.156207 0.000000 0.000000 0.000000 0.000000
1370582316.191468 0.000000 0.000000 0.000000 0.000000
1370582316.226232 0.000000 0.000000 0.000000 0.000000
1370582316.257353 0.000000 0.000000 0.000000 0.000000
1370582316.292158 0.000000 0.000000 0.000000 0.000000
1370582316.324741 0.000000 0.000000 0.000000 0.000000
1370582316.358048 0.000000 0.000000 0.000000 0.000000
1370582316.392108 0.000000 0.000000 0.000000 0.000000
1370582316.424476 0.000000 0.000000 0.000000 0.000000
1370582316.458541 0.000000 0.000000 0.000000 0.000000
1370582316.490608 0.000000 0.000000 0.000000 0.000000
1370582316.525295 0.000000 0.000000 0.000000 0.000000
1370582316.559038 0.000000 0.000000 0.000000 0.000000
1370582316.598261 0.000000 0.000000 0.000000 0.000000
1370582316.623809 0.000000 0.000000 0.000000 0.000000
1370582316.658761 0.000000 0.000000 0.000000 0.000000
1370582316.692821 0.000000 0.000000 0.000000 0.000000
1370582316.725292 0.000000 0.000000 0.000000 0.000000
1370582316.759011 0.000000 0.000000 0.000000 0.000000
1370582316.792427 0.000000 0.000000 0.000000 0.000000
1370582316.826271 0.000000 0.000000 0.000000 0.000000
1370582316.859476 0.000000 0.000000 0.000000 0.000000
1370582316.892082 0.000000 0.000000 0.000000 0.000000
1370582316.925003 0.000000 0.000000 0.000000 0.000000
1370582316.959086 0.000000 0.000000 0.000000 0.000000
1370582316.993387 0.000000 0.000000 0.000000 0.000000
1370582317.026923 0.000000 0.000000 0.000000 0.000000
1370582317.059732 0.000000 0.000000 0.000000 0.000000
1370582317.094654 0.000000 0.000000 0.000000 0.000000
1370582317.130435 0.000000 0.000000 0.000000 0.000000
1370582317.159754 0.000000 0.000000 0.000000 0.000000
1370582317.194078 0.000000 0.000000 0.000000 0.000000
1370582317.227995 0.000000 0.000000 0.000000 0.000000
1370582317.262278 0.000000 0.000000 0.000000 0.000000
1370582317.292603 0.000000 0.000000 0.000000 0.000000
1370582317.326921 0.000000 0.000000 0.000000 0.000000
1370582317.359627 0.000000 0.000000 0.000000 0.000000
1370582317.394105 0.000000 0.000000 0.000000 0.000000
1370582317.428409 0.000000 0.000000 0.000000 0.000000
1370582317.461260 0.000000 0.000000 0.000000 0.000000
1370582317.494701 0.000000 0.000000 0.000000 0.000000
1370582317.527771 0.000000 0.000000 0.000000 0.000000
1370582317.562120 0.000000 0.000000 0.000000 0.000000
1370582317.594730 0.000000 0.000000 0.000000 0.000000
1370582317.636457 0.000000 0.000000 0.000000 0.000000
1370582317.662043 0.000000 0.000000 0.000000 0.000000
1370582317.695465 0.000000 0.000000 0.000000 0.000000
1370582317.728677 0.000000 0.000000 0.000000 0.000000
1370582317.762355 0.000000 0.000000 0.000000 0.000000
1370582317.794799 0.000000 0.000000 0.000000 0.000000
1370582317.827847 0.000000 0.000000 0.000000 0.000000
1370582317.861653 0.000000 0.000000 0.000000 0.000000
1370582317.896898 0.000000 0.000000 0.000000 0.000000
1370582317.928021 0.000000 0.000000 0.000000 0.000000
1370582317.961596 0.000000 0.000000 0.000000 0.000000
1370582317.994836 0.000000 0.000000 0.000000 0.000000
1370582318.029124 0.000000 0.000000 0.000000 0.000000
1370582318.062956 0.000000 0.000000 0.000000 0.000000
1370582318.094831 0.000000 0.000000 0.000000 0.000000
1370582318.137089 0.000000 0.000000 0.000000 0.000000
1370582318.163236 0.000000 0.000000 0.000000 0.000000
1370582318.196601 0.000000 0.000000 0.000000 0.000000
1370582318.230915 0.000000 0.000000 0.000000 0.000000
1370582318.262063 0.000000 0.000000 0.000000 0.000000
1370582318.295333 0.000000 0.000000 0.000000 0.000000
1370582318.329032 0.000000 0.000000 0.000000 0.000000
1370582318.363089 0.000000 0.000000 0.000000 0.000000
1370582318.396969 0.000000 0.000000 0.000000 0.000000
1370582318.430626 0.000000 0.000000 0.000000 0.000000
1370582318.462483 0.000000 0.000000 0.000000 0.000000
1370582318.496204 0.000000 0.000000 0.000000 0.000000
1370582318.530677 0.000000 0.000000 0.000000 0.000000
1370582318.563507 0.000000 0.000000 0.000000 0.000000
1370582318.597661 0.000000 0.000000 0.000000 0.000000
1370582318.633513 0.000000 0.000000 0.000000 0.000000
1370582318.670356 0.000000 0.000000 0.000000 0.000000
1370582318.697529 0.000000 0.000000 0.000000 0.000000
1370582318.731008 0.000000 0.000000 0.000000 0.000000
1370582318.764490 0.000000 0.000000 0.000000 0.000000
1370582318.797820 0.000000 0.000000 0.000000 0.000000
1370582318.831659 0.000000 0.000000 0.000000 0.000000
1370582318.866054 0.000000 0.000000 0.000000 0.000000
1370582318.899982 0.000000 0.000000 0.000000 0.000000
1370582318.933306 0.000000 0.000000 0.000000 0.000000
1370582318.966340 0.000000 0.000000 0.000000 0.000000
1370582318.999749 0.000000 0.000000 0.000000 0.000000
1370582319.033099 0.000000 0.000000 0.000000 0.000000
1370582319.068495 0.000000 0.000000 0.000000 0.000000
1370582319.100209 0.000000 0.000000 0.000000 0.000000
1370582319.133439 0.000000 0.000000 0.000000 0.000000
1370582319.168714 0.000000 0.000000 0.000000 0.000000
1370582319.204025 0.000000 0.000000 0.000000 0.000000
1370582319.233356 0.000000 0.000000 0.000000 0.000000
1370582319.266785 0.000000 0.000000 0.000000 0.000000
1370582319.300680 0.000000 0.000000 0.000000 0.000000
1370582319.334203 0.000000 0.000000 0.000000 0.000000
1370582319.367714 0.000000 0.000000 0.000000 0.000000
1370582319.400796 0.000000 0.000000 0.000000 0.000000
1370582319.432939 0.000000 0.000000 0.000000 0.000000
1370582319.466266 0.000000 0.000000 0.000000 0.000000
1370582319.499753 0.000000 0.000000 0.000000 0.000000
1370582319.533462 0.000000 0.000000 0.000000 0.000000
1370582319.568193 0.000000 0.000000 0.000000 0.000000
1370582319.601673 0.000000 0.000000 0.000000 0.000000
1370582319.635445 0.000000 0.000000 0.000000 0.000000
1370582319.668254 0.000000 0.000000 0.000000 0.000000
1370582319.708017 0.000000 0.000000 0.000000 0.000000
1370582319.734777 0.000000 0.000000 0.000000 0.000000
1370582319.767523 0.000000 0.000000 0.000000 0.000000
1370582319.802376 0.000000 0.000000 0.000000 0.000000
1370582319.836762 0.000000 0.000000 0.000000 0.000000
1370582319.869081 0.000000 0.000000 0.000000 0.000000
1370582319.903521 0.000000 0.000000 0.000000 0.000000
1370582319.934908 0.000000 0.000000 0.000000 0.000000
1370582319.968192 0.000000 0.000000 0.000000 0.000000
1370582320.002549 0.000000 0.000000 0.000000 0.000000
1370582320.035247 0.000000 0.000000 0.000000 0.000000
1370582320.068610 0.000000 0.000000 0.000000 0.000000
1370582320.102141 0.000000 0.000000 0.000000 0.000000
1370582320.135636 0.000000 0.000000 0.000000 0.000000
1370582320.169147 0.000000 0.000000 0.000000 0.000000
1370582320.206402 0.000000 0.000000 0.000000 0.000000
1370582320.241765 0.000000 0.000000 0.000000 0.000000
1370582320.270781 0.000000 0.000000 0.000000 0.000000
1370582320.302604 0.000000 0.000000 0.000000 0.000000
1370582320.336078 0.000000 0.000000 0.000000 0.000000
1370582320.369484 0.000000 0.000000 0.000000 0.000000
1370582320.406675 0.000000 0.000000 0.000000 0.000000
1370582320.437384 0.000000 0.000000 0.000000 0.000000
1370582320.470331 0.000000 0.000000 0.000000 0.000000
1370582320.504659 0.000000 0.000000 0.000000 0.000000
1370582320.537075 0.000000 0.000000 0.000000 0.000000
1370582320.570819 0.000000 0.000000 0.000000 0.000000
1370582320.603928 0.000000 0.000000 0.000000 0.000000
1370582320.640329 0.000000 0.000000 0.000000 0.000000
1370582320.677011 0.000000 0.000000 0.000000 0.000000
1370582320.704989 0.000000 0.000000 0.000000 0.000000
1370582320.739429 0.000000 0.000000 0.000000 0.000000
1370582320.772484 0.000000 0.000000 0.000000 0.000000
1370582320.805552 0.000000 0.000000 0.000000 0.000000
1370582320.839081 0.000000 0.000000 0.000000 0.000000
1370582320.872110 0.000000 0.000000 0.000000 0.000000
1370582320.906770 0.000000 0.000000 0.000000 0.000000
1370582320.938194 0.000000 0.000000 0.000000 0.000000
1370582320.972599 0.000000 0.000000 0.000000 0.000000
1370582321.006511 0.000000 0.000000 0.000000 0.000000
1370582321.039836 0.000000 0.000000 0.000000 0.000000
1370582321.073687 0.000000 0.000000 0.000000 0.000000
1370582321.114227 0.000000 0.000000 0.000000 0.000000
1370582321.139569 0.000000 0.000000 0.000000 0.000000
1370582321.173504 0.000000 0.000000 0.000000 0.000000
1370582321.207463 0.000000 0.000000 0.000000 0.000000
1370582321.241400 0.000000 0.000000 0.000000 0.000000
1370582321.274243 0.000000 0.000000 0.000000 0.000000
1370582321.306265 0.000000 0.000000 0.000000 0.000000
1370582321.340018 0.000000 0.000000 0.000000 0.000000
1370582321.373458 0.000000 0.000000 0.000000 0.000000
1370582321.406871 0.000000 0.000000 0.000000 0.000000
1370582321.441337 0.000000 0.000000 0.000000 0.000000
1370582321.475198 0.000000 0.000000 0.000000 0.000000
1370582321.508827 0.000000 0.000000 0.000000 0.000000
1370582321.549554 0.000000 0.000000 0.000000 0.000000
1370582321.575834 0.000000 0.000000 0.000000 0.000000
1370582321.608637 0.000000 0.000000 0.000000 0.000000
1370582321.642407 0.000000 0.000000 0.000000 0.000000
1370582321.675424 0.000000 0.000000 0.000000 0.000000
1370582321.709230 0.000000 0.000000 0.000000 0.000000
1370582321.742479 0.000000 0.000000 0.000000 0.000000
1370582321.775921 0.000000 0.000000 0.000000 0.000000
1370582321.808068 0.000000 0.000000 0.000000 0.000000
1370582321.841517 0.000000 0.000000 0.000000 0.000000
1370582321.874961 0.000000 0.000000 0.000000 0.000000
1370582321.910299 0.000000 0.000000 0.000000 0.000000
1370582321.975589 0.000000 0.000000 0.000000 0.000000
1370582322.018479 0.000000 0.000000 0.000000 0.000000
1370582322.075975 0.000000 0.000000 0.000000 0.000000
1370582322.108802 0.000000 0.000000 0.000000 0.000000
1370582322.175557 0.000000 0.000000 0.000000 0.000000
1370582322.209428 0.000000 0.000000 0.000000 0.000000
1370582322.275756 0.000000 0.000000 0.000000 0.000000
1370582322.309223 0.000000 0.000000 0.000000 0.000000
1370582322.342727 0.000000 0.000000 0.000000 0.000000
1370582322.375782 0.000000 0.000000 0.000000 0.000000
1370582322.409350 0.000000 0.000000 0.000000 0.000000
1370582322.442832 0.000000 0.000000 0.000000 0.000000
1370582322.477169 0.000000 0.000000 0.000000 0.000000
1370582322.511338 0.000000 0.000000 0.000000 0.000000
1370582322.544543 0.000000 0.000000 0.000000 0.000000
1370582322.585104 0.000000 0.000000 0.000000 0.000000
1370582322.612042 0.000000 0.000000 0.000000 0.000000
1370582322.645371 0.000000 0.000000 0.000000 0.000000
1370582322.678483 0.000000 0.000000 0.000000 0.000000
1370582322.711588 0.000000 0.000000 0.000000 0.000000
1370582322.743347 0.000000 0.000000 0.000000 0.000000
1370582322.777874 0.000000 0.000000 0.000000 0.000000
1370582322.811515 0.000000 0.000000 0.000000 0.000000
1370582322.845466 0.000000 0.000000 0.000000 0.000000
1370582322.879025 0.000000 0.000000 0.000000 0.000000
1370582322.912782 0.000000 0.000000 0.000000 0.000000
1370582322.945270 0.000000 0.000000 0.000000 0.000000
1370582322.979059 0.000000 0.000000 0.000000 0.000000
1370582323.015177 0.000000 0.000000 0.000000 0.000000
1370582323.050918 0.000000 0.000000 0.000000 0.000000
1370582323.080210 0.000000 0.000000 0.000000 0.000000
1370582323.111757 0.000000 0.000000 0.000000 0.000000
1370582323.145701 0.000000 0.000000 0.000000 0.000000
1370582323.179839 0.000000 0.000000 0.000000 0.000000
1370582323.213278 0.000000 0.000000 0.000000 0.000000
1370582323.248075 0.000000 0.000000 0.000000 0.000000
1370582323.279816 0.000000 0.000000 0.000000 0.000000
1370582323.313546 0.000000 0.000000 0.000000 0.000000
1370582323.347707 0.000000 0.000000 0.000000 0.000000
1370582323.380085 0.000000 0.000000 0.000000 0.000000
1370582323.414602 0.000000 0.000000 0.000000 0.000000
1370582323.447850 0.000000 0.000000 0.000000 0.000000
1370582323.488776 1.319355 0.016453 0.000000 0.000000
1370582323.514032 0.000000 0.000000 0.000000 0.000000
1370582323.547700 1.314371 0.018265 0.000000 0.000000
1370582323.589272 0.000000 0.000000 0.000000 0.000000
1370582323.614591 0.000000 0.000000 0.000000 0.000000
1370582323.648072 0.000000 0.000000 0.000000 0.000000
1370582323.681327 0.000000 0.000000 0.000000 0.000000
1370582323.714785 1.293386 0.015540 0.000000 0.000000
1370582323.747078 1.287941 0.015539 0.000000 0.000000
1370582323.780196 1.276552 0.014547 0.000000 0.000000
1370582323.814093 1.269447 0.015294 0.000000 0.000000
1370582323.848316 1.267485 0.015066 0.000000 0.000000
1370582323.882206 1.270156 0.015237 0.000000 0.000000
1370582323.917428 1.271143 0.014608 0.000000 0.000000
1370582323.956155 1.277119 0.014860 0.000000 0.000000
1370582323.980372 1.269585 0.015229 0.000000 0.000000
1370582324.014431 1.271357 0.015517 0.000000 0.000000
1370582324.048429 1.271776 0.015383 0.000000 0.000000
1370582324.082545 1.277459 0.015394 0.000000 0.000000
1370582324.116446 1.271358 0.014739 0.000000 0.000000
1370582324.149107 1.277790 0.015011 0.000000 0.000000
1370582324.183212 1.269076 0.014951 0.000000 0.000000
1370582324.216366 1.274218 0.015047 0.000000 0.000000
1370582324.248463 1.280628 0.014014 0.000000 0.000000
1370582324.282025 1.279561 0.012829 0.000000 0.000000
1370582324.315637 1.286253 0.012182 0.000000 0.000000
1370582324.349512 1.280716 0.011953 0.000000 0.000000
1370582324.383710 1.279571 0.011634 0.000000 0.000000
1370582324.419134 1.283511 0.010387 0.000000 0.000000
1370582324.459367 1.281078 0.010289 0.000000 0.000000
1370582324.484165 1.282405 0.009973 0.000000 0.000000
1370582324.516837 1.282675 0.009510 0.000000 0.000000
1370582324.549743 1.282237 0.008989 0.000000 0.000000
1370582324.585036 1.281719 0.009037 0.000000 0.000000
1370582324.617551 1.281467 0.009574 0.000000 0.000000
1370582324.651796 1.280229 0.009088 0.000000 0.000000
1370582324.683080 1.280304 0.009317 0.000000 0.000000
1370582324.717507 1.280631 0.009363 0.000000 0.000000
1370582324.751548 1.282188 0.010418 0.000000 0.000000
1370582324.784572 1.280676 0.010596 0.000000 0.000000
1370582324.817380 1.280608 0.009505 0.000000 0.000000
1370582324.851832 1.277382 0.010820 0.000000 0.000000
1370582324.884660 1.277831 0.010757 0.000000 0.000000
1370582324.921728 1.286125 0.010639 0.000000 0.000000
1370582324.960825 1.285463 0.010317 0.000000 0.000000
1370582324.985050 1.280839 0.010356 0.000000 0.000000
1370582325.018625 1.285463 0.010573 0.000000 0.000000
1370582325.052061 1.277282 0.009830 0.000000 0.000000
1370582325.085346 1.280814 0.010057 0.000000 0.000000
1370582325.118737 1.284595 0.010309 0.000000 0.000000
1370582325.150939 1.280015 0.010468 0.000000 0.000000
1370582325.187035 1.276964 0.010358 0.000000 0.000000
1370582325.218998 1.280000 0.010287 0.000000 0.000000
1370582325.253019 1.285022 0.010824 0.000000 0.000000
1370582325.286221 1.277863 0.010244 0.000000 0.000000
1370582325.320009 1.280210 0.009917 0.000000 0.000000
1370582325.352404 1.285246 0.010443 0.000000 0.000000
1370582325.385102 1.277020 0.010689 0.000000 0.000000
1370582325.419053 1.280653 0.010285 0.000000 0.000000
1370582325.459093 1.279987 0.009805 0.000000 0.000000
1370582325.487040 1.278738 0.010387 0.000000 0.000000
1370582325.519909 1.279163 0.009660 0.000000 0.000000
1370582325.553230 1.283510 0.010747 0.000000 0.000000
1370582325.586183 1.286508 0.009859 0.000000 0.000000
1370582325.618837 1.285675 0.009962 0.000000 0.000000
1370582325.652053 1.284362 0.010558 0.000000 0.000000
1370582325.686613 1.285463 0.010827 0.000000 0.000000
1370582325.719980 1.278081 0.010568 0.000000 0.000000
1370582325.753598 1.277863 0.010502 0.000000 0.000000
1370582325.787452 1.284582 0.010625 0.000000 0.000000
1370582325.820424 1.276964 0.010554 0.000000 0.000000
1370582325.854567 1.284582 0.010625 0.000000 0.000000
1370582325.887480 1.278279 0.011027 0.000000 0.000000
1370582325.930316 1.278308 0.010256 0.000000 0.000000
1370582325.954844 1.278093 0.010254 0.000000 0.000000
1370582325.988164 1.284812 0.010311 0.000000 0.000000
1370582326.019653 1.286551 0.010455 0.000000 0.000000
1370582326.053476 1.278081 0.010568 0.000000 0.000000
1370582326.087261 1.279383 0.010711 0.000000 0.000000
1370582326.120943 1.282747 0.010268 0.000000 0.000000
1370582326.153579 1.278093 0.010190 0.000000 0.000000
1370582326.186833 1.279791 0.010099 0.000000 0.000000
1370582326.220496 1.279163 0.009846 0.000000 0.000000
1370582326.254385 1.279389 0.010709 0.000000 0.000000
1370582326.287143 1.278738 0.010387 0.000000 0.000000
1370582326.320919 1.285249 0.010134 0.000000 0.000000
1370582326.355334 1.280030 0.010399 0.000000 0.000000
1370582326.388385 1.284813 0.009800 0.000000 0.000000
1370582326.430983 1.287368 0.010537 0.000000 0.000000
1370582326.455687 1.286122 0.008730 0.000000 0.000000
1370582326.488595 1.278741 0.010080 0.000000 0.000000
1370582326.522834 1.279758 0.010247 0.000000 0.000000
1370582326.556099 1.282118 0.010796 0.000000 0.000000
1370582326.590137 1.275316 0.010666 0.000000 0.000000
1370582326.621651 1.278738 0.010387 0.000000 0.000000
1370582326.654685 1.278106 0.010011 0.000000 0.000000
1370582326.688234 1.277428 0.010175 0.000000 0.000000
1370582326.721773 1.277863 0.010244 0.000000 0.000000
1370582326.754933 1.277047 0.010127 0.000000 0.000000
1370582326.789139 1.283044 0.010028 0.000000 0.000000
1370582326.823340 1.279608 0.010582 0.000000 0.000000
1370582326.855186 1.275735 0.009979 0.000000 0.000000
1370582326.889427 1.277863 0.010244 0.000000 0.000000
1370582326.927743 1.228928 0.009959 0.000000 0.000000
1370582326.960078 1.209962 0.019419 0.000000 0.000000
1370582326.989221 1.276391 0.012453 0.000000 0.000000
1370582327.022829 1.276603 0.009937 0.000000 0.000000
1370582327.056001 1.276331 0.010700 0.000000 0.000000
1370582327.089426 1.281635 0.010670 0.000000 0.000000
1370582327.123697 1.282540 0.009174 0.000000 0.000000
1370582327.158978 1.274030 0.010407 0.000000 0.000000
1370582327.189711 1.275990 0.010410 0.000000 0.000000
1370582327.225134 1.276218 0.010412 0.000000 0.000000
1370582327.257524 1.280784 0.011192 0.000000 0.000000
1370582327.291295 1.280018 0.010244 0.000000 0.000000
1370582327.324288 1.283452 0.010552 0.000000 0.000000
1370582327.358548 1.281561 0.010998 0.000000 0.000000
1370582327.391533 1.275791 0.010140 0.000000 0.000000
1370582327.425137 1.275306 0.011213 0.000000 0.000000
1370582327.464812 1.282155 0.009895 0.000000 0.000000
1370582327.494025 1.274927 0.010016 0.000000 0.000000
1370582327.525064 1.281791 0.011271 0.000000 0.000000
1370582327.558649 1.276109 0.010698 0.000000 0.000000
1370582327.591893 1.283452 0.010552 0.000000 0.000000
1370582327.625106 1.281409 0.011068 0.000000 0.000000
1370582327.657643 1.275534 0.010743 0.000000 0.000000
1370582327.691713 1.281561 0.010998 0.000000 0.000000
1370582327.724463 1.280784 0.011192 0.000000 0.000000
1370582327.758494 1.281998 0.010498 0.000000 0.000000
1370582327.791546 1.275601 0.010420 0.000000 0.000000
1370582327.824766 1.282216 0.008596 0.000000 0.000000
1370582327.859045 1.276218 0.010547 0.000000 0.000000
1370582327.892401 1.282770 0.010613 0.000000 0.000000
1370582327.926795 1.277218 0.010184 0.000000 0.000000
1370582327.958489 1.274850 0.011141 0.000000 0.000000
1370582327.992556 1.281931 0.010156 0.000000 0.000000
1370582328.032296 1.283947 0.010173 0.000000 0.000000
1370582328.059235 1.274850 0.010131 0.000000 0.000000
1370582328.092697 1.282127 0.009892 0.000000 0.000000
1370582328.127166 1.275888 0.010108 0.000000 0.000000
1370582328.158987 1.274395 0.010531 0.000000 0.000000
1370582328.198955 1.275152 0.010615 0.000000 0.000000
1370582328.227103 1.275666 0.009844 0.000000 0.000000
1370582328.261227 1.276725 0.010496 0.000000 0.000000
1370582328.293275 1.282316 0.010743 0.000000 0.000000
1370582328.327589 1.274395 0.010195 0.000000 0.000000
1370582328.360619 1.276331 0.010242 0.000000 0.000000
1370582328.394146 1.281561 0.010998 0.000000 0.000000
1370582328.427638 1.274560 0.010358 0.000000 0.000000
1370582328.461312 1.273309 0.010618 0.000000 0.000000
1370582328.494511 1.275729 0.010446 0.000000 0.000000
1370582328.528198 1.276050 0.011021 0.000000 0.000000
1370582328.563659 1.276275 0.010094 0.000000 0.000000
1370582328.600101 1.283452 0.010552 0.000000 0.000000
1370582328.628843 1.282185 0.010448 0.000000 0.000000
1370582328.662238 1.275075 0.010311 0.000000 0.000000
1370582328.695050 1.283498 0.009906 0.000000 0.000000
1370582328.728699 1.275888 0.010697 0.000000 0.000000
1370582328.759928 1.276725 0.010496 0.000000 0.000000
1370582328.795194 1.282379 0.010555 0.000000 0.000000
1370582328.828065 1.274857 0.010052 0.000000 0.000000
1370582328.862266 1.280784 0.010505 0.000000 0.000000
1370582328.897338 1.281862 0.010672 0.000000 0.000000
1370582328.928807 1.276903 0.010823 0.000000 0.000000
1370582328.961497 1.281561 0.010998 0.000000 0.000000
1370582328.994451 1.275511 0.010444 0.000000 0.000000
1370582329.027957 1.275078 0.011076 0.000000 0.000000
1370582329.061574 1.274771 0.010250 0.000000 0.000000
1370582329.094769 1.274605 0.010569 0.000000 0.000000
1370582329.137739 1.280784 0.010574 0.000000 0.000000
1370582329.161874 1.275394 0.010170 0.000000 0.000000
1370582329.196438 1.279922 0.010665 0.000000 0.000000
1370582329.230211 1.275376 0.010484 0.000000 0.000000
1370582329.263422 1.276903 0.010823 0.000000 0.000000
1370582329.295669 1.280317 0.010844 0.000000 0.000000
1370582329.328922 1.282543 0.011078 0.000000 0.000000
1370582329.362316 1.280221 0.010488 0.000000 0.000000
1370582329.396034 1.281484 0.010649 0.000000 0.000000
1370582329.432670 1.275990 0.010410 0.000000 0.000000
1370582329.462640 1.273652 0.010420 0.000000 0.000000
1370582329.495837 1.273652 0.010490 0.000000 0.000000
1370582329.529959 1.275078 0.010941 0.000000 0.000000
1370582329.562838 1.274850 0.010737 0.000000 0.000000
1370582329.599636 1.273986 0.010644 0.000000 0.000000
1370582329.633551 1.280503 0.010394 0.000000 0.000000
1370582329.699416 1.276725 0.010496 0.000000 0.000000
1370582329.728178 1.275511 0.009670 0.000000 0.000000
1370582329.752739 1.281101 0.010385 0.000000 0.000000
1370582329.787174 1.283498 0.009774 0.000000 0.000000
1370582329.820044 1.282602 0.009965 0.000000 0.000000
1370582329.854352 1.280551 0.011052 0.000000 0.000000
1370582329.887755 1.276391 0.010332 0.000000 0.000000
1370582329.920300 1.283405 0.010879 0.000000 0.000000
1370582329.953374 1.275696 0.010326 0.000000 0.000000
1370582329.985912 1.276950 0.010498 0.000000 0.000000
1370582330.019349 1.280551 0.010160 0.000000 0.000000
1370582330.053082 1.278330 0.010750 0.000000 0.000000
1370582330.086339 1.282602 0.009833 0.000000 0.000000
1370582330.119842 1.275075 0.010698 0.000000 0.000000
1370582330.154160 1.276166 0.010385 0.000000 0.000000
1370582330.186542 1.280050 0.009924 0.000000 0.000000
1370582330.221000 1.273986 0.009594 0.000000 0.000000
1370582330.260355 1.283452 0.010218 0.000000 0.000000
1370582330.287451 1.283102 0.009988 0.000000 0.000000
1370582330.321050 1.282653 0.010246 0.000000 0.000000
1370582330.354276 1.276500 0.010361 0.000000 0.000000
1370582330.388467 1.281862 0.010205 0.000000 0.000000
1370582330.422446 1.275762 0.010408 0.000000 0.000000
1370582330.455641 1.281484 0.010923 0.000000 0.000000
1370582330.488256 1.279386 0.010973 0.000000 0.000000
1370582330.522439 1.282117 0.010364 0.000000 0.000000
1370582330.555576 1.275696 0.010942 0.000000 0.000000
1370582330.588703 1.273890 0.010070 0.000000 0.000000
1370582330.626329 1.272701 0.009849 0.000000 0.000000
1370582330.656534 1.282826 0.010756 0.000000 0.000000
1370582330.688716 1.275798 0.011002 0.000000 0.000000
1370582330.723005 1.273751 0.010087 0.000000 0.000000
1370582330.756158 1.275762 0.009263 0.000000 0.000000
1370582330.795742 1.274078 0.010313 0.000000 0.000000
1370582330.823954 1.274771 0.010455 0.000000 0.000000
1370582330.856285 1.275159 0.010932 0.000000 0.000000
1370582330.889321 1.281635 0.010670 0.000000 0.000000
1370582330.927533 1.274703 0.009882 0.000000 0.000000
1370582330.957769 1.278577 0.010296 0.000000 0.000000
1370582330.990128 1.276036 0.011146 0.000000 0.000000
1370582331.022520 1.279275 0.009992 0.000000 0.000000
1370582331.057414 1.282543 0.010411 0.000000 0.000000
1370582331.090356 1.279723 0.010509 0.000000 0.000000
1370582331.122915 1.279153 0.010560 0.000000 0.000000
1370582331.155949 1.276275 0.010094 0.000000 0.000000
1370582331.189899 1.276903 0.010823 0.000000 0.000000
1370582331.223163 1.281017 0.010370 0.000000 0.000000
1370582331.257313 1.283225 0.010216 0.000000 0.000000
1370582331.290441 1.285969 0.010388 0.000000 0.000000
1370582331.325068 1.277916 0.009495 0.000000 0.000000
1370582331.366552 1.288117 0.010041 0.000000 0.000000
1370582331.390349 1.268123 0.026286 0.000000 0.000000
1370582331.425588 1.253183 0.053768 0.000000 0.000000
1370582331.458810 1.224129 0.081926 0.000000 0.000000
1370582331.491569 1.193210 0.109093 0.000000 0.000000
1370582331.525036 1.166482 0.134790 0.000000 0.000000
1370582331.557065 1.137974 0.160954 0.000000 0.000000
1370582331.591121 1.116988 0.186176 0.000000 0.000000
1370582331.625486 1.093704 0.209633 0.000000 0.000000
1370582331.659523 1.066802 0.233191 -0.663444 0.637287
1370582331.691994 1.041441 0.255830 -0.530756 0.509830
1370582331.725577 1.018312 0.362299 -0.424604 0.407864
1370582331.759235 0.993762 0.435328 -0.339684 0.326291
1370582331.792437 0.960589 0.424235 -0.271747 0.261033
1370582331.826339 0.930896 0.424851 -0.271747 0.261033
1370582331.859594 0.884029 0.475902 -0.271747 0.261033
1370582331.895074 0.855371 0.502958 -0.808221 0.971233
1370582331.933708 0.784536 0.458535 -0.646577 0.776986
1370582331.963491 0.746062 0.455361 -0.517261 0.621589
1370582331.991903 0.738617 0.468286 -0.413809 0.497271
1370582332.027813 0.727321 0.497033 -0.331047 0.397817
1370582332.059521 0.720877 0.521950 -0.264838 0.318254
1370582332.092561 0.710369 0.554953 -0.211870 0.254603
1370582332.126135 0.695441 0.589799 -0.169496 0.203682
1370582332.158173 0.671615 0.615634 -0.169496 0.203682
1370582332.192107 0.649358 0.641936 -1.055470 0.774565
1370582332.225556 0.585988 0.697442 -0.844376 0.619652
1370582332.258658 0.528505 0.756533 -0.675501 0.495721
1370582332.292676 0.527814 0.764914 -0.540401 0.396577
1370582332.325345 0.503338 0.775569 -0.432321 0.317262
1370582332.358818 0.437657 0.808870 -0.432321 0.317262
1370582332.392204 0.417482 0.826680 -0.432321 0.317262
1370582332.426376 0.421976 0.829063 -0.977808 0.777735
1370582332.466472 0.401742 0.831175 -0.782246 0.622188
1370582332.492273 0.398457 0.839490 -0.625797 0.497750
1370582332.525925 0.386307 0.849714 -0.500637 0.398200
1370582332.560104 0.358112 0.873779 -0.400510 0.318560
1370582332.594150 0.337281 0.893536 -0.320408 0.254848
1370582332.627713 0.315740 0.914675 -0.256326 0.203879
1370582332.661097 0.288629 0.936400 -0.205061 0.163103
1370582332.694352 0.263378 0.960082 -0.164049 0.130482
1370582332.731200 0.238740 0.982174 -0.164049 0.130482
1370582332.760429 0.213845 0.998873 -0.164049 0.130482
1370582332.794544 0.114781 1.012562 -1.034652 0.640778
1370582332.827307 0.059353 1.056510 -0.827722 0.512623
1370582332.863492 0.071271 1.073816 -0.662177 0.410098
1370582332.895670 0.063400 1.086033 -0.529742 0.328079
1370582332.928448 0.062253 1.098700 -0.423794 0.262463
1370582332.965139 0.054313 1.112374 -0.339035 0.209970
1370582332.994854 0.042885 1.128148 -0.271228 0.167976
1370582333.029387 0.032906 1.146055 -0.216982 0.134381
1370582333.095120 -0.006956 1.182872 -0.173586 0.107505
1370582333.128983 -0.016988 1.188600 -0.138869 0.086004
1370582333.194851 -0.065891 1.240813 -0.138869 0.086004
1370582333.229296 -0.078573 1.256994 -0.675460 0.791212
1370582333.296748 0.000000 0.000000 -0.202638 0.237364
1370582333.338145 -0.141927 1.364084 0.000000 0.000000
1370582333.394535 0.000000 0.000000 0.000000 0.000000
1370582333.429276 0.000000 0.000000 0.000000 0.000000
1370582333.462188 0.000000 0.000000 0.000000 0.000000
1370582333.495690 0.000000 0.000000 0.000000 0.000000
