1371710637.011824 1.614834 -0.605325 -0.275777 0.405150
1371710637.041500 1.603587 -0.590510 -0.276806 0.410887
1371710637.078271 1.570868 -0.561150 -0.345541 0.543743
1371710637.111549 1.554654 -0.545784 -0.387246 0.585670
1371710637.143832 1.560053 -0.536637 -0.360841 0.509135
1371710637.175959 1.557541 -0.525369 -0.322625 0.429100
1371710637.212195 1.546693 -0.508290 -0.307164 0.414811
1371710637.244172 1.527056 -0.492779 -0.318487 0.434690
1371710637.275476 1.522151 -0.481340 -0.309295 0.414685
1371710637.310459 1.506558 -0.469737 -0.312017 0.400911
1371710637.347284 1.512568 -0.464905 -0.271376 0.317660
1371710637.378271 1.531532 -0.470841 -0.172928 0.143788
1371710637.416732 1.537791 -0.464406 -0.100450 0.070472
1371710637.445161 1.552875 -0.457847 -0.028173 0.046211
1371710637.515400 1.604274 -0.438669 0.089982 0.083985
1371710637.547791 1.626421 -0.429323 0.200485 0.125692
1371710637.619796 1.577231 -0.440720 0.200485 0.125692
1371710637.641525 1.583914 -0.436531 0.200485 0.125692
1371710639.194381 2.185191 -0.107994 0.200485 0.125692
1371710639.216526 2.145513 -0.109865 0.000000 0.000000
1371710639.251057 2.153140 -0.116492 0.228709 -0.198823
1371710639.286530 2.165474 -0.122113 0.285327 -0.185020
1371710639.320139 2.124425 -0.127348 -0.044096 -0.167749
1371710639.352084 2.148247 -0.134025 -0.009978 -0.175517
1371710639.388225 2.131258 -0.136686 -0.048367 -0.156506
1371710639.419693 2.146203 -0.144055 -0.026761 -0.164241
1371710639.452043 2.135309 -0.147204 -0.034892 -0.152813
1371710639.488214 2.098310 -0.152125 -0.094642 -0.136877
1371710639.524705 2.110339 -0.159611 -0.107165 -0.150249
1371710639.554691 2.097303 -0.162170 -0.128344 -0.140504
1371710639.596498 2.120709 -0.169968 -0.107895 -0.161926
1371710639.647587 2.121968 -0.179026 -0.086681 -0.192753
1371710639.670170 2.111433 -0.181100 -0.082943 -0.180674
1371710639.705226 2.108974 -0.185467 -0.080208 -0.166330
1371710639.741390 2.122349 -0.193598 -0.057785 -0.179421
1371710639.772031 2.114483 -0.197446 -0.049488 -0.171381
1371710639.808839 2.113933 -0.205918 -0.040448 -0.182618
1371710639.834876 2.094742 -0.205996 -0.058806 -0.148210
1371710639.874126 2.083929 -0.207562 -0.083794 -0.111135
1371710639.907687 2.072050 -0.203039 -0.115589 -0.046726
1371710639.938581 2.075039 -0.205536 -0.128230 -0.026104
1371710639.938581 2.077273 -0.207597 -0.128230 -0.026104
1371710640.004624 2.068976 -0.206313 -0.135270 -0.011087
1371710640.040512 2.067922 -0.208654 -0.133470 -0.019182
1371710640.074472 2.086597 -0.215937 -0.099679 -0.066730
1371710640.106362 2.083513 -0.211239 -0.080494 -0.050960
1371710640.141608 2.094265 -0.214507 -0.049447 -0.057485
1371710640.176810 2.097238 -0.216260 -0.021636 -0.060820
1371710640.207945 2.122147 -0.220286 0.030064 -0.083205
1371710640.248818 2.098260 -0.216765 0.034780 -0.047663
1371710640.273855 2.098034 -0.217116 0.036985 -0.024117
1371710640.310599 2.080241 -0.214745 0.014160 0.012130
1371710640.344039 2.099241 -0.212915 0.021085 0.027628
1371710640.372599 2.108874 -0.214556 0.038516 0.017540
1371710640.409105 2.093923 -0.212919 0.030591 0.025852
1371710640.440336 2.108528 -0.211925 0.041712 0.024444
1371710640.477878 2.090669 -0.211845 0.026297 0.028263
1371710640.507331 2.098303 -0.215139 0.025464 0.004137
1371710640.539962 2.112346 -0.211254 0.038693 0.007468
1371710640.577321 2.095230 -0.211120 0.025857 0.016465
1371710640.609278 2.101137 -0.214968 0.024939 -0.005325
1371710640.680188 2.091342 -0.213020 0.009469 0.000424
1371710640.709030 2.070436 -0.209687 -0.029827 0.029565
1371710640.779845 2.070811 -0.207583 -0.056192 0.047102
1371710640.811651 2.058727 -0.207477 -0.087335 0.050880
1371710640.880334 2.092597 -0.211695 -0.061601 0.004687
1371710640.909337 2.075567 -0.207144 -0.064273 0.013832
1371710640.980857 2.067857 -0.208421 -0.072247 0.010907
1371710641.008307 2.082871 -0.212205 -0.054628 -0.020264
1371710641.042448 2.080432 -0.205183 -0.046469 0.007648
1371710641.086821 2.059838 -0.206028 -0.063395 0.022777
1371710641.109575 2.078620 -0.208582 -0.047754 0.002567
1371710641.145539 2.080547 -0.210652 -0.031547 -0.019424
1371710641.179115 2.084928 -0.211204 -0.013687 -0.030844
1371710641.209019 2.076071 -0.208545 -0.012853 -0.012160
1371710641.246712 2.073520 -0.208306 -0.014672 0.000772
1371710641.277292 2.084976 -0.210673 0.000164 -0.011257
1371710641.312093 2.073451 -0.208530 -0.004686 0.002056
1371710641.346221 2.071109 -0.203261 -0.012508 0.037001
1371710641.379018 2.059113 -0.207903 -0.029600 0.025910
1371710641.421403 2.070716 -0.206068 -0.027000 0.020316
1371710641.447489 2.073451 -0.208530 -0.019358 -0.000644
1371710641.482200 2.074309 -0.209283 -0.012190 -0.014635
1371710641.511746 2.075512 -0.204457 -0.007454 0.007183
1371710641.548100 2.082459 -0.211264 0.008518 -0.023677
1371710641.581671 2.088057 -0.210210 0.024929 -0.029728
1371710641.615977 2.056678 -0.204554 -0.006285 0.017644
1371710641.651479 2.080392 -0.209697 0.004683 -0.002758
1371710641.682230 2.091688 -0.209182 0.025494 -0.013223
1371710641.715806 2.080511 -0.208937 0.025394 -0.008785
1371710641.757593 2.066149 -0.208332 0.005955 0.004548
1371710641.779637 2.069381 -0.206017 -0.004804 0.020428
1371710641.819106 2.062575 -0.208832 -0.019135 0.011357
1371710641.847527 2.073041 -0.206738 -0.016671 0.011385
1371710641.879165 2.063687 -0.210491 -0.024033 -0.007153
1371710641.913546 2.063230 -0.203988 -0.032222 0.020478
1371710641.950337 2.073615 -0.205469 -0.022461 0.016380
1371710641.984452 2.061328 -0.210366 -0.027332 -0.009846
1371710642.013506 2.084066 -0.210940 -0.002409 -0.033134
1371710642.058274 2.071867 -0.205540 -0.002297 -0.002949
1371710642.080188 2.072300 -0.209133 0.000567 -0.008273
1371710642.128101 2.099508 -0.209604 0.035796 -0.022913
1371710642.153114 2.071076 -0.205227 0.022768 0.011420
1371710642.190633 2.070086 -0.205998 0.012425 0.021165
1371710642.215981 2.071304 -0.203182 0.005363 0.036367
1371710642.251655 2.075566 -0.205953 0.007327 0.019979
1371710642.284559 2.075686 -0.204974 0.007997 0.014244
1371710642.322172 2.080387 -0.210359 0.016510 -0.021727
1371710642.355035 2.087882 -0.207629 0.028624 -0.022322
1371710642.390761 2.094289 -0.207162 0.043681 -0.018021
1371710642.417648 2.077594 -0.207486 0.032208 -0.006568
1371710642.452025 2.075512 -0.204457 0.018976 0.017120
1371710642.492658 2.087548 -0.213379 0.028453 -0.028030
1371710642.518098 2.089431 -0.211564 0.033719 -0.034272
1371710642.552317 2.083669 -0.211115 0.028187 -0.025549
1371710642.588116 2.095329 -0.211276 0.037336 -0.022521
1371710642.621068 2.088086 -0.209849 0.032753 -0.005610
1371710642.654591 2.082867 -0.207329 0.020942 0.019220
1371710642.690962 2.087143 -0.225515 0.027578 -0.071777
1371710642.724536 2.028413 -0.237792 -0.042897 -0.139509
1371710642.754609 1.948190 -0.249585 -0.203897 -0.169982
1371710642.790453 1.797780 -0.256524 -0.551911 -0.106946
1371710642.822877 1.664010 -0.263295 -0.991997 -0.028452
1371710642.866761 1.641876 -0.279652 -1.235596 -0.115626
1371710642.906637 1.559670 -0.288635 -1.481040 -0.158345
1371710642.938709 1.433997 -0.287637 -1.821737 -0.069644
1371710642.964881 1.377255 -0.293906 -2.021970 -0.083354
1371710642.997221 1.327471 -0.319957 -2.075445 -0.277181
1371710643.032702 1.257518 -0.319585 -2.153623 -0.287708
1371710643.065080 1.206145 -0.312583 -2.184296 -0.202226
1371710643.098621 1.124417 -0.295883 -2.258837 0.023265
1371710643.139217 1.068694 -0.306774 -2.210703 -0.027171
1371710643.164550 1.007943 -0.318386 -2.122517 -0.149861
1371710643.202037 0.963032 -0.337415 -1.965694 -0.347298
1371710643.236289 0.916253 -0.345165 -1.850338 -0.411220
1371710643.263701 0.871585 -0.344490 -1.772742 -0.340485
1371710643.299670 0.827571 -0.355411 -1.660731 -0.342947
1371710643.333825 0.782064 -0.362946 -1.570223 -0.325248
1371710643.366270 0.731198 -0.372719 -1.513929 -0.305256
1371710643.405461 0.682969 -0.378797 -1.485147 -0.264427
1371710643.430919 0.629871 -0.385368 -1.490813 -0.217743
1371710643.466753 0.576512 -0.395960 -1.490813 -0.217743
1371710643.499776 0.526818 -0.403218 -1.490813 -0.217743
1371710650.768492 3.783112 4.893077 -1.490813 -0.217743
1371710650.932774 3.516743 4.886416 0.000000 0.000000
1371710651.164956 3.501093 4.893605 0.000000 0.000000
1371710651.199468 3.533408 4.931037 0.970062 1.121795
1371710651.273677 3.286624 4.570755 0.970062 1.121795
1371710651.398708 3.712414 4.821624 0.970062 1.121795
1371710651.440255 3.385450 4.708572 0.970062 1.121795
1371710651.499347 3.966720 5.145190 0.970062 1.121795
1371710651.643319 3.873495 5.047696 0.000000 0.000000
1371710651.837073 3.690572 5.140073 0.000000 0.000000
1371710651.867828 3.618588 5.063441 -2.160591 -2.296754
1371710651.933408 3.778005 5.271474 0.000000 0.000000
1371710651.970827 4.023038 5.202050 7.333992 -2.061830
1371710652.035817 3.726702 5.191052 0.000000 0.000000
1371710652.104005 3.418065 4.769318 0.000000 0.000000
1371710652.169242 3.877989 5.024575 0.000000 0.000000
1371710652.240711 3.911218 5.492276 0.000000 0.000000
1371710652.272661 3.585631 4.999202 0.000000 0.000000
1371710652.315749 3.653991 5.094897 0.000000 0.000000
1371710652.336483 3.764147 4.890116 3.288570 -6.122247
1371710652.336483 3.873230 4.686745 3.288570 -6.122247
1371710652.406100 3.847557 4.991572 2.111017 -1.527445
1371710652.406100 3.932514 4.888589 2.111017 -1.527445
1371710652.469752 3.877477 5.036890 1.582215 -0.671647
1371710652.469752 3.966811 4.956894 1.582215 -0.671647
1371710652.469752 4.019551 4.934505 1.582215 -0.671647
1371710652.741370 3.778089 4.918602 0.000000 0.000000
1371710652.840374 3.847202 4.980910 0.000000 0.000000
1371710652.876860 3.994086 5.182209 4.411229 6.031151
1371710652.982569 3.858471 5.011457 0.000000 0.000000
1371710653.005959 3.882924 5.041832 0.734139 0.910243
1371710653.109238 3.754351 4.884365 0.000000 0.000000
1371710653.277575 3.315926 4.624027 0.000000 0.000000
1371710653.308750 3.875922 5.031882 0.000000 0.000000
1371710653.341684 3.493973 4.876587 0.000000 0.000000
1371710653.379570 3.820267 4.940191 0.000000 0.000000
1371710653.379570 3.754351 4.884365 0.000000 0.000000
1371710653.444253 3.619609 5.042244 0.000000 0.000000
1371710653.477324 3.539575 4.923621 -2.403831 -3.553886
1371710653.477324 3.459352 4.805317 -2.403831 -3.553886
1371710653.477324 3.379225 4.686854 -2.403831 -3.553886
1371710653.578703 3.208881 4.449005 -2.403831 -3.553886
1371710653.578703 3.218969 4.449929 -2.403831 -3.553886
1371710653.578703 3.138841 4.331466 -2.403831 -3.553886
1371710653.707143 3.845562 4.991279 -2.403831 -3.553886
1371710653.739814 3.686924 4.781903 0.000000 0.000000
1371710654.107359 3.456215 4.819479 0.000000 0.000000
1371710654.174225 3.657514 5.127826 0.000000 0.000000
1371710654.206789 3.658827 5.117399 0.000000 0.000000
1371710654.383963 4.104270 5.323853 0.000000 0.000000
1371710654.458095 3.493973 4.876587 0.000000 0.000000
1371710654.586595 3.717323 5.184727 0.000000 0.000000
1371710654.687146 3.841314 4.982699 0.000000 0.000000
1371710654.819187 3.152142 4.376322 0.000000 0.000000
1371710654.888862 3.342832 4.643898 0.000000 0.000000
1371710654.921182 3.872947 5.032780 0.000000 0.000000
1371710654.994049 3.535359 4.935428 0.000000 0.000000
1371710655.018375 3.454319 4.838053 0.000000 0.000000
1371710655.058584 3.929126 5.101256 0.000000 0.000000
1371710655.086618 3.421514 4.753611 0.000000 0.000000
1371710655.086618 3.454319 4.838053 0.000000 0.000000
1371710655.086618 3.454319 4.838053 0.000000 0.000000
1371710655.227455 3.470193 4.853770 0.000000 0.000000
1371710655.286620 3.365514 4.690744 0.000000 0.000000
1371710655.325719 3.338656 4.648587 -0.806696 -1.263087
1371710655.424743 3.634095 5.058736 -0.806696 -1.263087
1371710655.525504 3.534092 4.936712 0.000000 0.000000
1371710655.890844 3.875837 5.038603 0.000000 0.000000
1371710655.988429 3.932374 5.090127 0.000000 0.000000
1371710656.091956 3.887116 5.418607 0.000000 0.000000
1371710656.163815 3.354822 4.694148 0.000000 0.000000
1371710656.258554 3.354163 4.672518 0.000000 0.000000
1371710656.457301 3.616324 5.036417 0.000000 0.000000
1371710656.494596 3.989331 5.170918 0.000000 0.000000
1371710656.523822 4.200613 5.445757 0.000000 0.000000
1371710656.523822 3.354163 4.672518 0.000000 0.000000
1371710656.595408 3.729336 4.844293 0.000000 0.000000
1371710656.595408 3.354163 4.672518 0.000000 0.000000
1371710656.595408 3.354163 4.672518 0.000000 0.000000
1371710656.729481 3.837569 4.965691 0.000000 0.000000
1371710656.795729 3.933078 5.116581 0.000000 0.000000
1371710656.865336 3.995577 5.181768 0.000000 0.000000
1371710657.025267 3.549811 4.944747 0.000000 0.000000
1371710657.126870 3.305820 4.601622 0.000000 0.000000
1371710657.163042 4.050357 5.237052 0.000000 0.000000
1371710657.231203 3.676802 5.124343 0.000000 0.000000
1371710657.397436 3.488786 4.871401 0.000000 0.000000
1371710657.427558 3.519208 4.927947 0.000000 0.000000
1371710657.466350 3.664457 5.135799 4.362656 6.226654
1371710657.466350 3.810053 5.343059 4.362656 6.226654
1371710657.530278 3.306264 4.609083 4.362656 6.226654
1371710657.530278 4.100897 5.758169 4.362656 6.226654
1371710657.530278 4.246319 5.965725 4.362656 6.226654
1371710657.636623 3.981966 5.173100 4.362656 6.226654
1371710657.666545 3.901209 5.050164 0.000000 0.000000
1371710657.666545 3.901209 5.050164 0.000000 0.000000
1371710657.731025 3.850700 5.006235 -0.757648 -0.658868
1371710657.731025 3.825444 4.984277 -0.757648 -0.658868
1371710657.731025 3.800189 4.962315 -0.757648 -0.658868
1371710657.966417 3.894714 5.060797 0.000000 0.000000
1371710658.000280 3.459806 4.821943 0.000000 0.000000
1371710658.199163 3.959308 5.150384 0.000000 0.000000
1371710658.299501 3.895569 5.071418 0.000000 0.000000
1371710658.400744 3.417792 4.756014 0.000000 0.000000
1371710658.477073 3.613426 5.051941 0.000000 0.000000
1371710658.499836 3.548561 4.940295 0.000000 0.000000
1371710658.598763 3.623771 5.074988 0.000000 0.000000
1371710658.808521 4.056441 5.244302 0.000000 0.000000
1371710663.085845 1.952996 0.530079 0.000000 0.000000
1371710663.118065 1.953071 0.533356 0.000000 0.000000
1371710663.155040 1.976852 0.538361 0.713149 0.150214
1371710663.187707 1.945809 0.528645 0.029034 -0.096951
1371710663.225496 1.955577 0.531209 0.020337 -0.063841
1371710663.255737 1.955166 0.531121 0.015088 -0.043540
1371710663.287312 1.938751 0.526702 -0.042154 -0.067708
1371710663.327777 1.954735 0.534278 -0.013503 -0.008353
1371710663.354569 1.940257 0.527634 -0.035715 -0.030240
1371710663.401205 1.951157 0.530965 -0.020908 -0.004176
1371710663.421192 1.947267 0.528142 -0.021268 -0.010297
1371710663.457224 1.947747 0.527560 -0.019607 -0.013066
1371710663.489589 1.951205 0.531128 -0.007652 0.011146
1371710663.525463 1.967386 0.536662 0.029000 0.066679
1371710663.559226 1.955423 0.532236 0.024503 0.041249
1371710663.595169 1.938395 0.529263 -0.008782 -0.013244
1371710663.627405 1.949844 0.528446 -0.010964 -0.025068
1371710663.658074 1.946305 0.527918 -0.016181 -0.032341
1371710663.694284 1.960591 0.536160 0.013582 0.029652
1371710663.723829 1.945622 0.534057 0.003177 0.023687
1371710663.755704 1.957034 0.531830 0.010251 0.018225
1371710663.792959 1.973466 0.539241 0.047517 0.068182
1371710663.824393 1.958098 0.532346 0.034882 0.022554
1371710663.857608 1.948990 0.533095 0.013023 -0.009180
1371710663.889682 1.954866 0.534489 0.010203 -0.007543
1371710663.924363 1.953427 0.535690 0.006952 -0.000910
1371710663.956638 1.958735 0.535524 0.011790 0.007298
1371710663.997687 1.952488 0.535438 0.004074 0.001782
1371710664.022395 1.954992 0.529706 -0.003455 -0.028133
1371710664.071417 1.950420 0.534439 -0.007509 -0.016679
1371710664.093568 1.960523 0.537191 0.008303 0.017630
1371710664.128688 1.958181 0.533113 0.007978 0.005336
1371710664.160641 1.948487 0.530457 -0.009822 -0.026306
1371710664.197186 1.958390 0.534001 0.000323 -0.005389
1371710664.229635 1.950252 0.530747 -0.009812 -0.021361
1371710664.261117 1.947547 0.529089 -0.020559 -0.035709
1371710664.295686 1.958832 0.535478 -0.000386 0.011146
1371710664.328813 1.968786 0.537569 0.027459 0.051631
1371710664.365703 1.979607 0.538909 0.058825 0.077483
1371710664.398189 1.966153 0.539036 0.053387 0.057885
1371710664.427202 1.968366 0.536417 0.046799 0.025762
1371710664.468220 1.976421 0.537563 0.054482 0.019721
1371710664.496572 1.967956 0.536756 0.043105 -0.002545
1371710664.529254 1.972358 0.535905 0.040353 -0.012953
1371710664.564628 1.976301 0.539146 0.047075 0.004299
1371710664.596627 1.951125 0.530860 0.000242 -0.061723
1371710664.630228 1.943704 0.530948 -0.037543 -0.086012
1371710664.665288 1.973567 0.540431 -0.001127 0.003467
1371710664.709455 1.959842 0.538654 -0.004466 0.018808
1371710664.729527 1.917415 0.525467 -0.090059 -0.094543
1371710664.768182 1.875115 0.510267 -0.219135 -0.250675
1371710664.799270 1.832632 0.495108 -0.364630 -0.390600
1371710664.830724 1.788154 0.485558 -0.508657 -0.462012
1371710664.866495 1.771373 0.478521 -0.592204 -0.435675
1371710664.899398 1.745799 0.469543 -0.655761 -0.392649
1371710664.930757 1.703350 0.459433 -0.736016 -0.376021
1371710664.968828 1.670336 0.450033 -0.804088 -0.354385
1371710664.999700 1.643321 0.441836 -0.848497 -0.318440
1371710665.034074 1.632211 0.437353 -0.843097 -0.241645
1371710665.063595 1.590094 0.425322 -0.875691 -0.250342
1371710665.099116 1.580896 0.423599 -0.851872 -0.185838
1371710665.136785 1.545110 0.411752 -0.861309 -0.204715
1371710665.162132 1.523331 0.405531 -0.852404 -0.199244
1371710665.201169 1.497655 0.399685 -0.840416 -0.188977
1371710665.229911 1.458836 0.388025 -0.861345 -0.234877
1371710665.265111 1.436828 0.383680 -0.853915 -0.220037
1371710665.304463 1.410341 0.374338 -0.848743 -0.225382
1371710665.333021 1.392237 0.369005 -0.821174 -0.199427
1371710665.376222 1.370338 0.364722 -0.790026 -0.167483
1371710665.399615 1.336254 0.355573 -0.793066 -0.192673
1371710665.432661 1.314489 0.348665 -0.783742 -0.199165
1371710665.467436 1.280034 0.339075 -0.799527 -0.235397
1371710665.503723 1.249146 0.332718 -0.814529 -0.243268
1371710665.533502 1.226034 0.326569 -0.811517 -0.224719
1371710665.568622 1.197025 0.318572 -0.816344 -0.224684
1371710665.602142 1.160003 0.309384 -0.845581 -0.252054
1371710665.637200 1.138278 0.302732 -0.843624 -0.236178
1371710665.668441 1.116680 0.298740 -0.821431 -0.190173
1371710665.700301 1.085083 0.291863 -0.822567 -0.186440
1371710665.735316 1.052575 0.282141 -0.842378 -0.221694
1371710665.769355 1.034673 0.277327 -0.821026 -0.194433
1371710665.806230 0.995866 0.268364 -0.844963 -0.226617
1371710665.832880 0.975165 0.263109 -0.832432 -0.203150
1371710665.867932 0.951497 0.255665 -0.816443 -0.195375
1371710665.899057 0.921828 0.250137 -0.812542 -0.189749
1371710665.937398 0.892499 0.242954 -0.818857 -0.199951
1371710665.966566 0.867258 0.235120 -0.817626 -0.209582
1371710666.010141 0.835731 0.228766 -0.828261 -0.214548
1371710666.032346 0.810899 0.222180 -0.824142 -0.204572
1371710666.073165 0.781421 0.215216 -0.829476 -0.207223
1371710666.099527 0.755324 0.208501 -0.826715 -0.202612
1371710666.135407 0.727637 0.203438 -0.822531 -0.184874
1371710666.169245 0.702334 0.197222 -0.814381 -0.176707
1371710666.199878 0.676404 0.190533 -0.807731 -0.181090
1371710666.237227 0.650328 0.183024 -0.803488 -0.196715
1371710666.266332 0.621641 0.176851 -0.806349 -0.200902
1371710666.303011 0.594058 0.171528 -0.807262 -0.188008
1371710666.337448 0.567790 0.164857 -0.807262 -0.188008
1371710666.374852 0.540881 0.158590 -0.807262 -0.188008
1371710668.448063 0.114283 0.095603 -0.807262 -0.188008
1371710668.476700 0.115099 0.095794 0.000000 0.000000
1371710668.508035 0.115530 0.095866 0.012927 0.002171
1371710668.545116 0.115721 0.095955 0.007779 0.001518
1371710668.576440 0.116071 0.095958 0.008725 0.001218
1371710668.608205 0.115801 0.096011 0.001757 -0.000846
1371710668.644797 0.115771 0.095949 -0.000412 -0.001194
1371710668.676708 0.115408 0.096160 -0.003944 0.000976
1371710668.713267 0.115408 0.095811 -0.004995 -0.002845
1371710668.747188 0.115351 0.095997 -0.002175 0.000999
1371710668.776950 0.115218 0.095534 -0.004954 -0.005823
1371710668.808570 0.115377 0.095449 -0.000216 -0.003631
1371710668.848730 0.115467 0.095543 0.002545 -0.000604
1371710668.879060 0.115441 0.095710 0.002155 0.001573
1371710668.910517 0.115396 0.095672 -0.000021 0.000232
1371710668.942153 0.115311 0.095571 -0.001758 -0.001512
1371710668.977318 0.115430 0.095765 0.001296 0.002541
1371710669.011437 0.115425 0.095575 -0.000381 -0.001207
1371710669.043049 0.115328 0.095709 -0.000488 0.000469
1371710669.077835 0.115097 0.095551 -0.004070 -0.002539
1371710669.115734 0.115147 0.095768 -0.000874 0.002391
1371710669.144539 0.115360 0.095719 0.001479 0.001995
1371710669.175278 0.115314 0.095651 0.000303 -0.000639
1371710669.214882 0.115369 0.095716 0.001329 0.000480
1371710669.244681 0.115408 0.095657 0.001011 -0.000529
1371710669.277373 0.115575 0.095527 0.002212 -0.001618
1371710669.308989 0.115560 0.095754 0.002737 0.001509
1371710669.346410 0.115456 0.095726 -0.000271 0.000030
1371710669.377168 0.115385 0.095570 -0.002103 -0.002184
1371710669.412104 0.115472 0.095764 0.000848 0.002036
1371710669.442700 0.115209 0.095659 -0.003371 -0.001318
1371710669.481058 0.115452 0.095618 0.000510 0.000299
1371710669.516044 0.115427 0.095865 0.001593 0.003062
1371710669.547144 0.115460 0.095623 -0.000264 -0.001436
1371710669.580204 0.115339 0.095628 -0.001155 -0.001635
1371710669.614701 0.115438 0.095609 0.000495 -0.000474
1371710669.651147 0.115474 0.095574 0.000832 -0.000696
1371710669.680117 0.115348 0.095638 -0.000546 -0.000239
1371710669.713448 0.115451 0.095607 0.000462 0.000222
1371710669.752708 0.115412 0.095750 0.000523 0.001768
1371710669.783170 0.115369 0.095674 -0.000977 -0.000097
1371710669.815456 0.115334 0.095663 -0.001094 -0.000297
1371710669.848763 0.115463 0.095523 0.000364 -0.001374
1371710669.879046 0.115413 0.095630 0.000708 0.000067
1371710669.913047 0.115400 0.095529 -0.000299 -0.001321
1371710669.945750 0.115297 0.095630 -0.000822 0.000198
1371710669.989198 0.113429 0.093309 -0.033126 -0.039181
1371710670.016186 0.107116 0.077542 -0.151136 -0.269862
1371710670.016186 0.101746 0.069394 -0.151136 -0.269862
1371710670.016186 0.096708 0.060398 -0.151136 -0.269862
1371710670.215281 0.180634 0.097397 0.000000 0.000000
1371710670.250675 0.225342 0.109363 1.341214 0.358967
1371710670.285131 0.267220 0.120846 1.291753 0.335015
1371710670.317727 0.292224 0.126191 1.088632 0.190217
1371710670.349470 0.309401 0.129845 0.894707 0.091708
1371710670.349470 0.347733 0.130633 0.894707 0.091708
1371710670.349470 0.377556 0.133690 0.894707 0.091708
1371710674.633342 2.268741 0.455610 0.894707 0.091708
1371710674.669613 2.250344 0.455755 0.000000 0.000000
1371710674.703880 2.248624 0.452650 -0.051582 -0.093155
1371710674.767996 2.254873 0.453186 0.046469 -0.038965
1371710674.797029 2.284119 0.454050 0.238113 -0.002751
1371710674.868358 2.256507 0.448797 0.130649 -0.043897
1371710674.909977 2.269814 0.451043 0.124731 -0.032519
1371710674.967785 2.271559 0.452095 0.118127 -0.018596
1371710675.000556 2.289044 0.455790 0.142356 0.017156
1371710675.036384 2.266770 0.451293 0.108756 -0.009246
1371710675.068482 2.276227 0.454259 0.100425 -0.000985
1371710675.099015 2.258905 0.452238 0.065997 -0.021783
1371710675.131433 2.242454 0.449397 0.018482 -0.055077
1371710675.167922 2.257882 0.452782 0.009718 -0.032140
1371710675.199868 2.254808 0.450315 -0.002849 -0.029943
1371710675.235471 2.237343 0.445662 -0.036175 -0.059595
1371710675.267576 2.271263 0.450421 -0.011585 -0.012625
1371710675.299374 2.288190 0.451723 0.026105 0.030311
1371710675.335514 2.252658 0.449576 0.005369 0.006522
1371710675.368771 2.257229 0.448343 -0.004143 -0.007507
1371710675.401530 2.256907 0.448279 -0.010536 -0.013033
1371710675.433427 2.263459 0.452223 -0.003011 0.011142
1371710675.470330 2.252073 0.451815 -0.013530 0.010195
1371710675.505365 2.257001 0.452371 -0.014263 0.015426
1371710675.544371 2.259490 0.450942 -0.012827 0.010754
1371710675.567814 2.293696 0.456584 0.034714 0.059680
1371710675.616928 2.269810 0.454707 0.033885 0.043907
1371710675.635138 2.253010 0.450892 0.007500 -0.003165
1371710675.676303 2.247365 0.450373 -0.017127 -0.031005
1371710675.707564 2.266485 0.453021 -0.006171 -0.010358
1371710675.741009 2.255769 0.449057 -0.014977 -0.026454
1371710675.771889 2.251355 0.451277 -0.023220 -0.021597
1371710675.805653 2.265681 0.450187 -0.011005 -0.009258
1371710675.840539 2.179877 0.420420 -0.132557 -0.218186
1371710675.871760 2.116291 0.400199 -0.300953 -0.422473
1371710675.906349 2.049149 0.380655 -0.497781 -0.582051
1371710675.937630 1.989162 0.360958 -0.693732 -0.679899
1371710675.972511 1.936781 0.341563 -0.869119 -0.717785
1371710676.007693 1.916382 0.329280 -0.970965 -0.653558
1371710676.045676 1.841311 0.309852 -1.109969 -0.637675
1371710676.091197 1.817132 0.297841 -1.182704 -0.559766
1371710676.114799 1.780106 0.294643 -1.222076 -0.429189
1371710676.148844 1.758187 0.251627 -1.241286 -0.529613
1371710676.178076 1.711007 0.248256 -1.256506 -0.487479
1371710676.213757 1.668212 0.249637 -1.256934 -0.359610
1371710676.244043 1.598083 0.249423 -1.300771 -0.251278
1371710676.284405 1.508969 0.229429 -1.428115 -0.316523
1371710676.328026 1.457715 0.195162 -1.526156 -0.500399
1371710676.347802 1.415017 0.163160 -1.578790 -0.669094
1371710676.384113 1.388214 0.150840 -1.564903 -0.641548
1371710676.418306 1.358414 0.144674 -1.507510 -0.505948
1371710676.449874 1.325562 0.133463 -1.437836 -0.405299
1371710676.484106 1.295850 0.117343 -1.359989 -0.381687
1371710676.516496 1.267752 0.100718 -1.275886 -0.398126
1371710676.553016 1.226853 0.084796 -1.215994 -0.427205
1371710676.584218 1.176928 0.069240 -1.194833 -0.453659
1371710676.615060 1.135753 0.052750 -1.183669 -0.475048
1371710676.655689 1.092979 0.037162 -1.183650 -0.481139
1371710676.680768 1.053560 0.021347 -1.183650 -0.481139
1371710676.715279 1.014105 0.005309 -1.183650 -0.481139
1371710679.966993 0.076860 -0.351376 -1.183650 -0.481139
1371710680.004105 0.075250 -0.354451 0.000000 0.000000
1371710680.034539 0.074433 -0.356341 -0.024485 -0.056705
1371710680.064515 0.074199 -0.355372 -0.016468 -0.016419
1371710680.101491 0.075130 -0.356857 0.010002 -0.023000
1371710680.132982 0.074856 -0.355289 -0.000453 -0.006684
1371710680.166643 0.074982 -0.355667 0.001242 -0.003147
1371710680.203034 0.074966 -0.355203 -0.000221 0.001591
1371710680.238885 0.075137 -0.355595 0.003256 0.000790
1371710680.268316 0.075419 -0.356088 0.007107 -0.002467
1371710680.301460 0.075552 -0.355308 0.004290 0.001176
1371710680.346180 0.075704 -0.355796 0.005302 -0.000221
1371710680.367128 0.075461 -0.355367 -0.001399 0.002375
1371710680.402141 0.075510 -0.355663 -0.000052 0.000872
1371710680.439375 0.075631 -0.356163 0.002753 -0.002820
1371710680.469213 0.075636 -0.355783 0.000740 -0.001590
1371710680.502360 0.075364 -0.355702 -0.003865 0.000123
1371710680.535564 0.075748 -0.355867 0.003160 -0.001321
1371710680.576056 0.075853 -0.355518 0.003251 0.000660
1371710680.603421 0.075714 -0.355417 -0.000216 0.002480
1371710680.636774 0.075781 -0.356425 0.002582 -0.002970
1371710680.671314 0.075408 -0.355894 -0.005097 -0.001007
1371710680.702314 0.075759 -0.355715 0.000912 -0.000505
1371710680.738607 0.075519 -0.355951 -0.001613 -0.000501
1371710680.771673 0.075938 -0.356818 0.006320 -0.006184
1371710680.804311 0.075770 -0.355851 -0.000582 -0.001155
1371710680.840738 0.075570 -0.355603 -0.004236 0.002559
1371710680.870037 0.075783 -0.355842 0.001130 0.001569
1371710680.919787 0.076133 -0.356118 0.006808 -0.000881
1371710680.942673 0.075992 -0.356344 0.002619 -0.001953
1371710680.973425 0.075787 -0.355840 -0.003241 0.000898
1371710681.012744 0.076095 -0.356570 0.003478 -0.003126
1371710681.043736 0.075885 -0.356230 -0.001318 -0.001470
