1371713787.502771 3.017626 -3.842389 0.000000 0.000000
1371713787.896581 3.242692 -5.026367 0.000000 0.000000
1371713788.101597 2.996800 -3.811678 0.000000 0.000000
1371713788.131456 3.006489 -3.807132 0.000000 0.000000
1371713788.239762 3.242224 -3.401293 0.000000 0.000000
1371713788.262672 3.256180 -3.458921 0.000000 0.000000
1371713788.696148 2.962933 -3.759069 0.000000 0.000000
1371713789.068295 3.039159 -3.868237 0.000000 0.000000
1371713789.602350 3.039159 -3.868237 0.000000 0.000000
1371713789.671551 3.017626 -3.842389 0.000000 0.000000
1371713790.247486 2.979391 -3.765471 0.000000 0.000000
1371713790.843304 3.039159 -3.868237 0.000000 0.000000
1371713791.243400 3.002817 -3.810682 0.000000 0.000000
1371713793.456174 3.056397 -3.892673 0.000000 0.000000
1371713793.556388 3.055501 -3.901405 0.000000 0.000000
1371713793.590489 3.036836 -3.879807 -0.560145 0.647583
1371713794.331598 3.075931 -3.950408 0.000000 0.000000
1371713804.852237 1.546630 -0.216876 0.000000 0.000000
1371713804.886967 1.542145 -0.217254 0.000000 0.000000
1371713804.921290 1.545180 -0.218446 0.091023 -0.035748
1371713804.953088 1.543506 -0.215558 0.031776 0.031254
1371713804.987661 1.535879 -0.214465 -0.033104 0.042646
1371713805.022402 1.540661 -0.216287 -0.020406 0.016002
1371713805.058549 1.545829 -0.216835 0.002159 -0.002673
1371713805.089307 1.538154 -0.217272 -0.007196 -0.006749
1371713805.126138 1.546819 -0.217544 0.006314 -0.014639
1371713805.159085 1.555166 -0.213577 0.025313 0.006505
1371713805.190736 1.539599 -0.214569 0.010338 0.019046
1371713805.233478 1.543411 -0.216760 0.009000 0.002334
1371713805.266798 1.553383 -0.218591 0.024273 -0.023941
1371713805.292632 1.542788 -0.214039 0.011737 0.009684
1371713805.329958 1.549716 -0.218779 0.018564 -0.015519
1371713805.359244 1.544008 -0.216928 0.010175 -0.005234
1371713805.392564 1.543825 -0.219504 0.005654 -0.016968
1371713805.430711 1.546763 -0.216833 0.004222 -0.002436
1371713805.461388 1.542087 -0.218002 -0.003437 -0.000389
1371713805.496040 1.549676 -0.219993 0.005551 -0.018476
1371713805.531584 1.548649 -0.214256 0.004785 0.017565
1371713805.564676 1.533892 -0.219317 -0.015445 0.005321
1371713805.594399 1.543935 -0.218102 -0.013042 -0.001190
1371713805.629107 1.541757 -0.216524 -0.015666 0.008258
1371713805.667194 1.531902 -0.215225 -0.033487 0.025483
1371713805.706706 1.544045 -0.216699 -0.021341 0.006753
1371713805.729937 1.534847 -0.216210 -0.027978 0.007480
1371713805.767117 1.539705 -0.216080 -0.022806 0.002565
1371713805.798205 1.551612 -0.219560 0.004034 -0.031788
1371713805.831369 1.545756 -0.217771 0.009332 -0.021468
1371713805.863770 1.549843 -0.219116 0.020106 -0.023969
1371713805.896733 1.542641 -0.215908 0.011677 0.007695
1371713805.931285 1.535663 -0.217011 -0.004330 0.016336
1371713805.968351 1.538976 -0.217932 -0.008124 0.006914
1371713805.999365 1.539210 -0.214949 -0.012217 0.020884
1371713806.032780 1.541725 -0.216924 -0.007758 0.006504
1371713806.070892 1.538395 -0.216852 -0.010284 0.002124
1371713806.103038 1.535521 -0.218913 -0.014856 -0.012076
1371713806.139713 1.544021 -0.220305 -0.002986 -0.030988
1371713806.170280 1.542887 -0.218524 0.000715 -0.018714
1371713806.207295 1.544576 -0.218041 0.005752 -0.007483
1371713806.235779 1.535922 -0.215785 -0.006786 0.020299
1371713806.278703 1.545469 -0.217257 0.003419 0.009649
1371713806.306703 1.534402 -0.219873 -0.006360 -0.005706
1371713806.340740 1.537283 -0.217748 -0.010314 0.000833
1371713806.377172 1.546990 -0.217725 0.003813 -0.003918
1371713806.408324 1.543077 -0.218648 0.007367 -0.007640
1371713806.440032 1.542495 -0.217777 0.007490 -0.000923
1371713806.486786 1.542863 -0.217468 0.007809 0.003949
1371713806.510536 1.542788 -0.214039 0.005471 0.028066
1371713806.549365 1.550035 -0.218112 0.020007 -0.000511
1371713806.576472 1.548254 -0.219296 0.025684 -0.017470
1371713806.610280 1.542087 -0.218002 0.015841 -0.006613
1371713806.649989 1.548256 -0.219267 0.019608 -0.013618
1371713806.682546 1.541011 -0.218036 0.007581 0.000554
1371713806.720287 1.543778 -0.216353 0.002916 0.014956
1371713806.751516 1.540957 -0.218736 -0.002525 0.003564
1371713806.785041 1.543175 -0.217402 -0.003840 0.005149
1371713806.819528 1.542262 -0.218772 -0.004870 -0.003927
1371713806.855381 1.546475 -0.216927 -0.000129 0.002349
1371713806.887356 1.532190 -0.215642 -0.021350 0.023386
1371713806.918832 1.537382 -0.218456 -0.022534 0.002798
1371713806.959558 1.543544 -0.219346 -0.012086 -0.017018
1371713806.988653 1.544280 -0.217003 -0.005855 -0.006080
1371713807.021113 1.547042 -0.217063 0.003672 -0.002589
1371713807.064757 1.538836 -0.216226 -0.004065 0.011308
1371713807.086470 1.535888 -0.216214 -0.013274 0.016149
1371713807.120730 1.543317 -0.217962 -0.004684 -0.003074
1371713807.153817 1.537411 -0.218084 -0.009091 -0.006496
1371713807.196683 1.528356 -0.218914 -0.026583 -0.005773
1371713807.222162 1.537590 -0.217327 -0.022910 -0.001736
1371713807.257593 1.542708 -0.219447 -0.008957 -0.017893
1371713807.292631 1.541631 -0.218125 -0.002627 -0.010523
1371713807.324693 1.543661 -0.217850 0.005124 -0.004658
1371713807.360630 1.545023 -0.218484 0.013053 -0.006008
1371713807.389067 1.528883 -0.217686 -0.010081 0.012446
1371713807.431082 1.543411 -0.216760 -0.000710 0.011498
1371713807.459356 1.536463 -0.217114 -0.005208 0.011559
1371713807.498264 1.538570 -0.218156 -0.003470 0.000274
1371713807.529402 1.543866 -0.215231 0.004173 0.011321
1371713807.562645 1.530789 -0.217868 -0.010018 0.005536
1371713807.599550 1.535663 -0.217011 -0.011806 0.003321
1371713807.640000 1.535663 -0.217011 -0.011806 0.003321
1371713807.665625 1.540652 -0.216412 0.000000 0.000000
1371713807.699370 1.540574 -0.217407 -0.002339 -0.029862
1371713807.730786 1.537623 -0.216897 -0.038266 -0.004532
1371713807.763459 1.537450 -0.216665 -0.034900 0.001252
1371713807.799477 1.536469 -0.220207 -0.031118 -0.026064
1371713807.834341 1.537289 -0.219170 -0.025591 -0.021791
1371713807.866734 1.550187 -0.217821 0.008474 -0.014802
1371713807.900268 1.534914 -0.218233 -0.006513 -0.000682
1371713807.932524 1.541011 -0.218036 -0.002990 0.001581
1371713807.965992 1.543573 -0.218972 0.004408 -0.005866
1371713807.998564 1.540603 -0.217034 0.002297 0.007822
1371713808.034214 1.542540 -0.217193 0.004686 0.009095
1371713808.067483 1.545359 -0.218661 0.011950 -0.003957
1371713808.099109 1.544045 -0.216699 0.012192 0.006208
1371713808.131224 1.536615 -0.218346 0.001275 0.003679
1371713808.166507 1.540012 -0.218725 -0.000542 -0.003568
1371713808.199035 1.545151 -0.218820 0.006344 -0.010114
1371713808.235077 1.543485 -0.220094 0.008475 -0.017328
1371713808.280033 1.541527 -0.216944 0.003324 0.006209
1371713808.301808 1.545359 -0.218661 0.008210 0.000021
1371713808.337179 1.541011 -0.218036 0.003197 0.005184
1371713808.369337 1.538395 -0.216852 -0.005312 0.015717
1371713808.405594 1.539329 -0.218012 -0.007692 0.007622
1371713808.437091 1.535225 -0.217557 -0.016268 0.008363
1371713808.477526 1.534479 -0.215969 -0.023413 0.017149
1371713808.505002 1.539980 -0.217888 -0.015742 -0.000665
1371713808.538935 1.543090 -0.215936 -0.006585 0.003007
1371713808.571632 1.527066 -0.216421 -0.026191 0.012356
1371713808.606583 1.532254 -0.218831 -0.026933 -0.007892
1371713808.638158 1.541346 -0.219251 -0.011682 -0.024291
1371713808.671372 1.544021 -0.220305 0.003484 -0.034120
1371713808.704457 1.543077 -0.218648 0.009854 -0.018126
1371713808.739928 1.530339 -0.214701 -0.010037 0.028402
1371713808.770364 1.535868 -0.216787 -0.009973 0.021705
1371713808.808198 1.544490 -0.219881 0.007471 -0.012703
1371713808.838536 1.541631 -0.218125 0.011322 -0.009204
1371713808.871532 1.538682 -0.215805 0.006797 0.012222
1371713808.916098 1.532487 -0.215861 -0.005944 0.022174
1371713808.937449 1.539886 -0.219087 0.001316 -0.006137
1371713808.974382 1.543485 -0.220094 0.011559 -0.025136
1371713809.008120 1.548492 -0.216266 0.022221 -0.004700
1371713809.039751 1.541203 -0.215586 0.016500 0.015267
1371713809.072593 1.543090 -0.215936 0.016177 0.016384
1371713809.121832 1.545750 -0.215877 0.019851 0.012086
1371713809.143946 1.539580 -0.220963 0.015096 -0.020968
1371713809.182240 1.544017 -0.217049 0.013434 -0.006757
1371713809.215588 1.533348 -0.217740 -0.005501 0.003853
1371713809.246372 1.542812 -0.218128 -0.001612 -0.003075
1371713809.282171 1.543880 -0.218803 0.003079 -0.010315
1371713809.314529 1.539886 -0.219087 -0.000831 -0.009693
1371713809.351725 1.546359 -0.220335 0.007949 -0.020408
1371713809.384540 1.546586 -0.215522 0.009824 0.012119
1371713809.420387 1.533706 -0.215767 -0.009392 0.030483
1371713809.449214 1.554763 -0.218714 0.016277 -0.004339
1371713809.492168 1.539035 -0.217186 0.004607 0.005208
1371713809.516185 1.540398 -0.219647 0.000935 -0.009781
1371713809.555565 1.546439 -0.217395 0.005849 -0.003200
1371713809.585804 1.534056 -0.216820 -0.011996 0.013264
1371713809.619402 1.547171 -0.218068 0.000061 -0.001781
1371713809.682963 1.537421 -0.219476 -0.007377 -0.009333
1371713809.719459 1.543880 -0.218803 -0.002419 -0.010980
1371713809.761035 1.544202 -0.217994 0.000789 -0.003932
1371713809.784493 1.536770 -0.216367 -0.010366 0.016097
1371713809.818159 1.539886 -0.219087 -0.009093 -0.000438
1371713809.852057 1.543573 -0.218972 -0.002436 -0.009051
1371713809.886921 1.532659 -0.218584 -0.016807 0.000177
1371713809.917415 1.543797 -0.219855 -0.005902 -0.013650
1371713809.954406 1.543317 -0.217962 -0.001043 -0.002993
1371713809.986734 1.543077 -0.218648 0.002829 -0.002249
1371713810.021551 1.533319 -0.215835 -0.012941 0.024545
1371713810.058526 1.545647 -0.217199 -0.000019 0.010992
1371713810.088038 1.538681 -0.218200 -0.002126 0.001925
1371713810.122027 1.542604 -0.216375 0.001401 0.007026
1371713810.158336 1.539430 -0.216721 -0.000892 0.007677
1371713810.190915 1.535313 -0.216399 -0.009328 0.011211
1371713810.230377 1.530441 -0.215300 -0.023175 0.020383
1371713810.258368 1.542151 -0.215366 -0.011094 0.009631
1371713810.292674 1.541900 -0.218413 -0.000382 -0.016688
1371713810.332179 1.533579 -0.216712 -0.009646 -0.005868
1371713810.358519 1.542988 -0.217230 0.000810 -0.011037
1371713810.402327 1.544841 -0.216621 0.010183 -0.007510
1371713810.426958 1.538680 -0.216758 0.005951 -0.000301
1371713810.458963 1.542262 -0.215760 0.008256 0.006692
1371713810.491178 1.544538 -0.216651 0.014231 0.000789
1371713810.527281 1.544745 -0.216631 0.017691 -0.001194
1371713810.559401 1.541694 -0.217325 0.014433 -0.003593
1371713810.595215 1.546979 -0.216762 0.019543 -0.003589
1371713810.631685 1.538606 -0.217690 0.008647 -0.002285
1371713810.657023 1.543573 -0.218972 0.009864 -0.013555
1371713810.697072 1.538017 -0.219019 0.000106 -0.011131
1371713810.725493 1.543431 -0.217637 0.001243 -0.002844
1371713810.759653 1.543286 -0.218363 0.002499 -0.003508
1371713810.797219 1.536563 -0.219011 -0.007645 -0.002328
1371713810.828731 1.548299 -0.218728 0.005006 -0.008500
1371713810.865112 1.536615 -0.218346 -0.006641 0.002486
1371713810.897086 1.543573 -0.218972 -0.001736 -0.003483
1371713810.932556 1.527898 -0.215578 -0.027266 0.029015
1371713810.969085 1.545569 -0.218190 -0.010035 0.003818
1371713810.999493 1.540167 -0.216749 -0.008402 0.006648
1371713811.035374 1.545206 -0.220805 0.004887 -0.024303
1371713811.070296 1.543565 -0.217140 0.006518 -0.005256
1371713811.100955 1.538680 -0.216758 -0.000510 0.009833
1371713811.139090 1.548286 -0.218892 0.012957 -0.007583
1371713811.168823 1.537236 -0.220319 0.003347 -0.013606
1371713811.202107 1.548460 -0.216668 0.012030 0.002789
1371713811.252630 1.542604 -0.216375 0.008166 0.015562
1371713811.278554 1.540532 -0.217012 0.002929 0.014546
1371713811.311528 1.536615 -0.218346 -0.006111 0.004736
1371713811.351157 1.541372 -0.218921 -0.003985 -0.008015
1371713811.376778 1.543935 -0.218102 0.000628 -0.007792
1371713811.411578 1.534860 -0.219570 -0.010475 -0.008960
1371713811.451072 1.536551 -0.219160 -0.015275 -0.006683
1371713811.482477 1.536986 -0.217634 -0.018156 0.004972
1371713811.512141 1.545543 -0.218520 -0.003782 -0.004025
1371713811.547637 1.546938 -0.218386 0.008159 -0.006374
1371713811.580282 1.546786 -0.219221 0.016111 -0.010653
1371713811.611738 1.538947 -0.218305 0.006579 0.002429
1371713811.651342 1.545209 -0.218072 0.010496 0.003938
1371713811.678281 1.537265 -0.219946 0.000916 -0.002613
1371713811.711677 1.533984 -0.216451 -0.014037 0.020541
1371713811.750950 1.536657 -0.217814 -0.016743 0.013320
1371713811.777394 1.537522 -0.218187 -0.015954 0.003844
1371713811.811351 1.534056 -0.216820 -0.021597 0.010423
1371713811.845169 1.535855 -0.216644 -0.020904 0.009871
1371713811.878443 1.548271 -0.219079 0.003181 -0.017998
1371713811.910370 1.544254 -0.217334 0.010313 -0.009781
1371713811.947229 1.540432 -0.219211 0.009801 -0.013491
1371713811.979326 1.544254 -0.217334 0.013442 -0.002076
1371713812.011987 1.540632 -0.216660 0.009136 0.010525
1371713812.048593 1.536860 -0.217831 0.000953 0.008240
1371713812.078113 1.540566 -0.217500 0.001287 0.004708
1371713812.110735 1.532941 -0.214987 -0.013082 0.024497
1371713812.150185 1.545808 -0.220430 0.004576 -0.019162
1371713812.186273 1.539228 -0.219303 0.002358 -0.019594
1371713812.250755 1.539363 -0.217582 -0.000772 -0.004131
1371713812.281343 1.533093 -0.217384 -0.013033 0.008711
1371713812.351430 1.538481 -0.218367 -0.010300 0.000673
1371713812.385249 1.543770 -0.220206 0.001965 -0.018844
1371713812.451152 1.527024 -0.216950 -0.021363 0.011895
1371713812.479295 1.538706 -0.215494 -0.016097 0.021213
1371713812.531937 1.548271 -0.219079 0.007670 -0.010492
1371713812.558434 1.542920 -0.218092 0.012624 -0.009480
1371713812.591584 1.545101 -0.216596 0.017746 0.001906
1371713812.630028 1.541839 -0.217840 0.016284 0.000779
1371713812.659221 1.551041 -0.217261 0.029097 -0.002220
1371713812.695936 1.544317 -0.219457 0.026735 -0.011486
1371713812.728030 1.544415 -0.218210 0.022199 -0.003956
1371713812.764901 1.545359 -0.218661 0.019935 -0.003372
1371713812.798803 1.541999 -0.219123 0.011942 -0.002647
1371713812.829759 1.542734 -0.219118 0.006945 -0.002319
1371713812.864004 1.540957 -0.218736 -0.000176 0.002093
1371713812.900102 1.546938 -0.218386 0.004806 0.001127
1371713812.930744 1.546908 -0.216420 0.006582 0.013869
1371713812.972162 1.540847 -0.220136 0.000959 -0.004103
1371713812.996983 1.539295 -0.218442 -0.007745 0.001689
1371713813.031727 1.547032 -0.219051 0.000208 -0.006488
1371713813.068381 1.537382 -0.218456 -0.011275 0.002883
1371713813.099385 1.541694 -0.217325 -0.011706 0.009640
1371713813.131879 1.544489 -0.217274 -0.006271 0.008268
1371713813.170727 1.548124 -0.220955 0.006778 -0.021002
1371713813.200653 1.546757 -0.220701 0.011152 -0.024838
1371713813.236236 1.547000 -0.218581 0.011740 -0.006577
1371713813.265665 1.548345 -0.218142 0.013982 0.004476
1371713813.304113 1.542734 -0.219118 0.006682 0.005945
1371713813.332944 1.538861 -0.215897 -0.007206 0.029217
1371713813.369576 1.540457 -0.218900 -0.009941 0.010300
1371713813.399198 1.547000 -0.218581 -0.001301 -0.002512
1371713813.443512 1.543962 -0.217751 -0.001427 0.000867
1371713813.470324 1.547149 -0.218350 0.004423 -0.004247
1371713813.502822 1.538551 -0.214855 -0.008765 0.024350
1371713813.540752 1.548173 -0.220330 0.004348 -0.013408
1371713813.570796 1.548206 -0.219907 0.010862 -0.022340
1371713813.606726 1.546814 -0.218870 0.010827 -0.012616
1371713813.637407 1.538976 -0.217932 -0.003452 0.006233
1371713813.670984 1.554446 -0.220919 0.015552 -0.019061
1371713813.711166 1.538551 -0.214855 -0.004066 0.027736
1371713813.734597 1.542708 -0.219447 -0.004711 0.005975
1371713813.769337 1.547098 -0.217331 -0.000016 0.006606
1371713813.808768 1.536125 -0.217174 -0.014997 0.014525
1371713813.838924 1.541852 -0.220991 -0.011332 -0.015893
1371713813.874206 1.544202 -0.217994 -0.008219 -0.006607
1371713813.917238 1.544490 -0.219881 -0.003557 -0.014198
1371713813.942148 1.547024 -0.218269 0.002249 -0.005142
1371713813.979079 1.534281 -0.216352 -0.016246 0.021897
1371713814.010514 1.542980 -0.219894 -0.009311 -0.003034
1371713814.043036 1.548216 -0.219783 0.003356 -0.015383
1371713814.080053 1.548462 -0.216641 0.009349 0.004301
1371713814.110544 1.548271 -0.219079 0.015268 -0.004278
1371713814.143241 1.541424 -0.218262 0.006066 0.004150
1371713814.188729 1.545742 -0.221273 0.009270 -0.016637
1371713814.209521 1.547098 -0.217331 0.009147 0.004125
1371713814.247410 1.543770 -0.220206 0.005979 -0.004855
1371713814.312048 1.538753 -0.215826 -0.008436 0.025282
1371713814.348811 1.537469 -0.217339 -0.017272 0.021855
1371713814.412250 1.544391 -0.218522 -0.009683 0.002076
1371713814.446134 1.542786 -0.218458 -0.007374 -0.004724
1371713814.479356 1.537657 -0.216467 -0.015708 0.010417
1371713814.516677 1.540427 -0.219273 -0.013055 -0.007144
1371713814.546573 1.543474 -0.215959 -0.008720 0.006984
1371713814.581162 1.531804 -0.217002 -0.023326 0.012564
1371713814.614648 1.541725 -0.216924 -0.015070 0.004239
1371713814.651599 1.533922 -0.218535 -0.020544 -0.005192
1371713814.683331 1.538363 -0.217252 -0.017249 -0.003217
1371713814.714593 1.540929 -0.219086 -0.008406 -0.016019
1371713814.750820 1.541072 -0.218698 -0.002798 -0.014991
1371713814.780502 1.546937 -0.216045 0.008795 0.002340
1371713814.818115 1.534808 -0.218252 -0.001566 0.003547
1371713814.847664 1.539296 -0.217161 -0.001754 0.006770
1371713814.880446 1.541568 -0.218926 0.003573 -0.006822
1371713814.919390 1.548180 -0.220238 0.018184 -0.023908
1371713814.951061 1.528752 -0.215861 -0.009574 0.018777
1371713814.988132 1.527811 -0.216689 -0.026971 0.025351
1371713815.017939 1.527066 -0.216421 -0.037994 0.023284
1371713815.057170 1.527024 -0.216950 -0.042675 0.012399
1371713815.086862 1.540369 -0.220020 -0.019245 -0.025919
1371713815.127326 1.541751 -0.220281 -0.001725 -0.037908
1371713815.153560 1.539005 -0.217559 0.002682 -0.013531
1371713815.187505 1.538643 -0.217224 0.005384 0.001976
1371713815.222966 1.525315 -0.214367 -0.016762 0.036761
1371713815.258898 1.541992 -0.217404 0.001186 0.009010
1371713815.287013 1.536775 -0.216298 0.003206 0.007618
1371713815.319807 1.533984 -0.216451 0.000002 0.006515
1371713815.356854 1.541449 -0.217932 0.011369 -0.010679
1371713815.397673 1.539531 -0.215430 0.012719 0.003512
1371713815.422321 1.537499 -0.216966 0.011298 0.000028
1371713815.456555 1.542837 -0.217798 0.019000 -0.010501
1371713815.490483 1.538680 -0.216758 0.014945 -0.001764
1371713815.523770 1.542204 -0.216507 0.017310 0.001466
1371713815.558059 1.530348 -0.216492 -0.001754 0.011604
1371713815.601825 1.543514 -0.219720 0.010300 -0.018589
1371713815.625999 1.544944 -0.218601 0.017857 -0.019567
1371713815.661496 1.526107 -0.217393 -0.011003 0.006895
1371713815.692238 1.541372 -0.218921 -0.002208 -0.006794
1371713815.731622 1.539595 -0.217479 -0.000683 0.000347
1371713815.760059 1.545414 -0.220172 0.012324 -0.018857
1371713815.805427 1.542786 -0.218458 0.013795 -0.008337
1371713815.829511 1.544822 -0.218016 0.017349 -0.000406
1371713815.864256 1.542458 -0.218244 0.015402 0.003628
1371713815.898144 1.542348 -0.219646 0.014303 -0.004470
1371713815.928403 1.530328 -0.217978 -0.009142 0.013371
1371713815.970291 1.543077 -0.218648 -0.001917 0.002674
1371713815.995792 1.538363 -0.217252 -0.005982 0.010677
1371713816.029060 1.546614 -0.220168 0.007932 -0.014018
1371713816.061479 1.548409 -0.217321 0.016683 -0.002539
1371713816.102894 1.541094 -0.216986 0.009847 0.010876
1371713816.130442 1.544047 -0.219975 0.012524 -0.008099
1371713816.166920 1.526268 -0.216841 -0.019616 0.020212
1371713816.196684 1.538017 -0.219019 -0.017556 0.002195
1371713816.231484 1.538830 -0.219797 -0.013934 -0.011663
1371713816.271008 1.538947 -0.218305 -0.012410 -0.005013
1371713816.304907 1.544944 -0.218601 -0.000391 -0.007743
1371713816.329973 1.539961 -0.219383 -0.000009 -0.008252
1371713816.368133 1.543430 -0.222488 0.008155 -0.029690
1371713816.396732 1.548369 -0.217829 0.016599 -0.003899
1371713816.437506 1.538017 -0.219019 0.005964 0.007695
1371713816.466328 1.538947 -0.218305 0.000045 0.014389
1371713816.504314 1.538643 -0.217224 -0.004697 0.021043
1371713816.539139 1.541176 -0.215936 -0.003646 0.025493
1371713816.572167 1.539485 -0.218878 -0.002542 0.003281
1371713816.611547 1.538176 -0.219648 -0.004169 -0.010572
1371713816.636801 1.542458 -0.218244 0.000170 -0.007740
1371713816.672040 1.541527 -0.216944 0.000654 0.004605
1371713816.709461 1.541066 -0.217336 0.001062 0.006310
1371713816.739746 1.544391 -0.218522 0.007881 -0.004597
1371713816.787598 1.548356 -0.217997 0.017753 -0.006857
1371713816.812392 1.540090 -0.217737 0.009455 0.002234
1371713816.850644 1.543022 -0.216798 0.007869 0.009382
1371713816.877416 1.546673 -0.219418 0.014816 -0.009643
1371713816.914385 1.542204 -0.216507 0.008289 0.007951
1371713816.948557 1.536724 -0.216949 -0.004669 0.014193
1371713816.979658 1.542142 -0.218348 -0.002692 -0.000248
1371713817.016690 1.538947 -0.218305 -0.007147 -0.003431
1371713817.045510 1.542430 -0.218594 -0.004051 -0.008731
1371713817.081083 1.549632 -0.219443 0.010367 -0.019670
1371713817.119318 1.541911 -0.220244 0.006682 -0.018664
1371713817.150453 1.542028 -0.218749 0.002503 -0.004310
1371713817.181219 1.540427 -0.219273 -0.002345 -0.000015
1371713817.218113 1.547042 -0.217063 0.004040 0.011362
1371713817.260117 1.548161 -0.220486 0.013339 -0.009672
1371713817.290940 1.540090 -0.217737 0.002483 0.008718
1371713817.322463 1.540929 -0.219086 -0.001823 0.004222
1371713817.359442 1.544202 -0.217994 -0.000137 0.006142
1371713817.389911 1.535197 -0.217906 -0.013853 0.012708
1371713817.423624 1.541346 -0.219251 -0.010705 -0.001730
1371713817.457920 1.536217 -0.215998 -0.019408 0.018018
1371713817.502488 1.545682 -0.218707 -0.005515 -0.003618
1371713817.528225 1.531327 -0.216832 -0.021898 0.011696
1371713817.560202 1.538552 -0.219845 -0.016692 -0.011208
1371713817.594798 1.542072 -0.219233 -0.008085 -0.016621
1371713817.626185 1.538491 -0.222071 -0.006097 -0.031218
1371713817.660962 1.543160 -0.219966 0.000417 -0.019665
1371713817.700776 1.543077 -0.218648 0.003858 -0.001566
1371713817.735129 1.537411 -0.218084 -0.003141 0.014159
1371713817.772522 1.541424 -0.218262 0.000004 0.012884
1371713817.800414 1.542458 -0.218244 0.004138 0.009029
1371713817.837913 1.544146 -0.221640 0.012218 -0.017961
1371713817.870181 1.537353 -0.218829 0.002102 -0.000671
1371713817.901149 1.545414 -0.217959 0.008473 0.005985
1371713817.940547 1.544822 -0.218016 0.011892 0.007858
1371713817.970520 1.539430 -0.216721 0.003985 0.019774
1371713818.010742 1.540701 -0.215789 0.000722 0.025211
1371713818.037083 1.542920 -0.218092 0.004619 0.004857
1371713818.077453 1.539980 -0.217888 0.001248 -0.000700
1371713818.141136 1.534860 -0.219570 -0.008728 -0.010356
1371713818.175769 1.542072 -0.219233 -0.004047 -0.015544
1371713818.216075 1.542863 -0.217468 -0.001081 -0.002951
1371713818.241571 1.543852 -0.219154 0.004314 -0.009030
1371713818.278297 1.540481 -0.218589 0.001321 -0.002979
1371713818.310271 1.544150 -0.218654 0.005501 -0.003053
1371713818.343968 1.533922 -0.218535 -0.009190 0.006098
1371713818.379876 1.538017 -0.219019 -0.011040 0.001385
1371713818.420120 1.543077 -0.218648 -0.003754 -0.002340
1371713818.448134 1.537707 -0.220943 -0.005909 -0.014469
1371713818.479633 1.543632 -0.218224 -0.000063 -0.002612
1371713818.512390 1.532768 -0.217192 -0.014500 0.017735
1371713818.551402 1.533042 -0.218039 -0.021296 0.015144
1371713818.579820 1.542348 -0.219646 -0.007912 -0.007398
1371713818.615618 1.538238 -0.218849 -0.006717 -0.006254
1371713818.652165 1.541139 -0.217837 -0.001519 0.000117
1371713818.686723 1.542495 -0.217777 0.004629 0.002259
1371713818.717304 1.531947 -0.217124 -0.009343 0.014956
1371713818.748878 1.548286 -0.218892 0.010777 -0.007489
1371713818.787851 1.544415 -0.218210 0.016226 -0.006571
1371713818.825915 1.538238 -0.218849 0.009151 -0.003922
1371713818.850194 1.541882 -0.220617 0.011164 -0.016416
1371713818.886667 1.540603 -0.217034 0.006390 0.007243
1371713818.920206 1.548256 -0.219267 0.018048 -0.005191
1371713818.952643 1.547122 -0.217019 0.021063 0.007559
1371713818.990123 1.541320 -0.219580 0.014890 -0.001153
1371713819.021355 1.538830 -0.219797 0.005367 -0.003945
1371713819.059575 1.540038 -0.218396 -0.000696 0.003941
1371713819.091250 1.539005 -0.217559 -0.006753 0.012272
1371713819.129643 1.540640 -0.216567 -0.007918 0.017902
1371713819.158997 1.533922 -0.218535 -0.017414 0.007732
1371713819.192098 1.550018 -0.219988 0.004372 -0.019982
1371713819.230081 1.539935 -0.219713 0.000792 -0.016750
1371713819.268368 1.540481 -0.218589 -0.001869 -0.004821
1371713819.304236 1.539329 -0.218012 -0.005563 0.005552
1371713819.336418 1.539935 -0.219713 -0.004995 -0.003517
1371713819.366332 1.539961 -0.219383 -0.005007 -0.004324
1371713819.400066 1.538643 -0.217224 -0.008575 0.011488
1371713819.434505 1.552909 -0.220317 0.016039 -0.015711
1371713819.467693 1.541969 -0.219496 0.012107 -0.008597
1371713819.504017 1.539485 -0.218878 0.004230 0.002182
1371713819.538541 1.543573 -0.218972 0.005927 0.002229
1371713819.568547 1.542142 -0.218348 0.004010 0.007137
1371713819.605914 1.542760 -0.218788 0.004177 0.004188
1371713819.638658 1.549642 -0.218327 0.015057 0.000318
1371713819.681385 1.539886 -0.219087 0.005983 0.001463
1371713819.707063 1.527921 -0.216791 -0.022369 0.025324
1371713819.739102 1.548149 -0.220643 -0.002506 -0.012503
1371713819.777187 1.537522 -0.218187 -0.009862 -0.000407
1371713819.805424 1.538238 -0.218849 -0.012237 -0.000936
1371713819.841601 1.538238 -0.218849 -0.012237 -0.000936
1371713819.878789 1.539295 -0.218442 0.000000 0.000000
1371713819.913342 1.544629 -0.218108 0.159985 0.010026
1371713819.951506 1.534985 -0.217976 -0.023558 0.014584
1371713819.983172 1.533042 -0.218039 -0.050550 0.009722
1371713820.016956 1.525679 -0.215821 -0.082137 0.026744
1371713820.049375 1.538606 -0.217690 -0.042468 0.003252
1371713820.082802 1.543004 -0.219583 -0.010847 -0.021898
1371713820.116975 1.540167 -0.216749 -0.003127 -0.005781
1371713820.156173 1.543408 -0.217933 0.008168 -0.008145
1371713820.187121 1.545304 -0.219363 0.018501 -0.017610
1371713820.217023 1.544415 -0.218210 0.021097 -0.008430
1371713820.249874 1.538017 -0.219019 0.012062 -0.002964
1371713820.285566 1.534406 -0.216899 -0.001974 0.016525
1371713820.320159 1.544176 -0.218324 0.006441 0.003514
1371713820.354825 1.542812 -0.218128 0.009172 0.000266
1371713820.388580 1.537411 -0.218084 0.001517 0.003436
1371713820.420633 1.539513 -0.218528 0.000128 -0.000812
1371713820.454702 1.540574 -0.217407 -0.000085 0.004281
1371713820.488487 1.530789 -0.217868 -0.016011 0.009390
1371713820.524546 1.543595 -0.218691 -0.003735 -0.006368
1371713820.556362 1.531361 -0.220108 -0.015200 -0.011491
1371713820.591159 1.537411 -0.218084 -0.014065 -0.002798
1371713820.624211 1.540481 -0.218589 -0.006762 -0.004545
1371713820.659024 1.543720 -0.217102 0.002806 0.003467
1371713820.690397 1.539513 -0.218528 0.003738 -0.000074
1371713820.725506 1.538830 -0.219797 0.003821 -0.009277
1371713820.761475 1.527921 -0.216791 -0.017450 0.017120
1371713820.800153 1.535484 -0.217042 -0.016765 0.015387
1371713820.830182 1.541346 -0.219251 -0.003704 -0.007974
1371713820.863044 1.536354 -0.217221 -0.005389 0.001920
1371713820.899328 1.541992 -0.217404 0.003670 -0.000005
1371713820.930093 1.539935 -0.219713 0.007988 -0.014176
1371713820.974715 1.538017 -0.219019 0.005843 -0.010376
1371713820.998508 1.539930 -0.216594 0.005470 0.008233
1371713821.033622 1.545387 -0.218310 0.016065 -0.001288
1371713821.069364 1.535197 -0.217906 0.004817 0.006001
1371713821.098312 1.534985 -0.217976 -0.003048 0.006914
1371713821.137932 1.539823 -0.219887 0.001379 -0.010819
1371713821.166632 1.535720 -0.218361 -0.004614 -0.002251
1371713821.204282 1.535936 -0.217119 -0.008708 0.009429
1371713821.238809 1.540038 -0.218396 -0.002622 0.000212
1371713821.309385 1.532938 -0.215937 -0.012225 0.018135
1371713821.338341 1.537236 -0.220319 -0.006525 -0.011605
1371713821.370170 1.542485 -0.217894 0.003036 -0.008603
1371713821.408432 1.529328 -0.216907 -0.013312 0.011095
1371713821.445606 1.531285 -0.217682 -0.018869 0.008901
