1370582230.9456	0 0	0 0	0 0	0 0	0 0	0 0
1370582230.9865	0 0	0 0	0 0	0 0	0 0	0 0
1370582231.012	0 0	0 0	0 0	0 0	0 0	0 0
1370582231.0457	0 0	0 0	0 0	0 0	0 0	0 0
1370582231.0786	0 0	0 0	0 0	0 0	0 0	0 0
1370582231.1159	0 0	0 0	0 0	0 0	0 0	0 0
1370582231.1452	0 0	0 0	0 0	0 0	0 0	0 0
1370582231.1784	0 0	0 0	0 0	0 0	0 0	0 0
1370582231.2119	0 0	0 0	0 0	0 0	0 0	0 0
1370582231.2452	0 0	0 0	0 0	0 0	0 0	0 0
1370582231.2789	0 0	0 0	0 0	0 0	0 0	0 0
1370582231.3128	0 0	0 0	0 0	0 0	0 0	0 0
1370582231.3467	0 0	0 0	0 0	0 0	0 0	0 0
1370582231.3797	0 0	0 0	0 0	0 0	0 0	0 0
1370582231.4136	0 0	0 0	0 0	0 0	0 0	0 0
1370582231.4469	0 0	0 0	0 0	0 0	0 0	0 0
1370582231.4802	0 0	0 0	0 0	0 0	0 0	0 0
1370582231.521	0 0	0 0	0 0	0 0	0 0	0 0
1370582231.5473	0 0	0 0	0 0	0 0	0 0	0 0
1370582231.5805	0 0	0 0	0 0	0 0	0 0	0 0
1370582231.6131	0 0	0 0	0 0	0 0	0 0	0 0
1370582231.6463	0 0	0 0	0 0	0 0	0 0	0 0
1370582231.6808	0 0	0 0	0 0	0 0	0 0	0 0
1370582231.7154	1.391995 0.067568	40.213589440304 1.9519838873721	0 0	0 0	0 0	0 0
1370582231.7484	1.388411 0.056824	-0.10875144172991 -0.32601157643586	0 0	0 0	1.388411 0.056824	1.388411 0.056824
1370582231.7813	1.361084 0.049451	-0.82960151569195 -0.22383181378112	0 0	-0.81963933323508 -0.22119191581282	1.3610893883577 0.04945085503587	1.3337680772499 0.042077791175443
1370582231.8152	1.303772 0.041824	-1.6910583949912 -0.2250436623848	0 0	-1.1914165423785 -0.22999559617435	1.3093263198364 0.04181720016784	1.2696124350905 0.034150680295361
1370582231.8481	1.248348 0.032925	-1.6828347164523 -0.27019966335358	0 0	-1.3382684187497 -0.24661762362302	1.2553809258912 0.03316058094251	1.2107719785995 0.024939993488409
1370582231.8814	0 0	-37.467627050449 -0.98820330599803	0 0	-1.3382684187497 -0.24661762362302	1.2107719785995 0.024939993488409	1.1661630313079 0.016719406034308
1370582231.9151	1.172275 0.025132	34.850711077089 0.74715239239035	0 0	-1.3382684187497 -0.24661762362302	1.1661630313079 0.016719406034308	1.1215540840162 0.0084988185802075
1370582231.9491	1.171582 0.025054	-0.020372829280945 -0.002293045719933	0 0	0 0	1.171582 0.025054	1.171582 0.025054
1370582231.9822	1.173216 0.027159	0.049417692872341 0.063662327721095	0 0	0.049012339460823 0.063149177066701	1.1732157626199 0.027158995723588	1.1748495072686 0.029263968292478
1370582232.0153	1.173762 0.028139	0.016478075551524 0.029576033041201	0 0	0.035482097659054 0.043106547107778	1.1739710419278 0.028280639177143	1.1751537785165 0.029717524080736
1370582232.051	0 0	-32.841783085495 -0.78732735788238	0 0	0.035482097659054 0.043106547107778	1.1751537785165 0.029717524080736	1.1763365151051 0.031154408984328
1370582232.0887	0 0	0 0	0 0	0.035482097659054 0.043106547107778	1.1763365151051 0.031154408984328	1.1775192516938 0.032591293887921
1370582232.1163	1.164006 0.031589	42.128200448912 1.1432825294549	0 0	0.035482097659054 0.043106547107778	1.1775192516938 0.032591293887921	1.1787019882824 0.034028178791513
1370582232.1495	1.163311 0.032056	-0.020941990287081 0.014071812178511	0 0	0 0	1.163311 0.032056	1.163311 0.032056
1370582232.1817	1.163351 0.032613	0.0012413498775474 0.017285797044831	0 0	0.001199877015581 0.016709744125889	1.1633509963405 0.032612997597769	1.163390992241 0.033169989068632
1370582232.2148	1.162321 0.032218	-0.031090607039793 -0.011923096874483	0 0	-0.012070750853028 -0.00035715206600324	1.1625301034201 0.032336363545093	1.1621277450583 0.032324458476227
1370582232.2486	1.163188 0.032718	0.025652421137287 0.014793783816195	0 0	-0.0048370215685934 0.0043991881757693	1.1628199165284 0.03263235571927	1.1626586824761 0.032778995325129
1370582232.2813	1.162418 0.032587	-0.023526429091762 -0.0040025483260001	0 0	-0.0059227566547404 0.0025817975144602	1.1625261355468 0.032641394730307	1.1623287103249 0.032727454647456
1370582232.3162	1.159881 0.032094	-0.072770569173745 -0.014141068428323	0 0	-0.013902112249262 -0.0031422303658075	1.1611609163518 0.032282350389678	1.1606975126102 0.032177609377484
1370582232.3492	1.158415 0.031872	-0.044394744296193 -0.0067228057529024	0 0	-0.019863555952866 -0.0060246869887719	1.1597233056773 0.031957912898559	1.1590611871456 0.031757089998933
1370582232.383	1.163538 0.032499	0.15166162755505 0.018561749068323	0 0	-0.0097252068119572 0.00080887952202837	1.16081002116 0.032283804741411	1.1604858475996 0.032310767392145
1370582232.4173	1.162349 0.032611	-0.034644645677602 0.003263414899825	0 0	-0.0058241683251486 0.0035952914655673	1.1611725831541 0.032525682561008	1.16097844421 0.03264552560986
1370582232.4505	1.163816 0.032176	0.044235951918096 -0.013117000057514	0 0	-0.00027537086990845 0.00023146633643971	1.1619742045691 0.032358402581097	1.1619650255401 0.032366118125645
1370582232.4824	1.160479 0.032655	-0.10449669965134 0.014999676096192	0 0	-0.0031444462441509 0.0023446569003839	1.1614548495445 0.032544693712675	1.1613500346697 0.032622848942687
1370582232.517	1.16186 0.031804	0.039979113111174 -0.024635934292262	0 0	-0.0022753616020444 -0.0042927451263489	1.1615181128359 0.032083845129793	1.1614422674492 0.031940753625581
1370582232.5821	1.159389 0.031591	-0.037950622252328 -0.0032713405664695	0 0	-0.0064027523093395 -0.0075206449257892	1.160742334227 0.031690105503171	1.16052890915 0.031439417338978
1370582232.6185	1.159783 0.03213	0.010811122657124 0.014789835310126	0 0	-0.0077674877850713 -0.0019715156567705	1.1602833186514 0.031891300889752	1.1600244023919 0.031825583701193
1370582232.6911	1.160929 0.03302	0.015792512859604 0.012264691487824	0 0	-0.0057287842035636 0.0080022898738921	1.1603453519165 0.032626723161933	1.1601543924431 0.03289346615773
1370582232.7175	1.162179 0.032036	0.047264236840444 -0.037206407240798	0 0	-0.001797451143714 0.0013062831365394	1.1608349112489 0.032342448699894	1.1607749962107 0.032385991471112
1370582232.784	1.157152 0.03195	-0.07566701910627 -0.0012944825230036	0 0	-0.0092130775891723 -0.0029068316694076	1.1595340132382 0.032063409019282	1.1592269106519 0.031966514630301
1370582232.8176	1.161081 0.032031	0.11694831111616 0.0024109985239014	0 0	-0.0054619497071388 -0.0020592909570541	1.1598577350244 0.032025838659584	1.1596756700341 0.031957195627682
1370582232.885	1.162717 0.032419	0.024279789764946 0.005758287548166	0 0	0.00074895415276245 0.0022577259782005	1.1607135666442 0.032291032390183	1.1607385317826 0.03236628992279
1370582232.9194	1.158589 0.032464	-0.11989949733042 0.0013070439389217	0 0	-0.0035869774150834 0.0026886298944757	1.1600050823199 0.032411734790027	1.1598855164061 0.032501355786509
1370582232.9522	1.162948 0.031812	0.13287525808351 -0.019874895221483	0 0	0.0024664601236983 -0.0024486620759911	1.1609210739236 0.032071238074734	1.161003289261 0.031989616005534
1370582232.9853	1.158827 0.032279	-0.12448309555498 0.014106674502348	0 0	-0.0018846336585238 -0.00044424506493819	1.1602628509249 0.032162354807384	1.1602000298029 0.032147546638553
1370582233.0185	1.159267 0.032392	0.013250622935753 0.0034030008903184	0 0	-0.0037262566668934 0.001404417184308	1.1598841582162 0.032301479101538	1.1597599496606 0.032348293007682
1370582233.0517	1.160838 0.032121	0.047342019082653 -0.0081665736291528	0 0	-0.0015917031620851 -0.00027832293046798	1.1601249466009 0.03220706034341	1.1600718898288 0.032197782912394
1370582233.0863	1.160224 0.032438	-0.01774932392328 0.0091637388984997	0 0	-0.0012422189567456 0.0017229239989675	1.1601260609917 0.032358707693931	1.1600846536932 0.032416138493897
1370582233.1187	1.161332 0.032948	0.03418154614259 0.015733383152274	0 0	0.0013689858391488 0.0063109258281981	1.1605147699296 0.032780625282949	1.1605604027909 0.032990989477222
1370582233.1526	1.162533 0.032382	0.035400567155788 -0.016683364704559	0 0	0.0052378535934743 0.0016515490466358	1.1612261765054 0.032604640717341	1.1614007716252 0.032659692352229
1370582233.186	1.16079 0.032153	-0.052159101832894 -0.0068528022488424	0 0	0.0039202605177276 -0.0026177677539813	1.1611885830671 0.032317618756975	1.1613192584177 0.032230359831842
1370582233.2191	1.169403 0.033491	0.26039240531949 0.04045106679641	0 0	0.020318074702779 0.0091180676710474	1.1640635599201 0.033138980675597	1.1647408290768 0.033442916264632
1370582233.2522	1.168753 0.033243	-0.019645876689823 -0.007495657567809	0 0	0.02832277593503 0.008185300375024	1.1660978436041 0.033347457316115	1.1670419361353 0.033620300661949
1370582233.2862	1.171305 0.033505	0.075135924526186 0.0077137978941457	0 0	0.036826769884175 0.0079943747869145	1.168482739994 0.033583532766794	1.1697102989902 0.033850011926358
1370582233.3271	1.169363 0.033057	-0.047417820489239 -0.010938817497002	0 0	0.03599511525469 0.0014483577677483	1.1695860422045 0.033321262074499	1.1707858793797 0.033369540666758
1370582233.3544	1.167068 0.03278	-0.084208236127754 -0.010163695602348	0 0	0.028424393594718 -0.0040257414417036	1.1695156564161 0.032944812815576	1.1704631362026 0.032810621434186
1370582233.3865	1.169289 0.033331	0.069091071601277 0.017140558510717	0 0	0.026167304589339 2.2898668177039e-05	1.1700701741835 0.033144284879211	1.1709424176698 0.03314504816815
1370582233.4202	1.169486 0.03374	0.0058502105509102 0.012145868605697	0 0	0.023359784145044 0.004629859811604	1.1704545959618 0.033525433961372	1.1712332554333 0.033679762621758
1370582233.4532	1.170823 0.034044	0.040519844851005 0.009213188358045	0 0	0.022606158698341 0.0075329441078828	1.1710979878586 0.033916981165365	1.1718515264819 0.034168079302294
1370582233.4869	1.170488 0.034616	-0.0099362273090487 0.016965737375452	0 0	0.019961457582923 0.010946070522323	1.1713939477649 0.034451587378975	1.1720593296843 0.034816456396386
1370582233.5196	1.173757 0.035232	0.099838203037848 0.018813194576725	0 0	0.023430539194789 0.014647901521392	1.1726381627114 0.035107669025866	1.1734191806846 0.035595932409912
1370582233.5517	1.170814 0.034886	-0.091674180068175 -0.010777868264896	0 0	0.018080383727545 0.008369013160097	1.1725280028149 0.035100445556744	1.1731306822725 0.035379412662081
1370582233.5869	1.169305 0.033509	-0.042922957756603 -0.039168265626801	0 0	0.010108246296159 -0.0076071485657445	1.171820434041 0.034104505272626	1.1721573755842 0.033850933653768
1370582233.6197	1.169664 0.033757	0.010945453815903 0.0075612048644682	0 0	0.0050952929224314 -0.0088221861126446	1.1713095536582 0.033765486386107	1.1714793967556 0.033471413515686
1370582233.6542	1.175063 0.033806	0.15666000661367 0.0014218078021986	0 0	0.012291839647178 -0.0054563907157684	1.1726923113672 0.033725682633943	1.1731020393554 0.033543802943417
1370582233.6875	1.167851 0.034201	-0.21618084164487 0.011840187527693	0 0	0.0018579339540102 -0.0010258194400729	1.1713194489117 0.033930088779878	1.1713813800435 0.033895894798543
1370582233.7201	1.167112 0.033178	-0.022679212532287 -0.031394904493272	0 0	-0.0068353655644798 -0.0076547861935681	1.1699227316344 0.033380886977336	1.1696948861156 0.03312572743755
1370582233.7549	1.169377 0.033781	0.065155298168132 0.01734598004211	0 0	-0.0073524031078353 -0.0023528887328918	1.169593746056 0.033556554160716	1.1693486659524 0.033478124536286
1370582233.7876	1.172254 0.032765	0.088035402407523 -0.031089318333698	0 0	-0.0016646214411945 -0.0076735408625312	1.1703270380605 0.033032430583115	1.1702715506791 0.032776645887697
1370582233.8205	1.168406 0.033343	-0.11696777736549 0.017569484230056	0 0	-0.0053069355476737 -0.0033684009980162	1.169642910578 0.033134981243466	1.1694660127264 0.033022701210199
1370582233.8544	1.170164 0.032234	0.051757541778974 -0.03265023539982	0 0	-0.0040324756559804 -0.0096959964255629	1.1696979923572 0.03250659354232	1.169563576502 0.032183393661468
1370582233.8933	0 0	-30.130167752379 -0.82998265826857	0 0	-0.0040324756559804 -0.0096959964255629	1.169563576502 0.032183393661468	1.1694291606468 0.031860193780616
1370582233.9199	1.166776 0.03119	43.792904132511 1.1706623035553	0 0	-0.0040324756559804 -0.0096959964255629	1.1694291606468 0.031860193780616	1.1692947447916 0.031536993899764
1370582233.9551	1.167152 0.031119	0.010669424494792 -0.0020147051572616	0 0	0 0	1.167152 0.031119	1.167152 0.031119
1370582233.988	1.168654 0.031178	0.045667263071674 0.0017938538756515	0 0	0.045052820395294 0.0017701453938014	1.1686537771992 0.031178005495513	1.1701555378791 0.031237010341973
1370582234.0197	1.28707 0.045031	3.743782901904 0.43796973838059	0 0	0.045052820395294 0.0017701453938014	1.1701555378791 0.031237010341973	1.1716572985589 0.031296015188433
1370582234.0546	1.409432 0.052661	3.5003643844496 0.21826858218524	0 0	0.045052820395294 0.0017701453938014	1.1716572985589 0.031296015188433	1.1731590592387 0.031355020034894
1370582234.0909	1.225054 0.032375	-5.0813941974637 -0.55907517539917	0 0	0.045052820395294 0.0017701453938014	1.1731590592387 0.031355020034894	1.1746608199186 0.031414024881354
1370582234.1224	1.185997 0.033123	-1.238644522536 0.023721896276133	0 0	0 0	1.185997 0.033123	1.185997 0.033123
1370582234.1563	1.184723 0.030753	-0.037616546612884 -0.069977406179384	0 0	-0.038214026589203 -0.071099027048536	1.1847231851019 0.030753006362072	1.1834493842156 0.028383038793788
1370582234.1887	0 0	-36.511641913003 -0.94776797930872	0 0	-0.038214026589203 -0.071099027048536	1.1834493842156 0.028383038793788	1.1821755833293 0.026013071225503
1370582234.2233	1.17399 0.031081	34.012826829683 0.90047842885661	0 0	-0.038214026589203 -0.071099027048536	1.1821755833293 0.026013071225503	1.180901782443 0.023643103657219
1370582234.2563	1.174954 0.031139	0.029220994839921 0.0017581096480451	0 0	0 0	1.174954 0.031139	1.174954 0.031139
1370582234.2891	0 0	-35.798913722957 -0.94875405711131	0 0	0 0	1.174954 0.031139	1.174954 0.031139
1370582234.3234	1.170815 0.032025	34.066026872373 0.93179922582793	0 0	0 0	1.174954 0.031139	1.174954 0.031139
1370582234.3565	0 0	-35.446982328026 -0.96957214338304	0 0	0 0	1.174954 0.031139	1.174954 0.031139
1370582234.3927	1.173541 0.032853	32.403065800757 0.90711608776538	0 0	0 0	1.174954 0.031139	1.174954 0.031139
1370582234.4325	1.172263 0.031389	-0.032075063799229 -0.036743265572829	0 0	0 0	1.172263 0.031389	1.172263 0.031389
1370582234.4556	1.173685 0.031403	0.061673287504655 0.00060719129751417	0 0	0.042653145591605 0.00042015909375548	1.1736847871592 0.031403005457184	1.1751065586789 0.031417010760309
1370582234.4892	1.172091 0.032031	-0.047399313553257 0.018674259041056	0 0	0.0057342198194842 0.010841879056686	1.1726846412073 0.031947026504158	1.172875781868 0.032308422472714
1370582234.5226	1.177858 0.030881	0.17265450733059 -0.034429111050836	0 0	0.039192366517775 -0.0051451895657976	1.1761108000869 0.031223415665322	1.1774172123041 0.031051909346462
1370582234.5594	1.179269 0.03254	0.038348698810946 0.045088937864896	0 0	0.047574392942973 0.0088316667203701	1.1784428697515 0.032114169935833	1.1800286828496 0.032408558826512
1370582234.5916	1.172738 0.032473	-0.20302088851008 -0.002082743765147	0 0	0.024097253200381 0.0083322335616835	1.176553864003 0.03241096985157	1.1773571057764 0.032688710970293
1370582234.626	1.179329 0.03104	0.1916826097725 -0.041675190381429	0 0	0.028952519902528 -0.0048399079773842	1.1781893520435 0.031605732888465	1.1791544360402 0.031444402622552
1370582234.6583	1.173606 0.032958	-0.17716699480397 0.059375554085971	0 0	0.016841513788544 0.0065897460862768	1.1770046857457 0.032405002404299	1.1775660695386 0.032624660607175
1370582234.6897	1.186254 0.029751	0.40272348866975 -0.10211371190417	0 0	0.034120974868161 -0.015353777333394	1.1807187469035 0.03079646312437	1.1818561127324 0.03028467054659
1370582234.7246	1.173782 0.030812	-0.3572423837029 0.03039080894073	0 0	0.018244956602918 -0.012372991965486	1.1790051871249 0.030568414168317	1.179613352345 0.0301559811028
1370582234.7571	1.179622 0.032311	0.17984651287096 0.046162658012599	0 0	0.018666692508255 0.0051462627083339	1.179645342191 0.031577775582322	1.1802675652746 0.0317493176726
1370582234.79	1.179433 0.030378	-0.0057361427517039 -0.058666475867958	0 0	0.016861064486999 -0.0061452766061515	1.1799801685816 0.030836350575824	1.1805422040645 0.030631508022285
1370582234.8251	1.172816 0.032984	-0.18866341892636 0.074302080961477	0 0	0.0021614577604857 0.011719231222936	1.1779596105151 0.032118917705888	1.1780316591071 0.032509558746652
1370582234.8603	1.184146 0.031039	0.32199604509974 -0.05527646140503	0 0	0.013882238642669 0.00077838209106501	1.1800664573968 0.031592929556593	1.1805291986849 0.031618875626296
1370582234.8981	1.187417 0.029328	0.086367529219206 -0.045177267653336	0 0	0.027094737703726 -0.016724274689661	1.1828238506017 0.030163969457896	1.1837270085251 0.029606493634907
1370582234.9253	1.181249 0.031746	-0.22704744540691 0.08900789931808	0 0	0.022584093384516 0.00025047201300865	1.1829217558611 0.03099921651471	1.183674558974 0.03100756558181
1370582234.9585	1.173183 0.032169	-0.24305460129892 0.012746354618081	0 0	0.0017463995946399 0.0079699914528721	1.1801116382634 0.031684028604734	1.1801698515832 0.031949694986496
1370582234.9913	1.161614 0.031968	-0.3528959795203 -0.0061312206658812	0 0	-0.035881311258743 0.0049889445710221	1.1737786868164 0.031796979231286	1.1725826431077 0.031963277383654
1370582235.0238	1.171291 0.030006	0.29727816577678 -0.060272787150359	0 0	-0.038717167870708 -0.011207243016511	1.1721415780611 0.030659391049481	1.1708510057987 0.030285816282264
1370582235.0585	1.186119 0.030106	0.42833330839267 0.0028886789074229	0 0	-0.0086868441003164 -0.010255874556181	1.175944480404 0.030291933655251	1.175654918934 0.029950071170045
1370582235.0915	1.17932 0.0311	-0.20563664411546 0.030063659986876	0 0	-0.0011823897892181 -0.00029898155316088	1.1769075713462 0.03074248538166	1.1768681583532 0.030732519329888
1370582235.1262	1.177545 0.031362	-0.051188382918155 0.0075556937039762	0 0	0.00027511499001919 0.0049343628865566	1.1771041458905 0.031154741839581	1.1771133163902 0.031319220602466
1370582235.159	1.17576 0.030257	-0.054369422888395 -0.033657261788051	0 0	-0.0025816124165698 -0.0039356820092022	1.1766480357048 0.030605117976706	1.1765619819576 0.030473928576399
1370582235.192	1.161724 0.031237	-0.42499567537286 0.029673394262283	0 0	-0.032510798355011 -0.00013129730818394	1.1714599728415 0.030852445306532	1.170376279563 0.030848068729592
1370582235.2257	1.156162 0.03149	-0.16535457034512 0.0075215221678018	0 0	-0.06125254042355 0.0027678353708314	1.1654846394452 0.031150309614516	1.1634428880978 0.031242570793544
1370582235.2592	1.173927 0.031486	0.52979018344188 -0.00011928852990521	0 0	-0.040402904884402 0.0064860917236819	1.1669696856693 0.031493199264275	1.1656229221732 0.031709402321731
1370582235.2923	1.176351 0.030418	0.073166468015285 -0.032236711155249	0 0	-0.019273636586197 -0.002325795516529	1.1692259822424 0.030945123865357	1.1685835276895 0.030867597348139
1370582235.3268	1.184918 0.030489	0.2487942169262 0.0020619107507598	0 0	0.012910029067382 -0.0027956742891186	1.1740433737377 0.030754007034008	1.17447370804 0.030660817891037
1370582235.3672	1.177251 0.029935	-0.18978717528815 -0.013713590075602	0 0	0.01834503650259 -0.0082695889118894	1.1754093757891 0.030202865183897	1.1760208770059 0.029927212220168
1370582235.3933	1.173211 0.029341	-0.15491427516159 -0.022776999862867	0 0	0.012632332403089 -0.013487729134772	1.1750608683758 0.029516140213576	1.1754819461226 0.029066549242417
1370582235.4261	1.1775 0.030434	0.13076140735895 0.033322969979793	0 0	0.01688010393134 -0.0020354033920855	1.1761796141486 0.029986399569814	1.1767422842796 0.029918552790078
1370582235.4585	1.16778 0.032531	-0.299612958529 0.064638721608572	0 0	-0.00062902480485182 0.017831319381983	1.1737187293982 0.031571357541687	1.1736977619047 0.03216573485442
1370582235.4923	1.174414 0.03163	0.1964876757337 -0.026686071123916	0 0	0.00071332119740232 0.013580433640564	1.1739364309297 0.031817985476268	1.1739602083029 0.032270666597621
1370582235.5255	1.169851 0.032561	-0.13710882211094 0.027974646808084	0 0	-0.0074716837654625 0.015253853102697	1.1725649483655 0.032425963150364	1.17231589224 0.032934424920454
1370582235.5586	1.174413 0.031297	0.13808383318299 -0.038259089246668	0 0	-0.0035398267779645 0.0022435222655922	1.17301680617 0.031869953313722	1.172898811944 0.031944737389242
1370582235.5936	1.17078 0.032535	-0.10388253955442 0.035399555179842	0 0	-0.0076746261238334 0.0067050798271996	1.1721855884369 0.032316703406506	1.1719297675661 0.032540206067413
1370582235.6263	1.174306 0.030789	0.10761512307715 -0.053288713809614	0 0	-0.0031852003951472 -0.0071926886782159	1.1727264563633 0.031402144631286	1.1726202830168 0.031162388342012
1370582235.6601	1.167657 0.032377	-0.19654195271085 0.0469406859535	0 0	-0.012935683920677 0.0019015115303692	1.1709427669211 0.03192361180706	1.1705115774571 0.031986995524739
1370582235.6943	1.172928 0.031306	0.15422193036769 -0.031335930074711	0 0	-0.0082171233818401 -0.0032582149892674	1.1713251658667 0.031557430492725	1.1710512617539 0.031448823326416
1370582235.7273	1.171998 0.030488	-0.028215051971439 -0.024817110228645	0 0	-0.0064661807793833 -0.010954878509474	1.1713668930493 0.030820456009526	1.17115135369 0.030455293392544
1370582235.7598	1.173924 0.032447	0.059312829974225 0.060329093416154	0 0	-0.00054754902102394 0.0057641301230774	1.1721177587205 0.031797329840504	1.1720995070865 0.031989467511273
1370582235.7926	1.174813 0.031314	0.027038441361811 -0.034459565875059	0 0	0.0047610775610199 0.00070080946556999	1.1730131445641 0.031565933191625	1.1731718471495 0.031589293507144
1370582235.8351	1.172977 0.033173	-0.043228596295053 0.043770130998091	0 0	0.0046826868023473 0.013592386701603	1.1731277363032 0.032635872905178	1.1732838258633 0.033088952461898
1370582235.8606	1.172148 0.033161	-0.032517329243429 -0.00047069716637045	0 0	0.0024226535903993 0.013984130392406	1.1728988663563 0.033126249320261	1.172979621476 0.033592387000008
1370582235.8945	1.174546 0.032744	0.070800156214587 -0.012311786964755	0 0	0.0054051321767982 0.0073338469657849	1.1735034011555 0.033045495595601	1.173683572228 0.033289957161127
1370582235.929	1.17507 0.031626	0.015174404993198 -0.032375925157246	0 0	0.0079174867581177 -0.0060038565663604	1.1741443784339 0.032201262368993	1.1744082946592 0.032001133816781
1370582235.9609	1.176199 0.031671	0.035392986352151 0.0014107036189963	0 0	0.011431571957104 -0.0083948527735309	1.1750113033035 0.031798434690911	1.1753923557021 0.031518606265126
1370582235.9951	1.173548 0.031364	-0.077432675501576 -0.0089671185888283	0 0	0.0077197838456031 -0.0099620387484794	1.1747650837155 0.031400328869138	1.1750224098436 0.031068260910855
1370582236.028	1.179585 0.033389	0.18346831999884 0.061541054828168	0 0	0.017237137033978 0.0096969382459449	1.1765944747786 0.032640965762873	1.1771690460131 0.032964197037738
1370582236.06	1.172181 0.032763	-0.23175094638807 -0.019594285850746	0 0	0.0072078241264219 0.0071993115564185	1.1754695532741 0.032785722558373	1.1757098140783 0.033025699610254
1370582236.0945	1.174469 0.031278	0.066290203169254 -0.043024891480044	0 0	0.0044808867296086 -0.0072563515411714	1.1752825584566 0.031859171586727	1.1754319213476 0.031617293202021
1370582236.127	1.173732 0.031265	-0.022712559408086 -0.0004006285920015	0 0	0.0010291462204638 -0.010412484588641	1.174852690474 0.031369561758003	1.174886995348 0.031022478938381
1370582236.1612	1.179425 0.033424	0.16609285128405 0.062988664310954	0 0	0.010520578653521 0.0099059578720063	1.1764528026414 0.032648454653765	1.1768034885965 0.032978653249499
1370582236.1955	1.177864 0.032833	-0.045573759215946 -0.017254382893418	0 0	0.012607718532716 0.0089008969923329	1.1771608688731 0.032891903413263	1.1775811261576 0.033188599979674
1370582236.2282	1.174356 0.032822	-0.1071444997779 -0.00033597192062638	0 0	0.0060962682159106 0.0053576806353128	1.1764824156648 0.032916722891759	1.1766856246053 0.03309531224627
1370582236.2617	1.172414 0.03274	-0.058077693017416 -0.0024523021768426	0 0	-0.002515498346431 0.0017226033588057	1.1752299612374 0.032821513631534	1.1751461112925 0.032878933743494
1370582236.2983	1.175444 0.031689	0.082603678340219 -0.028652298988638	0 0	-0.0021030180142775 -0.0079275335076279	1.1752404964548 0.032094957801532	1.1751703958544 0.031830706684611
1370582236.3314	1.175444 0.031689	0 0	0 0	-0.0015806374373462 -0.0090371683319173	1.1752618938371 0.031739363103852	1.1752092059226 0.031438124159454
1370582236.3612	1.173445 0.033479	-0.067118802552049 0.060101378973575	0 0	-0.0047028289475403 0.0073066807187504	1.174639737889 0.032772541838461	1.1744829769241 0.03301609786242
1370582236.3951	1.178918 0.030799	0.16167500645842 -0.079168466528154	0 0	0.0038174210313565 -0.010015927643748	1.1759742899794 0.031589234715166	1.1761015373471 0.031255370460374
1370582236.4302	1.176028 0.033794	-0.082342933536216 0.085334631813488	0 0	0.0042028101418363 0.010657907246236	1.1761180928726 0.032933864108114	1.176258186544 0.033289127682989
1370582236.4625	1.17678 0.033709	0.023230637736234 -0.0026258034675268	0 0	0.0053193512441599 0.014168329341049	1.1764393151892 0.033571511098196	1.1766166268974 0.034043788742897
1370582236.4949	1.170816 0.033938	-0.18417768541956 0.0070718796044736	0 0	-0.0063394289329471 0.012274477232886	1.1746384737636 0.033919173026931	1.1744271594658 0.034328322268027
1370582236.5278	1.173778 0.032862	0.090096078438195 -0.032729027818873	0 0	-0.0078700705447409 0.00020114614353966	1.1741987740869 0.033352741986424	1.1739364384021 0.033359446857876
1370582236.5626	1.17333 0.033654	-0.012862088218383 0.022738334528927	0 0	-0.0090271158065942 0.0024978585057701	1.1737338905926 0.033548719674026	1.1734329867324 0.033631981624218
1370582236.5977	1.174112 0.034441	0.022327440933413 0.022470199507154	0 0	-0.0075146709295843 0.0092189960005625	1.173672852228 0.034173536042564	1.173422363197 0.034480835909249
1370582236.6291	1.174028 0.031765	-0.0026699723091605 -0.085057689277568	0 0	-0.0066725999161401 -0.012838098043773	1.1736230114182 0.032688442410143	1.173400591421 0.032260505808684
1370582236.6634	1.175202 0.033413	0.034245407479015 0.048071917824034	0 0	-0.0028597364744196 -0.0031268313547602	1.1740246349584 0.033039126695416	1.1739293104092 0.032934898983591
1370582236.6965	1.180738 0.031428	0.16721036217909 -0.059955305080474	0 0	0.010429511760522 -0.014251862478313	1.1762151822083 0.031998520642231	1.1765628326003 0.031523458559621
1370582236.7302	1.15946 0.031173	-0.6319581971081 -0.0075735191400773	0 0	-0.024387097760516 -0.02000813958821	1.1706556137858 0.031140788557648	1.1698427105271 0.030473850571375
1370582236.7641	1.142861 0.033043	-0.48937379342921 0.055131573812436	0 0	-0.07944191512685 -0.0035360387873212	1.1604526608498 0.031940159932176	1.1578045970123 0.031822291972599
1370582236.805	1.113692 0.030798	-0.71303730235865 -0.054879109458507	0 0	-0.17279904730918 -0.019859111879099	1.1420377511343 0.030738537218148	1.1362777828907 0.030076566822178
1370582236.8295	1.091767 0.029459	-0.89533750559829 -0.054679905130951	0 0	-0.26832820220475 -0.032863785983817	1.1202325372808 0.029273392132295	1.111288263874 0.028177932599501
1370582236.8638	1.076701 0.031581	-0.43887172408429 0.061813739446891	0 0	-0.34242420057209 -0.010029797627095	1.0988630857017 0.030167398021132	1.0874489456826 0.029833071433562
1370582236.8958	1.06044 0.030452	-0.50918711528526 -0.03535282289878	0 0	-0.40149125876659 -0.0096590841696522	1.0776704088137 0.030006790668207	1.0642873668548 0.029684821195885
1370582236.9295	1.038699 0.030673	-0.64339946845035 0.0065402365359242	0 0	-0.45852196783297 -0.0058842420992671	1.0549157498173 0.030120841156961	1.0396316842229 0.029924699753652
1370582236.9628	1.019248 0.028763	-0.58460518300574 -0.057405578095777	0 0	-0.50504917874859 -0.020080340224683	1.0320952815092 0.028931322483005	1.0152603088842 0.028261977808849
1370582236.9958	0.999085 0.030526	-0.61176035555555 0.053490725925926	0 0	-0.54195518898699 -0.002934907252222	1.0092636080092 0.029680764299085	0.99119843504296 0.029582934057344
1370582237.0311	0.980848 0.029931	-0.51604310987877 -0.016836412259575	0 0	-0.56620250142968 -0.0018783127671708	0.98731774671769 0.0297236967204	0.96844433000337 0.029661086294828
1370582237.064	0.963131 0.028226	-0.53959223305934 -0.05192779575358	0 0	-0.57913995697623 -0.01619713499267	0.96643008285386 0.028595820952413	0.94712541762132 0.028055916452657
1370582237.0985	0.943263 0.029961	-0.57488483923976 0.050202596943879	0 0	-0.58804256407282 0.00076348656573659	0.94568462979201 0.029369619442687	0.92608321098958 0.029395068994879
1370582237.1316	0.907691 0.027847	-1.0738741714746 -0.063819014913341	-1.178328 -0.022189	-0.63477533935709 -0.017970917068969	0.9188494861626 0.028091417129118	0.89769030818403 0.027492386560152
1370582237.1641	0.860104 0.027257	-1.4663763055086 -0.018180637994622	-0.942662 -0.017751	-0.73452148783579 -0.028794644450651	0.88234852135156 0.0269252431561	0.85786447175703 0.025965421674412
1370582237.1982	0.843835 0.027258	-0.4773229324417 2.9339414373482e-05	-0.75413 -0.014201	-0.77157105284369 -0.019197626743454	0.85222253636603 0.026763256373046	0.82650350127124 0.026123335481597
1370582237.2317	0.825697 0.028687	-0.54046423336009 0.042580405197462	-0.603304 -0.011361	-0.77299351025652 0.0064865817629474	0.82622658098273 0.028006217614719	0.80046013064084 0.028222437006818
1370582237.267	0.814535 0.028933	-0.31686726304747 0.006983456970944	-0.482643 -0.009089	-0.73427505359998 0.017371265974542	0.80613152093421 0.028918228450463	0.78165568581421 0.029497270649615
1370582237.3041	0.797609 0.028058	-0.45519578294574 -0.023531626496368	-0.386114 -0.007271	-0.69011683247722 0.0067445420208282	0.78811704269536 0.028614853754601	0.76511314827946 0.028839671821961
1370582237.3316	0.776729 0.028325	-0.76021100094617 0.0097210889488806	-0.308892 -0.005817	-0.65703178892064 0.0045575351907335	0.76989459198609 0.028598031804325	0.7479935323554 0.028749949644016
1370582237.3647	0.759057 0.029071	-0.53438405456184 0.022558312851015	-0.247113 -0.004653	-0.62469903192791 0.011136877905135	0.7525996147097 0.029138032227599	0.73177631364544 0.029509261491104
1370582237.4002	0.743373 0.030035	-0.4410823578761 0.027110647347141	-0.197691 -0.003723	-0.59020067342484 0.020294125679399	0.73663682759635 0.030069898197448	0.71696347181552 0.030746369053428
1370582237.4324	0.719634 0.030397	-0.73897922379729 0.011268818358592	-0.158152 -0.002978	-0.58219667093288 0.017366502187638	0.71809496264649 0.030517539608274	0.69868840694872 0.031096423014529
1370582237.4655	0.696591 0.030667	-0.69610027852842 0.008156363112558	-0.158152 -0.002978	-0.5889179567836 0.011915490252054	0.69777266051792 0.030732941580261	0.67814206195847 0.031130124588663
1370582237.4992	0.673415 0.031281	-0.68787594737997 0.018223844998762	-1.162923 0.01334	-0.60403023100561 0.011885552511846	0.67607170198098 0.0311717901938	0.65593736094746 0.031567975277528
1370582237.5332	0.616746 0.029513	-1.6625887534869 -0.051870633259188	-0.930338 0.010672	-0.74127944291511 -0.027077057398529	0.63752044238848 0.029290702796073	0.61281112762464 0.028388134216122
1370582237.5662	0.590899 0.030061	-0.78376355905148 0.016617109543088	-0.74427 0.008537	-0.81844179014001 -0.016257698647434	0.60259002182389 0.029352493352796	0.57530862881922 0.028810570064548
1370582237.6005	0.587692 0.032528	-0.093676060839043 0.072060755250989	-0.595416 0.00683	-0.77250433370749 0.034017780007883	0.58105630954418 0.032026494121375	0.55530616508727 0.033160420121637
1370582237.632	0.561027 0.032602	-0.84433241603189 0.0023431689025448	-0.476333 0.005464	-0.75154522040621 0.029955313233834	0.55797611252567 0.032822426181193	0.5329246051788 0.033820936622321
1370582237.6656	0.548491 0.032403	-0.37387417743805 -0.0059349841504603	-0.381066 0.004371	-0.69362672453771 0.020241150549641	0.54018825863886 0.032986195701521	0.51706736782093 0.033660900719843
1370582237.7085	0.532715 0.033536	-0.36745637851105 0.026389964303564	-0.304853 0.003497	-0.63325324899198 0.027034242846594	0.52448466908404 0.033904485417825	0.50337622745098 0.034805626846044
1370582237.732	0.512867 0.034152	-0.84456270459572 0.026211740529573	-0.304853 0.003497	-0.59587782484118 0.024133326748814	0.50794171111971 0.034486063335391	0.48807911695833 0.035290507560351
1370582237.7682	0.497829 0.033711	-0.41497926583461 -0.012169560861356	-1.095165 0.014653	-0.55729136679335 0.0095881597988718	0.49277817070851 0.034207422792032	0.4742017918154 0.034527028118661
1370582237.7983	0.467359 0.034103	-1.0152964677656 0.013061904015889	-0.876132 0.011722	-0.58689812245931 -0.00029175436595955	0.47072392063797 0.033997793657592	0.45116064988933 0.03398806851206
1370582237.8315	0.444702 0.033395	-0.68061124961862 -0.02126816280752	-0.700905 0.009378	-0.61588378967842 -0.012513740774412	0.44783186935635 0.033318380378423	0.4273024097004 0.032901255685943
1370582237.8653	0.396786 0.03241	-1.4176378879711 -0.02914210951773	-0.560724 0.007502	-0.76391762387624 -0.041133753350559	0.4105177688913 0.031656295652981	0.38505384809542 0.030285170541295
1370582237.8987	0.357906 0.030928	-1.1660591595341 -0.044447008087179	-0.560724 0.007502	-0.90373811133031 -0.052892602675941	0.36967308187231 0.030099141879291	0.3395484781613 0.028336055123426
1370582237.9323	0.342831 0.030353	-0.44826189119061 -0.017097883080239	-1.086805 -0.009792	-0.88457024420977 -0.020769409001658	0.34144407592765 0.030218949811712	0.31195840112066 0.029526636178324
1370582237.9663	0.333134 0.031377	-0.28550886868134 0.030149642315117	-0.869444 -0.007833	-0.76780638713409 0.024724909753509	0.32379419673111 0.031844769220891	0.29820065049331 0.032668932879341
1370582237.9992	0.318178 0.030473	-0.45456200044927 -0.027475531452671	-0.695555 -0.006267	-0.65751928552514 0.0097090221794219	0.3094246479579 0.031341475662967	0.28750733844039 0.031665109735615
1370582238.0341	0.300789 0.030442	-0.4984367359134 -0.00088858121877712	-0.556444 -0.005013	-0.58123803877561 0.0035620977294236	0.2951477210791 0.031004398902682	0.27577311978658 0.031123135493663
1370582238.0654	0.280762 0.030613	-0.63957579192301 0.0054610006700372	-0.445155 -0.004011	-0.55138212366484 0.00067006575585846	0.27871616858722 0.030834622816132	0.26033676446506 0.030856958341327
1370582238.0994	0.256531 0.029723	-0.71170994554622 -0.026140970308123	-0.356124 -0.003208	-0.57721480400608 -0.020941943466389	0.25794831536938 0.029680752443739	0.23870782190251 0.028982687661526
1370582238.1321	0.232336 0.02925	-0.73995541419665 -0.014465753705932	-1.26307 -0.012369	-0.62049762255484 -0.023785688914796	0.23468021630677 0.028989761248369	0.21399696222161 0.028196904951209
1370582238.1661	0.208442 0.02945	-0.70261855195042 0.0058811295886031	-1.010456 -0.009895	-0.65936750240241 -0.010292391144222	0.21042863921403 0.02913874050829	0.18844972246728 0.028795660803483
1370582238.2004	0.166258 0.028054	-1.2304326233232 -0.040718849377943	-0.808365 -0.007916	-0.84361569143617 -0.051697851318293	0.17259288503796 0.027170797987273	0.14447236199009 0.025447536276664
1370582238.2341	0.127627 0.02669	-1.1453646658844 -0.040441029335671	-1.497206 -0.028314	-0.99865474468141 -0.055631148350606	0.13180590673614 0.025878464020442	0.098517415246763 0.024024092408755
1370582238.2669	0.103053 0.025012	-0.74987323843406 -0.051204008061054	-1.197765 -0.022652	-0.94992390433983 -0.031314074456582	0.10209520906711 0.025193784826256	0.070431078922445 0.02414998234437
1370582238.301	0.079661 0.024509	-0.68719205995489 -0.014776744449269	-0.958212 -0.018121	-0.84381165532326 -0.0089291223748833	0.077949329497457 0.024980329129089	0.049822274320015 0.024682691716593
1370582238.3327	0.048972 0.025828	-0.96758646823673 0.041586449594455	-1.414713 -0.020835	-0.85214691066572 0.0087785565117879	0.049172669151842 0.025712522592181	0.020767772129652 0.026005141142574
1370582238.3662	0.044447 0.025049	-0.13484543723534 -0.023214275272118	-1.13177 -0.016668	-0.52181799499726 0.04656129633045	0.041230560490995 0.026725052230194	0.02383662732442 0.028277095441209
1370582238.4004	0.069074 0.023032	0.72131062839904 -0.059076766860798	-0.905416 -0.013334	0.032990644215398 0.057115778221939	0.058242563360187 0.026436920643581	0.0593422515007 0.028340779917646
1370582238.4336	0.088604 0.020077	0.58727833785005 -0.088858550350583	-0.724333 -0.010667	0.3470656954216 -0.034995828562171	0.080588045983815 0.021905955109809	0.092156902497868 0.02073942749107
1370582238.4682	0.097349 0.017806	0.25263584973758 -0.065607320154836	-0.579466 -0.008534	0.39828088596926 -0.078818388812556	0.095874782727566 0.018120557947948	0.10915081225987 0.015493278320863
1370582238.5031	0.100649 0.016082	0.094672424949214 -0.049459169882559	-0.463573 -0.006827	0.31132386516382 -0.079177006769834	0.10291348985135 0.01574089788771	0.11329095202348 0.013101664328716
1370582238.5381	0.103277 0.01362	0.074993576802444 -0.07025653960716	-0.370859 -0.005462	0.21003020732818 -0.080853515977236	0.10597280464261 0.013287477597122	0.11297381155354 0.010592360397881
1370582238.5678	0.106106 0.012002	0.095523080519732 -0.05463285411132	-0.296687 -0.004369	0.14217483567899 -0.062439389119961	0.10800556043889 0.011772065889933	0.11274472162819 0.0096907529192674
1370582238.6016	0.108062 0.009994	0.057736434244695 -0.059271349674514	-0.237349 -0.003496	0.095756741860098 -0.060742403524557	0.10935140621605 0.0098792245103061	0.11254329761139 0.0078544777261542
1370582238.6351	0.110571 0.008238	0.075000774958663 -0.052491574662181	-0.18988 -0.002796	0.07653692400344 -0.055262801536674	0.11112511082327 0.0081906816991386	0.11367634162339 0.0063485883145827
1370582238.6694	0.112909 0.006229	0.068139406955494 -0.058550927533614	-0.151904 -0.002237	0.06901065658431 -0.057741996816484	0.11312449441644 0.0062217871422733	0.11542484963592 0.0042970539150572
1370582238.7023	0.114972 0.003965	0.062699533727039 -0.06880840734756	-0.121523 -0.00179	0.064562967338643 -0.063723252249908	0.11510054196107 0.003970562069671	0.11725264087235 0.0018464536613407
1370582238.737	0.117352 0.001998	0.06861964956178 -0.056712122137824	-0.097218 -0.001432	0.065525980331358 -0.061046716462867	0.1173230204577 0.0019940018126056	0.11950721980208 -4.0888736156681e-05
1370582238.7697	0.11942 0.000149	0.063282073395299 -0.056580538543475	-0.077775 -0.001145	0.064689375782418 -0.057726765617469	0.11944418012905 0.00014332761525389	0.12160049265514 -0.0017808979053284
1370582238.8029	0.121082 -0.001663	0.049932548138704 -0.054439095804652	-0.06222 -0.000916	0.059776370326006 -0.055633521739705	0.12123217341857 -0.0016646334271624	0.1232247190961 -0.0035190841518193
1370582238.8358	0.122103 -0.003338	0.031076809753266 -0.050983013062409	0.624226 -0.266964	0.049177740122476 -0.052274255972231	0.12242845941894 -0.003335402095171	0.12406771742302 -0.0050778772942454
1370582238.8691	0.122929 -0.004844	0.024774353227213 -0.04516970455228	0.499381 -0.213571	0.038410385001088 -0.047876141435003	0.12325877557765 -0.0048394531439974	0.12453912174435 -0.0064353245251642
1370582238.9027	0.123501 -0.005486	0.017029925808146 -0.019114007637814	0.399505 -0.170857	0.028314754870995 -0.030961665193118	0.12379229714221 -0.0055039739719971	0.12473612230457 -0.0065360294784344
1370582238.9363	0.124202 -0.006686	0.020882894307326 -0.035748178557477	0.319604 -0.136685	0.023391836408068 -0.033358869664746	0.12436167977755 -0.0066735341976667	0.12514140765782 -0.0077854965198249
1370582238.97	0.125571 -0.007589	0.040619709790605 -0.026792986078098	0.255683 -0.109348	0.027288988182858 -0.030138630030471	0.12544007326548 -0.0076023801199036	0.1263497062049 -0.0086070011209193
1370582239.0027	0.125655 -0.008551	0.0025694207014243 -0.029425984699645	0.204546 -0.087479	0.020788573773942 -0.028798421735807	0.12585851907043 -0.0085403694698905	0.12655147152956 -0.009500316861084
1370582239.0354	0.126849 -0.008802	0.036529406440789 -0.0076791298296802	0.163637 -0.069983	0.023139376240665 -0.016824089899359	0.12674733323412 -0.008830928509925	0.12751864577548 -0.0093917315065703
1370582239.0709	0.127304 -0.009169	0.012798918360641 -0.01032352316122	0.13091 -0.055986	0.021018364102972 -0.012830079574678	0.12736324662112 -0.009172443951613	0.12806385875788 -0.0096001132707689
1370582239.1039	0.128947 -0.009195	0.049763801529474 -0.00078749777222539	0.104728 -0.044789	0.028910082334131 -0.0063142065534874	0.12867408590095 -0.0092257321205786	0.12963775531209 -0.0094362056723615
1370582239.1358	0.129656 -0.008629	0.02228705340628 0.017791921337031	0.083782 -0.035831	0.028640836808705 0.0076837701068522	0.12963791065709 -0.0086569263333874	0.13059260521738 -0.008400800663159
1370582239.1693	0.130847 -0.008602	0.03553963861439 0.00080568450259319	0.067026 -0.028665	0.031073054674416 0.004054888843473	0.130773575524 -0.0085995106578486	0.13180934401315 -0.0084643476963995
1370582239.2021	0.131235 -0.008214	0.011819574626324 0.011819574626324	0.053621 -0.022932	0.025706094811695 0.0086983341592637	0.13140470042429 -0.0082130397177859	0.13226157025135 -0.0079230952458104
1370582239.2362	0.131278 -0.008042	0.0012598498980138 0.0050393995920534	0.042896 -0.018346	0.016796339137607 0.0071389824170576	0.13157662876097 -0.0080217496335624	0.13213650673223 -0.0077837835529938
1370582239.2704	0.130945 -0.008451	-0.009748204413797 -0.011973019835564	0.034317 -0.014676	0.0062719060628047 -0.0038083047440974	0.13131578295816 -0.0084072089375019	0.13152484649358 -0.0085341524289718
1370582239.3036	0.130358 -0.008518	-0.017700538825982 -0.0020203340738344	0.027454 -0.011741	-0.0044147413538766 -0.0029055466583193	0.13070734982789 -0.0084982431785471	0.13056019178276 -0.0085950947338244
1370582239.3388	0.129636 -0.008441	-0.020487426514762 0.0021849471490812	0.021963 -0.009393	-0.012976678778514 0.00026275808050459	0.12990930538849 -0.0084303011477157	0.12947674942921 -0.0084215425450322
1370582239.3714	0.129227 -0.008638	-0.012536413858622 -0.0060383215896053	0.01757 -0.007514	-0.015152580273792 -0.0033584665732789	0.12930552104803 -0.0086261553138884	0.1288004350389 -0.0087381041996644
1370582239.4033	0.128915 -0.008653	-0.0097977946587006 -0.00047104782012981	0.014056 -0.006011	-0.014145392205923 -0.0019439631130455	0.12887932589491 -0.0086579408931252	0.12840781282138 -0.00872273966356
1370582239.4385	0.128805 -0.008519	-0.0031196646201282 0.0038003187190652	0.011245 -0.004809	-0.010599497351852 0.0013769865388602	0.12868305832274 -0.0085328902958189	0.12832974174434 -0.0084869907445235
1370582239.4737	0.128951 -0.008082	0.0041461967581624 0.012410191666554	0.008996 -0.003847	-0.0050905540794679 0.0080834680479768	0.12875921376708 -0.0081060326333493	0.1285895286311 -0.0078365836984168
1370582239.5091	0.129025 -0.008247	0.0020933048451492 -0.004667504046617	0.007197 -0.003078	-0.00087223960831356 0.00073001233079401	0.12890213095471 -0.0082404308650026	0.1288730563011 -0.0082160971206428
1370582239.5366	0.129315 -0.008332	0.010530058868343 -0.0030863965648591	0.005757 -0.002462	0.0032493990295371 -0.0015148267911456	0.12918469645502 -0.0083356294350121	0.12929300975601 -0.0083861236613836
1370582239.5698	0.129324 -0.008334	0.00027103546913985 -6.0230104253381e-05	0.004606 -0.00197	0.0035064888548554 -0.00062640560752539	0.12931383671311 -0.0083363103745789	0.12943071967494 -0.0083571905614964
1370582239.6034	0.129434 -0.008494	0.0032741025859377 -0.0047623310340912	0.003685 -0.001576	0.0036105954884197 -0.0030027508298752	0.12943548408972 -0.0084893714730602	0.12955583727267 -0.0085894631673894
1370582239.6377	0.129143 -0.008512	-0.0084822331994381 -0.00052467421852199	0.002948 -0.001261	-0.00022658151205456 -0.0014355837962676	0.12926487631703 -0.0085074157390364	0.12925732359996 -0.0085552685322453
1370582239.6712	0.12925 -0.0084	0.0032010051710733 0.0033505848519647	0.002358 -0.001009	-0.00037667385122123 0.0012637355445857	0.12924957227254 -0.0084051680321575	0.12923701647749 -0.0083630435140047
1370582239.7048	0.129008 -0.00817	-0.0071918996698171 0.0068352765456941	0.001887 -0.000807	-0.0025822910739304 0.0047356396151645	0.12907325905674 -0.0081727026460494	0.12898718268761 -0.0080148479922106
1370582239.7383	0.129438 -0.008482	0.012823972866701 -0.0093048361265367	0.001509 -0.000645	0.0018092716044065 -0.0036133657688084	0.12931158918709 -0.008473867691157	0.12937189824057 -0.0085943132167839
1370582239.7719	0.129435 -0.008179	-8.9320328804553e-05 0.0090213532092508	0.001207 -0.000516	0.0021738739715991 0.0035626582750142	0.12940959916435 -0.0081941991131139	0.12948206163007 -0.0080754438372801
1370582239.8053	0.129375 -0.00847	-0.0018003365192012 -0.0087316321181251	0.000966 -0.000413	0.0014028825662932 -0.0032288865507136	0.12941432257715 -0.0084546155211748	0.12946108532936 -0.0085622450728652
1370582239.8386	0.129213 -0.008411	-0.0048584408709019 0.0017694321690322	0.000773 -0.00033	-0.00095800433271366 -0.00047095433333315	0.12928453743595 -0.0084118664752848	0.12925260395819 -0.0084275649530626
1370582239.8723	0.129411 -0.008176	0.005877992653148 0.0069764054216655	0.000618 -0.000264	0.00036653292145067 0.0038130773244069	0.12935955317963 -0.0081872302502732	0.12937177094368 -0.008060127672793
1370582239.9073	0.129232 -0.008518	-0.0051119748888446 -0.0097670134747765	0.000495 -0.000212	-0.00066997421859352 -0.0040601124726381	0.12928237212735 -0.0084998700810099	0.1292600396534 -0.0086352071634312
1370582239.9392	0.129188 -0.008415	-0.0013799941375293 0.0032304408219424	0.000396 -0.000169	-0.0014501247806224 -0.00019888590024491	0.12920580987419 -0.0084212579216087	0.1291574723815 -0.0084278874516169
1370582239.9723	0.129209 -0.008463	0.00063407781961091 -0.0014493207305397	0.000317 -0.000135	-0.00095763687599675 -0.00083605424465957	0.12919421516748 -0.0084626989451401	0.12916229393828 -0.0084905674199621
1370582240.0062	0.129446 -0.00814	0.0070018810303662 0.0095426479865323	0.000253 -0.000108	0.0014675208061342 0.0051009894700781	0.12935555701473 -0.0081566780479299	0.12940447437493 -0.007986645065594
1370582240.0394	0.129268 -0.008332	-0.0053569407037487 -0.0057782731186499	0.000203 -8.7e-05	0.00039572737259861 -0.00082236893004904	0.12931496913552 -0.0083178618598641	0.12932816004794 -0.0083452741575324
1370582240.073	0.12943 -0.008453	0.004824873235436 -0.0036037633425171	0.000162 -6.9e-05	0.0013889075598303 -0.0027464956514627	0.12940142652119 -0.0084510851142488	0.12944772343985 -0.0085426349692976
1370582240.1076	0.12912 -0.008493	-0.0089543495836971 -0.0011553999462836	0.00013 -5.5e-05	-0.0016510116152914 -0.001708773899918	0.12921693882515 -0.008488967743328	0.12916190510464 -0.0085459268733252
1370582240.1392	0.129157 -0.008469	0.0011709656457729 0.00075954528374493	0.000104 -4.4e-05	-0.0017375658290197 -0.00037070449965875	0.12915713249326 -0.0084715384930651	0.1290992136323 -0.0084838953097203
1370582240.1727	0.129207 -0.008388	0.0014919552659285 0.0024169675308045	8.3e-05 -3.5e-05	-0.00079790059779703 0.0012363814073294	0.12917314380534 -0.0083931295348008	0.12914654711874 -0.0083519168212231
1370582240.2059	0.129099 -0.00823	-0.0032505585120123 0.0047554467120181	6.6e-05 -2.8e-05	-0.0012984503527179 0.0033780958533781	0.12911120258058 -0.0082333392332655	0.12906792090216 -0.0081207360381529
1370582240.241	0.129238 -0.008519	0.0039634002909625 -0.008240450964663	5.3e-05 -2.3e-05	0.00048032054699371 -0.0036263868265351	0.12919453526394 -0.0085083548899767	0.12921054594884 -0.0086292344508612
1370582240.3067	0.129244 -0.008146	9.1303251834985e-05 0.0056760188224026	4.2e-05 -1.8e-05	0.00053864673418412 0.004745367537751	0.1292265645375 -0.0081629704453181	0.12924451942864 -0.0080047915273931
1370582240.341	0.129236 -0.00806	-0.00023308649110522 0.0025056797793786	3.4e-05 -1.5e-05	0.00048841778282918 0.0037912144449434	0.12923945018797 -0.0080579811196547	0.12925573078073 -0.0079316073048232
1370582240.3744	0.129282 -0.008433	0.0013779119281261 -0.01117306846067	2.7e-05 -1.2e-05	0.00099883935188899 -0.0049264118025335	0.12928351929535 -0.0084162906990059	0.12931681394041 -0.008580504425757
1370582240.407	0.129088 -0.008472	-0.0059438047013105 -0.0011948885739748	2.2e-05 -9e-06	-0.0011638759699319 -0.0029202985805787	0.12915441035746 -0.0084717101606404	0.1291156144918 -0.0085690534466597
1370582240.4414	0.129335 -0.00835	0.0071914998681086 0.0035520768579322	1.7e-05 -7e-06	0.00073524928770658 0.00076541971183531	0.12926566404455 -0.0083612414313263	0.12929017235414 -0.0083357274409318
1370582240.477	0.129122 -0.008233	-0.0059742726111588 0.0032816427019038	1.4e-05 -6e-06	-0.00086422472154682 0.002637296329165	0.12917052046858 -0.0082336461735507	0.12914171297786 -0.0081457362959119
1370582240.5145	0.129225 -0.008127	0.0027514317958913 0.0028315705860624	1.1e-05 -5e-06	-0.00010858547642482 0.0029193601435941	0.12919978142093 -0.0081290303266522	0.12919616190505 -0.0080317183218657
1370582240.5415	0.129275 -0.008527	0.0018483624184733 -0.014786899347788	9e-06 -4e-06	0.00088502308561156 -0.0057198780140877	0.12926083321585 -0.0085114132167798	0.12929033398537 -0.0087020758172493
1370582240.5749	0.129069 -0.008303	-0.0061772665293987 0.0067170276824525	7e-06 -3e-06	-0.001361180483666 0.0013258760735918	0.12912860143918 -0.0083127830723146	0.12908322875639 -0.0082685872031949
1370582240.6074	0.129215 -0.008446	0.0044919083086992 -0.0043996088229038	6e-06 -2e-06	-5.4842199900853e-05 -0.0018243449784557	0.12917877215954 -0.0084422318254317	0.12917694408621 -0.0085030433247136
1370582240.6415	0.129191 -0.008294	-0.00070306890073115 0.0044527697046314	5e-06 -2e-06	-3.559906066461e-05 0.0017972582516292	0.12918334616245 -0.0083013552892278	0.1291821595271 -0.0082414466808402
1370582240.676	0.129263 -0.008151	0.0020894327069435 0.00414984551518	4e-06 -2e-06	0.00066056537598351 0.0033253734226141	0.12923734482625 -0.0081554331728621	0.12925936367211 -0.0080445873921082
1370582240.7088	0.130232 -0.008465	0.029495979969664 -0.0095580368529149	3e-06 -1e-06	0.0097939908104439 -0.0044847177971593	0.12994673016857 -0.0084674388690865	0.13027319652892 -0.0086169294623252
1370582240.7422	0.15218 -0.007932	0.65687139079804 0.01595190683868	2e-06 -1e-06	0.19553367303529 -0.0034741684081819	0.14447887026655 -0.0083096978332253	0.15099665936773 -0.0084255034468314
1370582240.7762	0.152931 -0.007827	0.022091385577827 0.003088675746567	2e-06 -1e-06	0.21173665656273 0.0058849379895136	0.15228325528717 -0.0078806218756553	0.15934114383926 -0.0076844572760049
1370582240.8092	0.158246 -0.007942	0.1612913725093 -0.00348984155006	1e-06 -1e-06	0.20274757998038 0.0019776225562011	0.15862031686982 -0.0079145161611911	0.16537856953584 -0.0078485954093177
1370582240.841	0.158523 -0.007657	0.0087002464298819 0.0089515170848965	1e-06 -1e-06	0.14575901580811 0.0081821856998318	0.16080951520774 -0.0075692282463151	0.16566814906801 -0.0072964887229874
1370582240.8745	0.179299 -0.007701	0.61999459202709 -0.0013130420701383	1e-06 -0	0.2516336430565 -0.0042314452243346	0.1741717707665 -0.0078688375667456	0.18255955886838 -0.0080098857408901
1370582240.908	0 0	-5.360685686457 0.23024467772495	0 -0	0.2516336430565 -0.0042314452243346	0.18255955886838 -0.0080098857408901	0.19094734697026 -0.0081509339150346
1370582240.9424	0 0	0 0	0 -0	0.2516336430565 -0.0042314452243346	0.19094734697026 -0.0081509339150346	0.19933513507215 -0.0082919820891791
1370582240.9751	0 0	0 0	0 -0	0.2516336430565 -0.0042314452243346	0.19933513507215 -0.0082919820891791	0.20772292317403 -0.0084330302633235
1370582241.0086	0 0	0 0	0 -0	0.2516336430565 -0.0042314452243346	0.20772292317403 -0.0084330302633235	0.21611071127591 -0.008574078437468
