1371713821.519547 1.538681 -0.218200 -0.008860 -0.003409
1371713821.558158 1.530997 -0.216128 -0.016301 0.011949
1371713821.587254 1.538681 -0.218200 -0.005325 -0.004572
1371713821.621168 1.543935 -0.218102 0.010349 -0.012986
1371713821.654787 1.523394 -0.214560 -0.016962 0.025952
1371713821.687410 1.539485 -0.218878 -0.002440 -0.006179
1371713821.730350 1.527675 -0.217264 -0.014737 0.002003
1371713821.752192 1.539935 -0.219713 0.000244 -0.021161
1371713821.788714 1.537522 -0.218187 0.004024 -0.013308
1371713821.819558 1.542513 -0.217543 0.014236 -0.006266
1371713821.856971 1.545387 -0.218310 0.025963 -0.008433
1371713821.888208 1.540515 -0.218154 0.024183 -0.001794
1371713821.934412 1.541568 -0.218926 0.024161 -0.004104
1371713821.958449 1.534261 -0.218758 0.010238 0.002864
1371713821.991600 1.542321 -0.219996 0.014791 -0.009351
1371713822.028021 1.534056 -0.216820 0.000360 0.015443
1371713822.070753 1.545092 -0.219569 0.012052 -0.004818
1371713822.110549 1.532059 -0.217313 -0.004871 0.013257
1371713822.155584 1.540457 -0.218900 -0.000012 0.000112
1371713822.177484 1.538017 -0.219019 -0.001167 -0.004051
1371713822.211816 1.539228 -0.219303 0.000045 -0.007665
1371713822.246664 1.540369 -0.220020 0.002966 -0.012955
1371713822.278564 1.540903 -0.220853 0.005783 -0.017939
1371713822.315092 1.543770 -0.220206 0.011053 -0.013507
1371713822.344828 1.540515 -0.218154 0.007124 0.007747
1371713822.380630 1.539886 -0.219087 0.004652 0.008833
1371713822.414475 1.541940 -0.219870 0.006934 0.000652
1371713822.448526 1.534090 -0.218792 -0.006124 0.010334
1371713822.479234 1.539935 -0.219713 -0.003696 0.000877
1371713822.519513 1.539886 -0.219087 -0.002722 0.001070
1371713822.553189 1.535078 -0.216780 -0.011497 0.019712
1371713822.590456 1.542853 -0.218955 -0.001222 0.002153
1371713822.620620 1.536524 -0.219509 -0.004837 -0.004142
1371713822.651654 1.538176 -0.219648 -0.004586 -0.008139
1371713822.686603 1.534738 -0.217605 -0.011707 0.008041
1371713822.731407 1.531493 -0.216440 -0.021392 0.022271
1371713822.754521 1.543770 -0.220206 -0.002596 -0.011680
1371713822.790340 1.538552 -0.219845 -0.000090 -0.015979
1371713822.823904 1.540347 -0.220300 0.004391 -0.018385
1371713822.860354 1.540369 -0.220020 0.006538 -0.013148
1371713822.889383 1.534217 -0.219316 -0.003240 0.001291
1371713822.934194 1.543935 -0.218102 0.006135 0.007330
1371713822.957451 1.538207 -0.219249 0.004037 0.005189
1371713822.992010 1.538301 -0.218050 0.001695 0.011077
1371713823.030951 1.539295 -0.218442 0.002423 0.007615
1371713823.056926 1.542513 -0.217543 0.007522 0.008286
1371713823.095716 1.538830 -0.219797 0.006420 -0.005195
1371713823.132496 1.532307 -0.217841 -0.007783 0.008367
1371713823.158191 1.537265 -0.219946 -0.006526 -0.006412
1371713823.191095 1.537989 -0.219369 -0.005315 -0.007742
1371713823.225992 1.552097 -0.220580 0.019629 -0.024782
1371713823.261322 1.539810 -0.218121 0.012609 0.000493
1371713823.292642 1.545332 -0.219012 0.017909 0.000612
1371713823.327383 1.546853 -0.220455 0.024191 -0.009474
1371713823.360576 1.531671 -0.218172 -0.000583 0.015607
1371713823.397113 1.543852 -0.219154 0.004907 0.005778
1371713823.429003 1.540902 -0.219436 0.003494 0.001117
1371713823.460359 1.536657 -0.217814 -0.006093 0.012866
1371713823.495578 1.533042 -0.218039 -0.017496 0.015302
1371713823.529156 1.534801 -0.215878 -0.022484 0.025077
1371713823.559153 1.537265 -0.219946 -0.016512 -0.006098
1371713823.597230 1.524699 -0.217362 -0.036091 0.008896
1371713823.629581 1.529473 -0.215055 -0.040235 0.023094
1371713823.661562 1.540957 -0.218736 -0.018038 -0.010186
1371713823.695975 1.546938 -0.218386 0.006224 -0.022821
1371713823.735062 1.542072 -0.219233 0.014318 -0.023876
1371713823.763606 1.538830 -0.219797 0.013513 -0.019732
1371713823.806660 1.540847 -0.220136 0.015515 -0.017127
1371713823.831662 1.529357 -0.216537 -0.006044 0.020544
1371713823.870090 1.537522 -0.218187 -0.003715 0.013075
1371713823.899387 1.538552 -0.219845 0.001066 -0.004585
1371713823.933025 1.541449 -0.217932 0.006852 0.000168
1371713824.000913 1.536644 -0.217973 0.002708 0.005644
1371713824.034283 1.536551 -0.219160 0.000775 -0.001334
1371713824.105179 1.528565 -0.218242 -0.015043 0.008012
1371713824.134194 1.541424 -0.218262 -0.003085 -0.000475
1371713824.206378 1.538500 -0.220503 0.001895 -0.016178
1371713824.232498 1.525625 -0.216514 -0.020345 0.017347
1371713824.270999 1.535197 -0.217906 -0.015698 0.009201
1371713824.302339 1.539321 -0.220976 -0.002530 -0.019685
1371713824.335736 1.539348 -0.220626 0.004725 -0.024186
1371713824.370710 1.537265 -0.219946 0.004753 -0.014181
1371713824.406323 1.539363 -0.217582 0.006459 0.007300
1371713824.436223 1.539792 -0.220287 0.010975 -0.003739
1371713824.468535 1.533922 -0.218535 0.001826 0.009008
1371713824.506362 1.542605 -0.220767 0.012249 -0.009304
1371713824.535659 1.533922 -0.218535 0.001693 0.007236
1371713824.567675 1.533348 -0.217740 -0.006354 0.017551
1371713824.607095 1.536551 -0.219160 -0.004325 0.005550
1371713824.635504 1.537989 -0.219369 -0.000518 -0.002955
1371713824.670301 1.542605 -0.220767 0.010401 -0.018187
1371713824.706547 1.536551 -0.219160 0.005066 -0.004523
1371713824.744946 1.535141 -0.215983 -0.002941 0.024016
1371713824.769141 1.537265 -0.219946 -0.000182 0.001871
1371713824.812823 1.530303 -0.218305 -0.012115 0.008610
1371713824.835764 1.535820 -0.218607 -0.009726 0.002589
1371713824.870003 1.537265 -0.219946 -0.004317 -0.010494
1371713824.907285 1.538017 -0.219019 -0.000579 -0.007688
1371713824.938007 1.536496 -0.219858 0.000051 -0.009191
1371713824.973280 1.537265 -0.219946 0.001541 -0.008876
1371713825.007978 1.529723 -0.219214 -0.010914 0.003716
1371713825.040711 1.532901 -0.216401 -0.014852 0.023543
1371713825.070779 1.534261 -0.218758 -0.011446 0.009077
1371713825.104552 1.539792 -0.220287 0.001461 -0.013028
1371713825.139028 1.534985 -0.217976 -0.000602 0.000384
1371713825.173233 1.537300 -0.218334 0.002670 0.001515
1371713825.211452 1.538918 -0.218678 0.007807 -0.001620
1371713825.238941 1.534415 -0.217906 0.002694 0.006277
1371713825.277250 1.527675 -0.217264 -0.012315 0.017079
1371713825.307422 1.536551 -0.219160 -0.004852 -0.002346
1371713825.342213 1.532792 -0.217794 -0.007561 0.002347
1371713825.374540 1.538126 -0.217621 -0.000017 0.000712
1371713825.411012 1.529886 -0.217128 -0.008967 0.009459
1371713825.442813 1.534056 -0.216820 -0.007285 0.009304
1371713825.479417 1.526239 -0.217210 -0.018342 0.010127
1371713825.509129 1.534261 -0.218758 -0.010087 -0.008800
1371713825.545695 1.536551 -0.219160 -0.000737 -0.018703
1371713825.584711 1.526239 -0.217210 -0.013781 0.002369
1371713825.607172 1.538017 -0.219019 -0.000104 -0.011202
1371713825.641424 1.538681 -0.218200 0.009064 -0.008657
1371713825.674657 1.536964 -0.220606 0.013754 -0.019873
1371713825.708343 1.528937 -0.218438 0.000196 0.000861
1371713825.742446 1.534860 -0.219570 0.002479 -0.003465
1371713825.777948 1.537382 -0.218456 0.007051 0.001302
1371713825.807239 1.540340 -0.220393 0.016391 -0.011721
1371713825.845644 1.539348 -0.220626 0.019628 -0.014417
1371713825.876957 1.535225 -0.217557 0.011303 0.011724
1371713825.908394 1.529039 -0.217130 -0.004501 0.026875
1371713825.944944 1.527666 -0.218540 -0.015129 0.017809
1371713825.974909 1.523798 -0.216351 -0.029677 0.026800
1371713826.009185 1.530177 -0.216077 -0.026549 0.020309
1371713826.045541 1.536563 -0.219011 -0.009861 -0.011436
1371713826.084253 1.537989 -0.219369 0.003211 -0.024648
1371713826.110379 1.541882 -0.220617 0.018295 -0.034986
1371713826.148157 1.534860 -0.219570 0.013995 -0.018250
1371713826.176680 1.537411 -0.218084 0.013758 0.000682
1371713826.208752 1.524364 -0.217141 -0.009105 0.024314
1371713826.247939 1.534860 -0.219570 -0.003281 0.003359
1371713826.277541 1.539348 -0.220626 0.008339 -0.015942
1371713826.316269 1.535197 -0.217906 0.005884 0.001628
1371713826.355222 1.533922 -0.218535 0.002905 0.005083
1371713826.375622 1.536551 -0.219160 0.005799 -0.000773
1371713826.418116 1.538144 -0.220047 0.010518 -0.009745
1371713826.446805 1.536532 -0.219409 0.009426 -0.005334
1371713826.481022 1.537265 -0.219946 0.009816 -0.006300
1371713826.515933 1.537236 -0.220319 0.009570 -0.007492
1371713826.549167 1.534056 -0.216820 0.000915 0.019516
1371713826.582812 1.543223 -0.219164 0.013278 0.003496
1371713826.621139 1.535115 -0.218952 0.006883 0.004345
1371713826.649374 1.530255 -0.217684 -0.006853 0.015587
1371713826.680225 1.534860 -0.219570 -0.005985 0.000010
1371713826.716955 1.541449 -0.217932 0.004004 -0.000230
1371713826.747933 1.527811 -0.216689 -0.013024 0.018423
1371713826.785197 1.532939 -0.219350 -0.012191 -0.000679
1371713826.816053 1.537236 -0.220319 -0.003930 -0.018027
1371713826.852208 1.535936 -0.217119 -0.003579 0.001492
1371713826.888416 1.541443 -0.220527 0.009297 -0.017708
1371713826.917485 1.538552 -0.219845 0.011122 -0.014152
1371713826.948235 1.536688 -0.217415 0.006791 0.008278
1371713826.984410 1.533539 -0.217218 -0.000921 0.019014
1371713827.026252 1.535849 -0.218235 -0.000690 0.010329
1371713827.054679 1.533922 -0.218535 -0.003612 0.003932
1371713827.088338 1.539430 -0.216721 0.002257 0.008386
1371713827.127654 1.538976 -0.217932 0.006703 0.000884
1371713827.155486 1.533618 -0.216205 -0.001058 0.013372
1371713827.187559 1.532792 -0.217794 -0.005755 0.005085
1371713827.227252 1.540369 -0.220020 0.005356 -0.019927
1371713827.264629 1.538017 -0.219019 0.006541 -0.016675
1371713827.287761 1.539348 -0.220626 0.010127 -0.023110
1371713827.327370 1.532341 -0.217717 -0.002569 0.004290
1371713827.356859 1.526942 -0.218007 -0.018908 0.015729
1371713827.390274 1.525625 -0.216514 -0.031504 0.026561
1371713827.425086 1.537197 -0.219648 -0.015717 -0.005492
1371713827.469963 1.539685 -0.218292 -0.002318 -0.009701
1371713827.494133 1.545951 -0.215274 0.014964 0.006882
1371713827.525941 1.537953 -0.217066 0.014964 0.006882
1371713827.597101 1.538451 -0.216836 0.014964 0.006882
1371713827.628442 1.535936 -0.217119 0.008580 0.005382
1371713827.664123 1.538552 -0.219845 0.011903 -0.014290
1371713827.699338 1.535820 -0.218607 0.006639 -0.008426
1371713827.729269 1.537300 -0.218334 0.005214 -0.003368
1371713827.764267 1.539935 -0.219713 0.009427 -0.011784
1371713827.797252 1.530818 -0.217497 -0.005481 0.009556
1371713827.828963 1.531292 -0.219009 -0.012450 0.004646
1371713827.862401 1.534261 -0.218758 -0.011938 0.000559
1371713827.898358 1.539092 -0.221853 -0.000661 -0.025529
1371713827.937929 1.539485 -0.218878 0.003933 -0.010430
1371713827.961147 1.539348 -0.220626 0.008279 -0.013295
1371713827.997309 1.534406 -0.216899 -0.000493 0.017284
1371713828.029029 1.534261 -0.218758 -0.003848 0.013056
1371713828.061482 1.541346 -0.219251 0.006367 -0.000137
1371713828.102167 1.536551 -0.219160 0.004465 -0.000795
1371713828.132151 1.534261 -0.218758 -0.001274 0.003481
1371713828.165086 1.538552 -0.219845 0.003064 -0.006174
1371713828.198934 1.540042 -0.217088 0.005887 0.008817
1371713828.236620 1.539961 -0.219383 0.009836 -0.002044
1371713828.267047 1.532792 -0.217794 -0.001650 0.010204
1371713828.298335 1.532262 -0.216995 -0.010172 0.018013
1371713828.340724 1.535197 -0.217906 -0.009171 0.008373
1371713828.375387 1.537265 -0.219946 -0.003191 -0.012592
1371713828.410900 1.526268 -0.216841 -0.020807 0.010644
1371713828.442683 1.535743 -0.215996 -0.015313 0.015063
1371713828.477052 1.537265 -0.219946 -0.004586 -0.014020
1371713828.509042 1.536542 -0.219277 -0.000295 -0.017313
1371713828.543506 1.538552 -0.219845 0.005889 -0.019862
1371713828.573925 1.544391 -0.218522 0.017981 -0.011505
1371713828.609234 1.538552 -0.219845 0.016697 -0.009230
1371713828.640915 1.523336 -0.215298 -0.014087 0.035545
1371713828.678070 1.533348 -0.217740 -0.013199 0.020291
1371713828.708545 1.526107 -0.217393 -0.024415 0.016902
1371713828.740748 1.545304 -0.219363 0.002658 -0.016086
1371713828.776579 1.536657 -0.217814 0.004249 -0.008208
1371713828.808683 1.538552 -0.219845 0.009891 -0.017936
1371713828.845629 1.536615 -0.218346 0.008081 -0.006028
1371713828.875710 1.523798 -0.216351 -0.016326 0.022894
1371713828.914340 1.527701 -0.216937 -0.023408 0.021133
1371713828.949480 1.539150 -0.219026 -0.005991 -0.007241
1371713828.978964 1.537377 -0.217348 0.000913 -0.004072
1371713829.015563 1.537265 -0.219946 0.007430 -0.018795
1371713829.047428 1.542980 -0.219894 0.019824 -0.023874
1371713829.082201 1.539961 -0.219383 0.021171 -0.014066
1371713829.115541 1.529723 -0.219214 0.003640 0.002186
1371713829.149504 1.536563 -0.219011 0.003475 0.003894
1371713829.181564 1.533459 -0.218232 -0.002414 0.011234
1371713829.219163 1.532362 -0.215710 -0.009356 0.028970
1371713829.256659 1.531327 -0.216832 -0.013188 0.022404
1371713829.279455 1.534056 -0.216820 -0.010301 0.012436
1371713829.320187 1.527666 -0.218540 -0.017256 -0.001305
1371713829.347433 1.537236 -0.220319 -0.004448 -0.025968
1371713829.385517 1.532880 -0.216680 -0.006822 -0.002304
1371713829.416091 1.539150 -0.219026 0.004882 -0.012732
1371713829.448936 1.545164 -0.215794 0.019656 0.003700
1371713829.489827 1.536625 -0.218213 0.017110 0.000603
1371713829.515226 1.525290 -0.218168 -0.004923 0.008081
1371713829.553366 1.536657 -0.217814 -0.000439 0.002324
1371713829.585167 1.538606 -0.217690 0.005665 -0.000921
1371713829.618250 1.537236 -0.220319 0.009132 -0.018117
1371713829.649923 1.541600 -0.218525 0.015747 -0.011890
1371713829.683722 1.528565 -0.218242 -0.002674 0.005298
1371713829.722324 1.538017 -0.219019 0.002069 -0.001891
1371713829.753334 1.538830 -0.219797 0.006821 -0.009881
1371713829.787731 1.539458 -0.219228 0.009783 -0.007218
1371713829.820200 1.539150 -0.219026 0.010573 -0.002624
1371713829.857237 1.534261 -0.218758 0.002288 0.005427
1371713829.888679 1.537353 -0.218829 0.002134 0.004443
1371713829.919325 1.536688 -0.217415 -0.000134 0.012992
1371713829.967001 1.526942 -0.218007 -0.017022 0.016594
1371713829.988586 1.534953 -0.218375 -0.013435 0.004967
1371713830.027185 1.536524 -0.219509 -0.007110 -0.009677
1371713830.096297 1.530255 -0.217684 -0.015001 0.003390
1371713830.123841 1.539348 -0.220626 -0.001659 -0.018967
1371713830.191061 1.530348 -0.216492 -0.011677 0.010844
1371713830.227536 1.541165 -0.221558 0.005283 -0.021827
1371713830.264121 1.534860 -0.219570 0.002765 -0.011573
1371713830.290761 1.534090 -0.218792 -0.000816 0.000806
1371713830.328659 1.536524 -0.219509 0.001865 -0.001118
1371713830.358476 1.539348 -0.220626 0.009030 -0.010957
1371713830.397210 1.537265 -0.219946 0.008837 -0.005939
1371713830.427620 1.536551 -0.219160 0.006529 0.003346
1371713830.464644 1.527128 -0.215628 -0.013235 0.036822
1371713830.494765 1.536524 -0.219509 -0.005325 0.008266
1371713830.530495 1.539935 -0.219713 0.005172 -0.008701
1371713830.564777 1.532792 -0.217794 -0.002051 0.004908
1371713830.596262 1.539150 -0.219026 0.005231 -0.003872
1371713830.629457 1.538830 -0.219797 0.009566 -0.011017
1371713830.661392 1.537236 -0.220319 0.009185 -0.013352
1371713830.698663 1.534261 -0.218758 0.001897 0.001423
1371713830.731111 1.528409 -0.217618 -0.013264 0.018646
1371713830.771202 1.541527 -0.216944 -0.000480 0.015459
1371713830.798030 1.534860 -0.219570 -0.000405 -0.001426
1371713830.831156 1.535653 -0.219220 -0.000081 -0.006143
1371713830.867145 1.539485 -0.218878 0.005922 -0.007161
1371713830.899349 1.539348 -0.220626 0.010609 -0.017111
1371713830.931438 1.535197 -0.217906 0.003565 0.004241
1371713830.967478 1.537236 -0.218237 0.003088 0.007968
1371713831.003805 1.534860 -0.219570 -0.000052 0.000617
1371713831.038016 1.537265 -0.219946 0.001761 -0.006853
1371713831.070994 1.532792 -0.217794 -0.006573 0.009358
1371713831.108336 1.537265 -0.219946 -0.002038 -0.004281
1371713831.139591 1.542980 -0.219894 0.009930 -0.012461
1371713831.170157 1.537265 -0.219946 0.007589 -0.008469
1371713831.206933 1.535686 -0.218791 0.002055 0.003925
1371713831.247451 1.532262 -0.216995 -0.008270 0.022287
1371713831.269934 1.535849 -0.218235 -0.006779 0.013228
1371713831.313323 1.538681 -0.218200 -0.000761 0.004744
1371713831.335596 1.533787 -0.220251 -0.003401 -0.009586
1371713831.370745 1.535849 -0.218235 -0.003928 -0.001504
1371713831.403307 1.529723 -0.219214 -0.013359 -0.000089
1371713831.437688 1.526973 -0.217611 -0.024832 0.012461
1371713831.470158 1.537440 -0.217711 -0.013038 0.005391
1371713831.503056 1.532756 -0.218258 -0.011660 0.001249
1371713831.538655 1.527637 -0.218910 -0.018318 -0.001533
1371713831.570158 1.537265 -0.219946 -0.005234 -0.016905
1371713831.607705 1.537265 -0.219946 -0.005234 -0.016905
1371713831.637453 1.534022 -0.217249 0.000000 0.000000
1371713831.671504 1.533922 -0.218535 -0.003024 -0.038601
1371713831.708435 1.540398 -0.219647 0.077214 -0.039289
1371713831.742218 1.539497 -0.215860 0.060701 0.014909
1371713831.779699 1.538918 -0.218678 0.047339 0.000901
1371713831.807688 1.538424 -0.220021 0.037291 -0.011747
1371713831.844784 1.537236 -0.220319 0.027029 -0.014195
1371713831.876494 1.534572 -0.218272 0.013061 0.003886
1371713831.910201 1.536563 -0.219011 0.009198 0.003867
1371713831.947466 1.536551 -0.219160 0.006532 0.002124
1371713831.980393 1.541300 -0.218078 0.011440 0.004765
1371713832.012730 1.552466 -0.215879 0.030566 0.011815
1371713832.054042 1.524364 -0.217141 -0.002175 0.025673
1371713832.079239 1.535855 -0.216644 -0.004752 0.018883
1371713832.117178 1.536524 -0.219509 -0.002842 -0.007779
1371713832.150777 1.529832 -0.217824 -0.015104 -0.000706
1371713832.181192 1.537382 -0.218456 -0.009527 -0.008290
1371713832.220911 1.536563 -0.219011 -0.006576 -0.012601
1371713832.253646 1.538457 -0.216054 -0.003540 0.006747
1371713832.293244 1.536551 -0.219160 -0.001233 -0.006227
1371713832.359065 1.539348 -0.220626 0.005454 -0.021751
1371713832.391227 1.527921 -0.216791 -0.013340 0.011120
1371713832.423334 1.533348 -0.217740 -0.014162 0.010381
1371713832.459187 1.542708 -0.219447 0.003042 -0.010657
1371713832.527639 1.529723 -0.219214 -0.008204 -0.005037
1371713832.564409 1.539348 -0.220626 0.001754 -0.018726
1371713832.628728 1.531176 -0.219073 -0.007269 -0.003338
1371713832.657343 1.536563 -0.219011 -0.003562 -0.000508
1371713832.695345 1.539150 -0.219026 0.003613 -0.001160
1371713832.724540 1.536551 -0.219160 0.004106 0.000210
1371713832.757033 1.541243 -0.220569 0.013116 -0.011912
1371713832.798504 1.539485 -0.218878 0.013696 -0.000957
1371713832.827598 1.529028 -0.215834 -0.005889 0.031912
1371713832.860424 1.534056 -0.216820 -0.007858 0.026778
1371713832.896651 1.541506 -0.219726 0.006200 -0.006119
1371713832.927799 1.538918 -0.218678 0.008941 -0.008501
1371713832.964671 1.535686 -0.218791 0.004725 -0.005654
1371713832.995592 1.537411 -0.218084 0.003912 0.000125
1371713833.031145 1.538176 -0.219648 0.005791 -0.008461
1371713833.064666 1.535252 -0.217208 -0.000408 0.008520
1371713833.101384 1.536688 -0.217415 -0.001252 0.010760
1371713833.134321 1.527921 -0.216791 -0.016598 0.019717
1371713833.164171 1.531301 -0.218943 -0.018085 0.001103
1371713833.199388 1.526268 -0.216841 -0.028884 0.010543
1371713833.233168 1.526384 -0.215361 -0.034921 0.020608
1371713833.281222 1.537411 -0.218084 -0.015929 -0.007079
1371713833.306982 1.535387 -0.217541 -0.006955 -0.011216
1371713833.342028 1.532792 -0.217794 -0.004935 -0.009989
1371713833.376286 1.539125 -0.219337 0.008200 -0.022141
1371713833.408398 1.528937 -0.218438 -0.001917 -0.007980
1371713833.443291 1.524464 -0.215862 -0.017689 0.019437
1371713833.474590 1.538716 -0.216292 -0.002000 0.011846
1371713833.519845 1.535820 -0.218607 0.005964 -0.006610
1371713833.545936 1.537387 -0.219906 0.013736 -0.021847
1371713833.576823 1.538552 -0.219845 0.019033 -0.022915
1371713833.611213 1.537236 -0.220319 0.019194 -0.019780
1371713833.645073 1.539348 -0.220626 0.021636 -0.017249
1371713833.683663 1.538017 -0.219019 0.018468 -0.000129
1371713833.713065 1.537907 -0.220417 0.016766 -0.002111
1371713833.751610 1.538082 -0.220846 0.015126 -0.005084
1371713833.787680 1.522725 -0.215612 -0.016632 0.041337
1371713833.818201 1.545249 -0.220065 0.006004 0.003088
1371713833.848445 1.534860 -0.219570 0.002299 -0.001302
1371713833.885187 1.535820 -0.218607 0.000299 0.002828
1371713833.917284 1.527887 -0.217218 -0.015187 0.018817
1371713833.951784 1.532307 -0.217841 -0.016025 0.012649
1371713833.989404 1.542348 -0.219646 0.002289 -0.012252
1371713834.018521 1.525290 -0.218168 -0.016138 0.003479
1371713834.056026 1.532015 -0.218608 -0.015498 -0.000052
1371713834.088170 1.537265 -0.219946 -0.004620 -0.014511
1371713834.157802 1.533472 -0.216147 -0.006732 0.011315
1371713834.187112 1.540369 -0.220020 0.007740 -0.011833
1371713834.257536 1.533316 -0.218138 0.002904 -0.000127
1371713834.288347 1.531714 -0.217504 -0.003246 0.009838
1371713834.321506 1.522725 -0.215612 -0.023176 0.030494
1371713834.364522 1.539886 -0.219087 -0.002848 -0.004884
1371713834.386937 1.527666 -0.218540 -0.010989 -0.004882
1371713834.423088 1.538947 -0.218305 0.002496 -0.010999
1371713834.459361 1.541372 -0.218921 0.015674 -0.016258
1371713834.489357 1.532307 -0.217841 0.007439 -0.000077
1371713834.526153 1.530303 -0.218305 -0.001012 0.004613
1371713834.558698 1.529211 -0.218390 -0.008241 0.005318
1371713834.593575 1.538332 -0.217651 0.002030 0.002245
1371713834.629281 1.538332 -0.217651 0.002030 0.002245
1371713834.663199 1.533348 -0.217740 0.000000 0.000000
1371713834.697235 1.538017 -0.219019 0.140043 -0.038382
1371713834.730894 1.533922 -0.218535 0.031829 -0.005843
1371713834.760234 1.536524 -0.219509 0.031025 -0.011625
1371713834.799745 1.536651 -0.217880 0.025933 0.003693
1371713834.837228 1.526268 -0.216841 -0.011316 0.021120
1371713834.871239 1.530223 -0.218081 -0.014599 0.011124
1371713834.903684 1.538017 -0.219019 0.001375 -0.007029
1371713834.936639 1.537236 -0.220319 0.009089 -0.020418
1371713834.972152 1.534860 -0.219570 0.007724 -0.014102
1371713835.006116 1.532792 -0.217794 0.001652 0.005041
1371713835.038190 1.534860 -0.219570 0.002993 -0.001944
1371713835.078694 1.536688 -0.217415 0.004812 0.008814
1371713835.108189 1.539850 -0.217612 0.011714 0.007768
1371713835.136016 1.535197 -0.217906 0.008663 0.007621
1371713835.171688 1.540038 -0.218396 0.014550 -0.000797
1371713835.204707 1.534519 -0.220394 0.009832 -0.012688
1371713835.239186 1.534056 -0.216820 0.001883 0.009485
1371713835.273465 1.536688 -0.217415 0.002152 0.010121
1371713835.307994 1.535849 -0.218235 0.001689 0.003346
1371713835.346938 1.533888 -0.218964 -0.001682 -0.003528
1371713835.374383 1.536563 -0.219011 0.000200 -0.007934
1371713835.411073 1.541066 -0.217336 0.007415 0.000029
1371713835.443170 1.534953 -0.218375 0.002871 0.001207
1371713835.479315 1.538144 -0.220047 0.006228 -0.012123
1371713835.508498 1.538154 -0.217272 0.005387 0.003928
1371713835.545786 1.539961 -0.219383 0.009761 -0.005731
1371713835.574664 1.535016 -0.217577 0.002145 0.007653
1371713835.606665 1.535585 -0.220079 0.000305 -0.005970
1371713835.647806 1.534056 -0.216820 -0.006589 0.012588
1371713835.676488 1.530149 -0.218277 -0.015479 0.009930
1371713835.709045 1.523249 -0.216405 -0.033619 0.023413
1371713835.741074 1.536551 -0.219160 -0.018841 -0.005916
1371713835.777148 1.529805 -0.218171 -0.020910 -0.004824
1371713835.810672 1.526268 -0.216841 -0.028133 0.007549
1371713835.857037 1.528409 -0.217618 -0.026698 0.003089
1371713835.880688 1.524699 -0.217362 -0.030744 0.004435
1371713835.917361 1.538209 -0.216573 -0.009827 -0.001381
1371713835.949203 1.534860 -0.219570 0.001756 -0.020396
1371713835.984773 1.536524 -0.219509 0.011018 -0.023772
1371713836.017461 1.537989 -0.219369 0.018435 -0.019329
1371713836.051970 1.537274 -0.218662 0.020581 -0.007282
1371713836.096626 1.537265 -0.219946 0.022159 -0.008772
1371713836.119624 1.540427 -0.219273 0.026517 -0.004646
1371713836.156910 1.536563 -0.219011 0.021491 0.003420
1371713836.186086 1.536615 -0.218346 0.016861 0.010586
1371713836.220578 1.529723 -0.219214 0.002312 0.010585
1371713836.258775 1.529723 -0.219214 0.002312 0.010585
1371713836.286531 1.538830 -0.219797 0.000000 0.000000
1371713836.325151 1.536688 -0.217415 -0.064248 0.071460
1371713836.359384 1.536524 -0.219509 -0.037369 -0.000443
1371713836.390039 1.539150 -0.219026 -0.009157 -0.004339
1371713836.427581 1.524699 -0.217362 -0.065132 0.016868
1371713836.456442 1.537758 -0.215178 -0.036807 0.025532
1371713836.494750 1.536524 -0.219509 -0.021513 -0.006088
1371713836.525769 1.533348 -0.217740 -0.021097 -0.003285
1371713836.559041 1.536524 -0.219509 -0.012553 -0.015927
1371713836.596135 1.535016 -0.217577 -0.011395 -0.003553
1371713836.627236 1.537265 -0.219946 -0.004269 -0.015450
1371713836.665088 1.534056 -0.216820 -0.007539 0.006549
1371713836.696951 1.536563 -0.219011 -0.002715 -0.002822
1371713836.728404 1.541011 -0.218036 0.006777 -0.002575
1371713836.767618 1.538830 -0.219797 0.010768 -0.011461
1371713836.799204 1.525290 -0.218168 -0.011476 0.008724
1371713836.830650 1.540530 -0.217967 -0.000003 0.003859
1371713836.867586 1.541004 -0.219560 0.009890 -0.009424
1371713836.901379 1.536551 -0.219160 0.007716 -0.006151
1371713836.933609 1.527097 -0.216025 -0.012335 0.024408
1371713836.967639 1.527666 -0.218540 -0.020851 0.012876
1371713837.001990 1.533488 -0.218554 -0.016002 0.000213
1371713837.039254 1.540038 -0.218396 -0.001548 -0.008771
1371713837.069932 1.528409 -0.217618 -0.012014 0.003739
1371713837.103007 1.527701 -0.216937 -0.019598 0.012213
1371713837.132667 1.537236 -0.220319 -0.004645 -0.017271
1371713837.169562 1.541911 -0.220244 0.011894 -0.027704
1371713837.200983 1.536532 -0.219409 0.012083 -0.015340
1371713837.238590 1.538144 -0.220047 0.014839 -0.012098
1371713837.271435 1.535016 -0.217577 0.008829 0.011078
1371713837.306604 1.540515 -0.218154 0.014920 0.010071
1371713837.338707 1.540819 -0.220487 0.020774 -0.007659
1371713837.377476 1.534056 -0.216820 0.008822 0.016930
1371713837.409966 1.535948 -0.218139 0.005552 0.012592
1371713837.441505 1.539886 -0.219087 0.010351 -0.001078
1371713837.478161 1.538606 -0.217690 0.009366 0.004303
1371713837.508927 1.536532 -0.219409 0.006285 -0.004222
1371713837.544635 1.533348 -0.217740 -0.003203 0.006714
1371713837.578270 1.537236 -0.220319 -0.000552 -0.010806
1371713837.609328 1.530303 -0.218305 -0.012812 0.003075
1371713837.643685 1.529064 -0.215371 -0.023982 0.027576
1371713837.679647 1.534377 -0.217271 -0.018531 0.013729
1371713837.710937 1.526934 -0.218106 -0.025819 0.004696
1371713837.747296 1.525290 -0.218168 -0.032408 -0.000121
1371713837.781341 1.538017 -0.219019 -0.013587 -0.017936
1371713837.812081 1.538830 -0.219797 0.001012 -0.026475
1371713837.843711 1.535849 -0.218235 0.004020 -0.010834
1371713837.891569 1.533922 -0.218535 0.003248 -0.002535
1371713837.913307 1.538830 -0.219797 0.011918 -0.010538
1371713837.950068 1.537382 -0.218456 0.013299 -0.000808
1371713837.984172 1.528409 -0.217618 -0.001784 0.015790
1371713838.019936 1.535720 -0.218361 0.001790 0.007987
1371713838.049536 1.525290 -0.218168 -0.013646 0.012143
1371713838.080779 1.538681 -0.218200 -0.000691 0.000225
1371713838.114421 1.526942 -0.218007 -0.011899 0.005686
1371713838.150815 1.531792 -0.219112 -0.009625 -0.005051
1371713838.194397 1.539150 -0.219026 0.004032 -0.013118
1371713838.214620 1.534261 -0.218758 0.004328 -0.007472
1371713838.251489 1.534860 -0.219570 0.005942 -0.009273
1371713838.284114 1.536563 -0.219011 0.008861 -0.005243
1371713838.320494 1.528627 -0.217449 -0.003994 0.014080
1371713838.390054 1.537265 -0.219946 0.004783 -0.004830
1371713838.417382 1.538552 -0.219845 0.011715 -0.011164
1371713838.450899 1.536532 -0.219409 0.011653 -0.006301
1371713838.495905 1.536524 -0.219509 0.011073 -0.003330
1371713838.522960 1.524498 -0.215436 -0.012964 0.034820
1371713838.559489 1.537382 -0.218456 -0.002709 0.011554
1371713838.588715 1.530906 -0.216385 -0.008453 0.018420
1371713838.620523 1.539348 -0.220626 0.006049 -0.017612
1371713838.655822 1.537421 -0.219476 0.009633 -0.018478
1371713838.687612 1.537411 -0.218084 0.010105 -0.005075
1371713838.723983 1.539348 -0.220626 0.015381 -0.016599
1371713838.758330 1.536551 -0.219160 0.011539 -0.005194
1371713838.793284 1.536524 -0.219509 0.008793 -0.001648
