  -2.0000000e+00  -3.0000000e+00
  -2.0000000e+00  -2.5702704e+00
  -2.0000000e+00  -2.1461682e+00
  -2.0000000e+00  -1.6977135e+00
  -2.0000000e+00  -1.2758325e+00
  -2.0000000e+00  -7.9841887e-01
  -2.0000000e+00  -3.5941275e-01
  -2.0000000e+00   1.4469937e-01
  -2.0000000e+00   6.0331620e-01
  -2.0000000e+00   1.1304843e+00
  -2.0000000e+00   1.6493536e+00
  -2.0000000e+00   2.0985768e+00
  -2.0000000e+00   2.5522983e+00
  -2.0000000e+00   3.0000000e+00
  -1.5748023e+00   8.3860426e-01
  -1.5738233e+00   3.0000000e+00
  -1.5724215e+00   1.4590322e+00
  -1.5662467e+00  -1.5858196e-01
  -1.5649507e+00  -2.0919321e+00
  -1.5595796e+00  -1.1288040e+00
  -1.5394761e+00  -3.0000000e+00
  -1.5285237e+00   2.4881335e+00
  -1.4449363e+00   3.1506466e-01
  -1.4446849e+00   1.9929853e+00
  -1.4385660e+00  -6.5097753e-01
  -1.4272171e+00  -1.6067482e+00
  -1.4002894e+00  -2.5435042e+00
  -1.2158677e+00   1.1415542e+00
  -1.1517435e+00   3.0000000e+00
  -1.0964376e+00  -2.0220228e-01
  -1.0833915e+00  -1.1374214e+00
  -1.0730881e+00  -2.0669235e+00
  -1.0587001e+00   2.4945323e+00
  -1.0570035e+00   1.6231009e+00
  -1.0524436e+00   6.5860446e-01
  -1.0388827e+00  -3.0000000e+00
  -8.6457219e-01  -6.8172289e-01
  -8.5134430e-01  -1.6045248e+00
  -8.4782033e-01   2.1019849e-01
  -8.4640438e-01   2.0621679e+00
  -8.3128420e-01  -2.5304289e+00
  -7.4411546e-01   1.1357346e+00
  -7.0949253e-01   3.0000000e+00
  -5.5313130e-01  -2.5224389e-01
  -5.5303168e-01  -1.1484222e+00
  -5.4246081e-01  -2.0653084e+00
  -5.3206979e-01   2.5170922e+00
  -5.2944715e-01   1.6098243e+00
  -5.2602615e-01   6.5266009e-01
  -5.2305160e-01  -3.0000000e+00
  -2.8702870e-01  -7.0553194e-01
  -2.8367518e-01  -1.6067786e+00
  -2.8048317e-01   1.9050615e-01
  -2.7979052e-01   2.0631171e+00
  -2.7580099e-01  -2.5290537e+00
  -2.4978075e-01   1.1290472e+00
  -2.3849868e-01   3.0000000e+00
   3.1086245e-16  -3.0000000e+00
   3.9412917e-16  -2.0649047e+00
   3.8857806e-16  -1.1558222e+00
   4.4686477e-16  -2.6151946e-01
  -9.7144515e-18   6.4805659e-01
  -8.1046281e-16   1.6063727e+00
  -9.4394978e-16   2.5170145e+00
   2.3849868e-01   3.0000000e+00
   2.4978075e-01   1.1290472e+00
   2.7580099e-01  -2.5290537e+00
   2.7979052e-01   2.0631171e+00
   2.8048317e-01   1.9050615e-01
   2.8367518e-01  -1.6067786e+00
   2.8702870e-01  -7.0553194e-01
   5.2305160e-01  -3.0000000e+00
   5.2602615e-01   6.5266009e-01
   5.2944715e-01   1.6098243e+00
   5.3206979e-01   2.5170922e+00
   5.4246081e-01  -2.0653084e+00
   5.5303168e-01  -1.1484222e+00
   5.5313130e-01  -2.5224389e-01
   7.0949253e-01   3.0000000e+00
   7.4411546e-01   1.1357346e+00
   8.3128420e-01  -2.5304289e+00
   8.4640438e-01   2.0621679e+00
   8.4782033e-01   2.1019849e-01
   8.5134430e-01  -1.6045248e+00
   8.6457219e-01  -6.8172289e-01
   1.0388827e+00  -3.0000000e+00
   1.0524436e+00   6.5860446e-01
   1.0570035e+00   1.6231009e+00
   1.0587001e+00   2.4945323e+00
   1.0730881e+00  -2.0669235e+00
   1.0833915e+00  -1.1374214e+00
   1.0964376e+00  -2.0220228e-01
   1.1517435e+00   3.0000000e+00
   1.2158677e+00   1.1415542e+00
   1.4002894e+00  -2.5435042e+00
   1.4272171e+00  -1.6067482e+00
   1.4385660e+00  -6.5097753e-01
   1.4446849e+00   1.9929853e+00
   1.4449363e+00   3.1506466e-01
   1.5285237e+00   2.4881335e+00
   1.5394761e+00  -3.0000000e+00
   1.5595796e+00  -1.1288040e+00
   1.5649507e+00  -2.0919321e+00
   1.5662467e+00  -1.5858196e-01
   1.5724215e+00   1.4590322e+00
   1.5738233e+00   3.0000000e+00
   1.5748023e+00   8.3860426e-01
   2.0000000e+00  -3.0000000e+00
   2.0000000e+00  -2.5702704e+00
   2.0000000e+00  -2.1461682e+00
   2.0000000e+00  -1.6977135e+00
   2.0000000e+00  -1.2758325e+00
   2.0000000e+00  -7.9841887e-01
   2.0000000e+00  -3.5941275e-01
   2.0000000e+00   1.4469937e-01
   2.0000000e+00   6.0331620e-01
   2.0000000e+00   1.1304843e+00
   2.0000000e+00   1.6493536e+00
   2.0000000e+00   2.0985768e+00
   2.0000000e+00   2.5522983e+00
   2.0000000e+00   3.0000000e+00
