0.23    -0.36 0.83 -0.47 -0.20 0.32 -0.26
0.33    -0.37 0.84 -0.48 -0.31 0.65 -0.40
0.43    -0.37 0.85 -0.48 -0.35 0.78 -0.45
0.53    -0.38 0.87 -0.49 -0.37 0.83 -0.47
0.63    -0.39 0.88 -0.49 -0.38 0.86 -0.49
0.73    -0.39 0.89 -0.50 -0.39 0.88 -0.49
0.83    -0.40 0.91 -0.51 -0.39 0.89 -0.50
0.93    -0.40 0.92 -0.51 -0.40 0.91 -0.51
1.03    -0.41 0.93 -0.52 -0.40 0.92 -0.51
1.13    -0.42 0.94 -0.53 -0.41 0.93 -0.52
1.23    -0.42 0.94 -0.53 -0.41 0.94 -0.52
1.33    -0.42 0.94 -0.53 -0.42 0.94 -0.52
1.43    -0.42 0.94 -0.53 -0.42 0.94 -0.52
1.53    -0.42 0.94 -0.53 -0.42 0.94 -0.53
1.63    -0.42 0.94 -0.53 -0.42 0.94 -0.53
1.73    -0.42 0.94 -0.53 -0.42 0.94 -0.53
1.83    -0.42 0.94 -0.53 -0.42 0.94 -0.53
1.93    -0.42 0.94 -0.53 -0.42 0.94 -0.53
2.03    -0.42 0.94 -0.53 -0.42 0.94 -0.53
2.13    -0.42 0.94 -0.53 -0.42 0.94 -0.53
2.23    -0.42 0.94 -0.53 -0.42 0.94 -0.53
2.33    -0.42 0.94 -0.53 -0.42 0.94 -0.53
2.43    -0.42 0.94 -0.53 -0.42 0.94 -0.53
2.53    -0.42 0.94 -0.53 -0.42 0.94 -0.53
2.63    -0.42 0.94 -0.53 -0.42 0.94 -0.53
2.73    -0.42 0.94 -0.53 -0.42 0.94 -0.53
2.83    -0.42 0.94 -0.53 -0.42 0.94 -0.53
2.93    -0.42 0.94 -0.53 -0.42 0.94 -0.53
3.03    -0.42 0.94 -0.53 -0.42 0.94 -0.53
3.13    -0.42 0.94 -0.53 -0.42 0.94 -0.53
3.23    -0.42 0.94 -0.53 -0.42 0.94 -0.53
3.33    -0.42 0.94 -0.53 -0.42 0.94 -0.53
3.43    -0.42 0.94 -0.53 -0.42 0.94 -0.53
3.53    -0.42 0.94 -0.53 -0.42 0.94 -0.53
3.63    -0.42 0.94 -0.53 -0.42 0.94 -0.53
3.73    -0.42 0.94 -0.53 -0.42 0.94 -0.53
3.83    -0.42 0.94 -0.53 -0.42 0.94 -0.53
3.93    -0.42 0.94 -0.53 -0.42 0.94 -0.53
4.03    -0.42 0.94 -0.53 -0.42 0.94 -0.53
4.13    -0.42 0.94 -0.53 -0.42 0.94 -0.53
4.23    -0.42 0.94 -0.53 -0.42 0.94 -0.53
4.33    -0.42 0.94 -0.53 -0.42 0.94 -0.53
4.43    -0.42 0.94 -0.53 -0.42 0.94 -0.53
4.53    -0.42 0.94 -0.53 -0.42 0.94 -0.53
4.63    -0.42 0.94 -0.53 -0.42 0.94 -0.53
4.73    -0.42 0.94 -0.53 -0.42 0.94 -0.53
4.83    -0.42 0.94 -0.53 -0.42 0.94 -0.53
4.93    -0.42 0.94 -0.53 -0.42 0.94 -0.53
5.03    -0.42 0.94 -0.53 -0.42 0.94 -0.53
5.13    -0.42 0.94 -0.53 -0.42 0.94 -0.53
5.23    -0.42 0.94 -0.53 -0.42 0.94 -0.53
5.33    -0.42 0.94 -0.53 -0.42 0.94 -0.53
5.43    -0.42 0.94 -0.53 -0.42 0.94 -0.53
5.53    -0.42 0.94 -0.53 -0.42 0.94 -0.53
5.63    -0.42 0.94 -0.53 -0.42 0.94 -0.53
5.73    -0.42 0.94 -0.53 -0.42 0.94 -0.53
5.83    -0.42 0.94 -0.53 -0.42 0.94 -0.53
5.93    -0.42 0.94 -0.53 -0.42 0.94 -0.53
6.03    -0.42 0.94 -0.53 -0.42 0.94 -0.53
6.13    -0.42 0.94 -0.53 -0.42 0.94 -0.53
6.23    -0.42 0.94 -0.53 -0.42 0.94 -0.53
6.33    -0.42 0.94 -0.53 -0.42 0.94 -0.53
6.43    -0.42 0.94 -0.53 -0.42 0.94 -0.53
6.53    -0.42 0.94 -0.53 -0.42 0.94 -0.53
6.63    -0.42 0.94 -0.53 -0.42 0.94 -0.53
6.73    -0.42 0.94 -0.53 -0.42 0.94 -0.53
6.83    -0.42 0.94 -0.53 -0.42 0.94 -0.53
6.93    -0.42 0.94 -0.53 -0.42 0.94 -0.53
7.03    -0.42 0.94 -0.53 -0.42 0.94 -0.53
7.13    -0.42 0.94 -0.53 -0.42 0.94 -0.53
7.23    -0.42 0.94 -0.53 -0.42 0.94 -0.53
7.33    -0.42 0.94 -0.53 -0.42 0.94 -0.53
7.43    -0.42 0.94 -0.53 -0.42 0.94 -0.53
7.53    -0.42 0.94 -0.53 -0.42 0.94 -0.53
7.63    -0.42 0.94 -0.53 -0.42 0.94 -0.53
7.73    -0.42 0.94 -0.53 -0.42 0.94 -0.53
7.83    -0.42 0.94 -0.53 -0.42 0.94 -0.53
7.93    -0.42 0.94 -0.53 -0.42 0.94 -0.53
8.03    -0.42 0.94 -0.53 -0.42 0.94 -0.53
8.13    -0.42 0.94 -0.53 -0.42 0.94 -0.53
8.23    -0.42 0.94 -0.53 -0.42 0.94 -0.53
8.33    -0.42 0.94 -0.53 -0.42 0.94 -0.53
8.43    -0.42 0.94 -0.53 -0.42 0.94 -0.53
8.53    -0.42 0.94 -0.53 -0.42 0.94 -0.53
8.63    -0.42 0.94 -0.53 -0.42 0.94 -0.53
8.73    -0.42 0.94 -0.53 -0.42 0.94 -0.53
8.83    -0.42 0.94 -0.53 -0.42 0.94 -0.53
8.93    -0.42 0.94 -0.53 -0.42 0.94 -0.53
9.03    -0.42 0.94 -0.53 -0.42 0.94 -0.53
9.13    -0.42 0.94 -0.53 -0.42 0.94 -0.53
9.23    -0.42 0.94 -0.53 -0.42 0.94 -0.53
9.33    -0.42 0.94 -0.53 -0.42 0.94 -0.53
9.43    -0.42 0.94 -0.53 -0.42 0.94 -0.53
9.53    -0.42 0.94 -0.53 -0.42 0.94 -0.53
9.63    -0.42 0.94 -0.53 -0.42 0.94 -0.53
9.73    -0.42 0.94 -0.53 -0.42 0.94 -0.53
9.83    -0.42 0.94 -0.53 -0.42 0.94 -0.53
9.93    -0.42 0.94 -0.53 -0.42 0.94 -0.53
10.03    -0.42 0.94 -0.53 -0.42 0.94 -0.53
10.13    -0.42 0.94 -0.53 -0.42 0.94 -0.53
10.23    -0.42 0.94 -0.53 -0.42 0.94 -0.53
10.33    -0.42 0.94 -0.53 -0.42 0.94 -0.53
10.43    -0.42 0.94 -0.53 -0.42 0.94 -0.53
10.53    -0.42 0.94 -0.53 -0.42 0.94 -0.53
10.63    -0.42 0.94 -0.53 -0.42 0.94 -0.53
10.73    -0.42 0.94 -0.53 -0.42 0.94 -0.53
10.83    -0.42 0.94 -0.53 -0.42 0.94 -0.53
10.93    -0.42 0.94 -0.53 -0.42 0.94 -0.53
11.03    -0.42 0.94 -0.53 -0.42 0.94 -0.53
11.13    -0.42 0.94 -0.53 -0.42 0.94 -0.53
11.23    -0.42 0.94 -0.53 -0.42 0.94 -0.53
11.33    -0.42 0.94 -0.53 -0.42 0.94 -0.53
11.43    -0.42 0.94 -0.53 -0.42 0.94 -0.53
11.53    -0.42 0.94 -0.53 -0.42 0.94 -0.53
11.63    -0.42 0.94 -0.53 -0.42 0.94 -0.53
11.73    -0.42 0.94 -0.53 -0.42 0.94 -0.53
11.83    -0.42 0.94 -0.53 -0.42 0.94 -0.53
11.93    -0.42 0.94 -0.53 -0.42 0.94 -0.53
12.03    -0.42 0.94 -0.53 -0.42 0.94 -0.53
12.13    -0.42 0.94 -0.53 -0.42 0.94 -0.53
12.23    -0.42 0.94 -0.53 -0.42 0.94 -0.53
12.33    -0.42 0.94 -0.53 -0.42 0.94 -0.53
12.43    -0.42 0.94 -0.53 -0.42 0.94 -0.53
12.53    -0.42 0.94 -0.53 -0.42 0.94 -0.53
12.63    -0.42 0.94 -0.53 -0.42 0.94 -0.53
12.73    -0.42 0.94 -0.53 -0.42 0.94 -0.53
12.83    -0.42 0.94 -0.53 -0.42 0.94 -0.53
12.93    -0.42 0.94 -0.53 -0.42 0.94 -0.53
13.03    -0.42 0.94 -0.53 -0.42 0.94 -0.53
13.13    -0.42 0.94 -0.53 -0.42 0.94 -0.53
13.23    -0.42 0.94 -0.53 -0.42 0.94 -0.53
13.33    -0.42 0.94 -0.53 -0.42 0.94 -0.53
13.43    -0.42 0.94 -0.53 -0.42 0.94 -0.53
13.53    -0.42 0.94 -0.53 -0.42 0.94 -0.53
13.63    -0.42 0.94 -0.53 -0.42 0.94 -0.53
13.73    -0.42 0.94 -0.53 -0.42 0.94 -0.53
13.83    -0.42 0.94 -0.53 -0.42 0.94 -0.53
13.93    -0.42 0.94 -0.53 -0.42 0.94 -0.53
14.03    -0.42 0.94 -0.53 -0.42 0.94 -0.53
14.13    -0.42 0.94 -0.53 -0.42 0.94 -0.53
14.23    -0.42 0.94 -0.53 -0.42 0.94 -0.53
14.33    -0.42 0.94 -0.53 -0.42 0.94 -0.53
14.43    -0.42 0.94 -0.53 -0.42 0.94 -0.53
14.53    -0.42 0.94 -0.53 -0.42 0.94 -0.53
14.63    -0.42 0.94 -0.53 -0.42 0.94 -0.53
14.73    -0.42 0.94 -0.53 -0.42 0.94 -0.53
14.83    -0.42 0.94 -0.53 -0.42 0.94 -0.53
14.93    -0.42 0.94 -0.53 -0.42 0.94 -0.53
15.03    -0.42 0.94 -0.53 -0.42 0.94 -0.53
15.13    -0.42 0.94 -0.53 -0.42 0.94 -0.53
15.23    -0.42 0.94 -0.53 -0.42 0.94 -0.53
15.33    -0.42 0.94 -0.53 -0.42 0.94 -0.53
15.43    -0.42 0.94 -0.53 -0.42 0.94 -0.53
15.53    -0.42 0.94 -0.53 -0.42 0.94 -0.53
15.63    -0.42 0.94 -0.53 -0.42 0.94 -0.53
15.73    -0.42 0.94 -0.53 -0.42 0.94 -0.53
15.83    -0.42 0.94 -0.53 -0.42 0.94 -0.53
15.93    -0.42 0.94 -0.53 -0.42 0.94 -0.53
16.03    -0.42 0.94 -0.53 -0.42 0.94 -0.53
16.13    -0.42 0.94 -0.53 -0.42 0.94 -0.53
16.23    -0.42 0.94 -0.53 -0.42 0.94 -0.53
16.33    -0.42 0.94 -0.53 -0.42 0.94 -0.53
16.43    -0.42 0.94 -0.53 -0.42 0.94 -0.53
16.53    -0.42 0.94 -0.53 -0.42 0.94 -0.53
16.63    -0.42 0.94 -0.53 -0.42 0.94 -0.53
16.73    -0.42 0.94 -0.53 -0.42 0.94 -0.53
16.83    -0.42 0.94 -0.53 -0.42 0.94 -0.53
16.93    -0.42 0.94 -0.53 -0.42 0.94 -0.53
17.03    -0.42 0.94 -0.53 -0.42 0.94 -0.53
17.13    -0.42 0.94 -0.53 -0.42 0.94 -0.53
17.23    -0.42 0.94 -0.53 -0.42 0.94 -0.53
17.33    -0.42 0.94 -0.53 -0.42 0.94 -0.53
17.43    -0.42 0.94 -0.53 -0.42 0.94 -0.53
17.53    -0.42 0.94 -0.53 -0.42 0.94 -0.53
17.63    -0.42 0.94 -0.53 -0.42 0.94 -0.53
17.73    -0.42 0.94 -0.53 -0.42 0.94 -0.53
17.83    -0.42 0.94 -0.53 -0.42 0.94 -0.53
17.93    -0.42 0.94 -0.53 -0.42 0.94 -0.53
18.03    -0.42 0.94 -0.53 -0.42 0.94 -0.53
18.13    -0.42 0.94 -0.53 -0.42 0.94 -0.53
18.23    -0.42 0.94 -0.53 -0.42 0.94 -0.53
18.33    -0.42 0.94 -0.53 -0.42 0.94 -0.53
18.43    -0.42 0.94 -0.53 -0.42 0.94 -0.53
18.53    -0.42 0.94 -0.53 -0.42 0.94 -0.53
18.63    -0.42 0.94 -0.53 -0.42 0.94 -0.53
18.73    -0.42 0.94 -0.53 -0.42 0.94 -0.53
18.83    -0.42 0.94 -0.53 -0.42 0.94 -0.53
18.93    -0.42 0.94 -0.53 -0.42 0.94 -0.53
19.03    -0.42 0.94 -0.53 -0.42 0.94 -0.53
19.13    -0.42 0.94 -0.53 -0.42 0.94 -0.53
19.23    -0.42 0.94 -0.53 -0.42 0.94 -0.53
19.33    -0.42 0.94 -0.53 -0.42 0.94 -0.53
19.43    -0.42 0.94 -0.53 -0.42 0.94 -0.53
19.53    -0.42 0.94 -0.53 -0.42 0.94 -0.53
19.63    -0.42 0.94 -0.53 -0.42 0.94 -0.53
19.73    -0.42 0.94 -0.53 -0.42 0.94 -0.53
19.83    -0.42 0.94 -0.53 -0.42 0.94 -0.53
19.93    -0.42 0.94 -0.53 -0.42 0.94 -0.53
20.03    -0.42 0.94 -0.53 -0.42 0.94 -0.53
20.13    -0.42 0.94 -0.53 -0.42 0.94 -0.53
20.23    -0.42 0.94 -0.53 -0.42 0.94 -0.53
20.33    -0.42 0.94 -0.53 -0.42 0.94 -0.53
20.43    -0.42 0.94 -0.53 -0.42 0.94 -0.53
20.53    -0.42 0.94 -0.53 -0.42 0.94 -0.53
20.63    -0.42 0.94 -0.53 -0.42 0.94 -0.53
20.73    -0.42 0.94 -0.53 -0.42 0.94 -0.53
20.83    -0.42 0.94 -0.53 -0.42 0.94 -0.53
20.93    -0.42 0.94 -0.53 -0.42 0.94 -0.53
21.03    -0.42 0.94 -0.53 -0.42 0.94 -0.53
21.13    -0.42 0.94 -0.53 -0.42 0.94 -0.53
21.23    -0.42 0.94 -0.53 -0.42 0.94 -0.53
21.33    -0.42 0.94 -0.53 -0.42 0.94 -0.53
21.43    -0.42 0.94 -0.53 -0.42 0.94 -0.53
21.53    -0.42 0.94 -0.53 -0.42 0.94 -0.53
21.63    -0.42 0.94 -0.53 -0.42 0.94 -0.53
21.73    -0.42 0.94 -0.53 -0.42 0.94 -0.53
21.83    -0.42 0.94 -0.53 -0.42 0.94 -0.53
21.93    -0.42 0.94 -0.53 -0.42 0.94 -0.53
22.03    -0.42 0.94 -0.53 -0.42 0.94 -0.53
22.13    -0.42 0.94 -0.53 -0.42 0.94 -0.53
22.23    -0.42 0.94 -0.53 -0.42 0.94 -0.53
22.33    -0.42 0.94 -0.53 -0.42 0.94 -0.53
22.43    -0.42 0.94 -0.53 -0.42 0.94 -0.53
22.53    -0.42 0.94 -0.53 -0.42 0.94 -0.53
22.63    -0.42 0.94 -0.53 -0.42 0.94 -0.53
22.73    -0.42 0.94 -0.53 -0.42 0.94 -0.53
22.83    -0.42 0.94 -0.53 -0.42 0.94 -0.53
22.93    -0.42 0.94 -0.53 -0.42 0.94 -0.53
23.03    -0.42 0.94 -0.53 -0.42 0.94 -0.53
23.13    -0.42 0.94 -0.53 -0.42 0.94 -0.53
23.23    -0.42 0.94 -0.53 -0.42 0.94 -0.53
23.33    -0.42 0.94 -0.53 -0.42 0.94 -0.53
23.43    -0.42 0.94 -0.53 -0.42 0.94 -0.53
23.53    -0.42 0.94 -0.53 -0.42 0.94 -0.53
23.63    -0.42 0.94 -0.53 -0.42 0.94 -0.53
23.73    -0.42 0.94 -0.53 -0.42 0.94 -0.53
23.83    -0.42 0.94 -0.53 -0.42 0.94 -0.53
23.93    -0.42 0.94 -0.53 -0.42 0.94 -0.53
24.03    -0.42 0.94 -0.53 -0.42 0.94 -0.53
24.13    -0.42 0.94 -0.53 -0.42 0.94 -0.53
24.23    -0.42 0.94 -0.53 -0.42 0.94 -0.53
24.33    -0.42 0.94 -0.53 -0.42 0.94 -0.53
24.43    -0.42 0.94 -0.53 -0.42 0.94 -0.53
24.53    -0.42 0.94 -0.53 -0.42 0.94 -0.53
24.63    -0.42 0.94 -0.53 -0.42 0.94 -0.53
24.73    -0.42 0.94 -0.53 -0.42 0.94 -0.53
24.83    -0.42 0.94 -0.53 -0.42 0.94 -0.53
24.93    -0.42 0.94 -0.53 -0.42 0.94 -0.53
25.03    -0.42 0.94 -0.53 -0.42 0.94 -0.53
25.13    -0.42 0.94 -0.52 -0.42 0.94 -0.53
25.23    -0.41 0.94 -0.52 -0.42 0.94 -0.52
25.33    -0.41 0.92 -0.51 -0.41 0.93 -0.52
25.43    -0.38 0.87 -0.49 -0.40 0.91 -0.51
25.53    -0.36 0.82 -0.47 -0.38 0.86 -0.49
25.63    -0.48 1.07 -0.59 -0.40 0.91 -0.51
25.73    -0.61 1.34 -0.73 -0.50 1.11 -0.61
25.83    -0.69 1.50 -0.81 -0.60 1.32 -0.72
25.93    -0.70 1.53 -0.83 -0.66 1.46 -0.79
26.03    -0.65 1.42 -0.77 -0.67 1.47 -0.80
26.13    -0.54 1.20 -0.66 -0.62 1.37 -0.75
26.23    -0.42 0.96 -0.53 -0.53 1.17 -0.65
26.33    -0.37 0.84 -0.48 -0.43 0.98 -0.55
26.43    -0.40 0.91 -0.51 -0.40 0.91 -0.51
26.53    -0.42 0.94 -0.53 -0.41 0.93 -0.52
26.63    -0.40 0.91 -0.51 -0.41 0.93 -0.52
26.73    -0.36 0.82 -0.46 -0.39 0.89 -0.50
26.83    -0.32 0.74 -0.42 -0.35 0.81 -0.46
26.93    -0.29 0.68 -0.39 -0.32 0.74 -0.42
27.03    -0.28 0.65 -0.37 -0.29 0.69 -0.40
27.13    -0.27 0.64 -0.37 -0.28 0.66 -0.38
27.23    -0.27 0.64 -0.37 -0.27 0.65 -0.37
27.33    -0.28 0.67 -0.39 -0.28 0.65 -0.38
27.43    -0.30 0.72 -0.41 -0.29 0.68 -0.39
27.53    -0.34 0.79 -0.45 -0.31 0.73 -0.42
27.63    -0.39 0.88 -0.50 -0.35 0.80 -0.45
27.73    -0.42 0.94 -0.52 -0.38 0.88 -0.49
27.83    -0.41 0.93 -0.52 -0.40 0.92 -0.51
27.93    -0.37 0.86 -0.48 -0.40 0.90 -0.51
28.03    -0.45 1.01 -0.56 -0.40 0.91 -0.51
28.13    -0.58 1.28 -0.70 -0.48 1.07 -0.59
28.23    -0.67 1.47 -0.80 -0.58 1.28 -0.70
28.33    -0.71 1.54 -0.83 -0.66 1.44 -0.78
28.43    -0.67 1.47 -0.80 -0.68 1.49 -0.81
28.53    -0.58 1.28 -0.70 -0.65 1.42 -0.77
28.63    -0.46 1.03 -0.57 -0.56 1.24 -0.68
28.73    -0.37 0.85 -0.48 -0.46 1.03 -0.57
28.83    -0.39 0.89 -0.50 -0.40 0.92 -0.51
28.93    -0.42 0.94 -0.52 -0.41 0.92 -0.52
29.03    -0.41 0.92 -0.52 -0.41 0.93 -0.52
29.13    -0.37 0.85 -0.48 -0.40 0.90 -0.51
29.23    -0.33 0.76 -0.43 -0.36 0.83 -0.47
29.33    -0.30 0.70 -0.39 -0.33 0.76 -0.43
29.43    -0.29 0.66 -0.37 -0.31 0.71 -0.40
29.53    -0.29 0.65 -0.35 -0.30 0.67 -0.37
29.63    -0.30 0.65 -0.35 -0.30 0.66 -0.36
29.73    -0.30 0.67 -0.37 -0.30 0.66 -0.36
29.83    -0.31 0.71 -0.40 -0.30 0.68 -0.37
29.93    -0.30 0.77 -0.46 -0.31 0.72 -0.41
30.03    -0.27 0.83 -0.56 -0.30 0.77 -0.48
30.13    -0.17 0.82 -0.65 -0.25 0.81 -0.56
30.23    -0.00 0.67 -0.67 -0.15 0.77 -0.63
30.33    0.25 0.31 -0.57 0.03 0.60 -0.63
30.43    0.18 0.50 -0.68 0.20 0.38 -0.58
30.53    -0.14 1.03 -0.89 0.07 0.66 -0.73
30.63    -0.45 1.39 -0.94 -0.17 1.04 -0.86
30.73    -0.72 1.54 -0.82 -0.45 1.33 -0.88
30.83    -0.88 1.46 -0.58 -0.69 1.45 -0.76
30.93    -0.89 1.18 -0.30 -0.83 1.37 -0.54
31.03    -0.76 0.78 -0.02 -0.83 1.11 -0.29
31.13    -0.59 0.44 0.16 -0.72 0.76 -0.04
31.23    -0.63 0.62 0.02 -0.64 0.59 0.05
31.33    -0.65 0.83 -0.18 -0.65 0.69 -0.04
31.43    -0.58 0.90 -0.32 -0.63 0.81 -0.18
31.53    -0.46 0.86 -0.40 -0.56 0.86 -0.30
31.63    -0.35 0.77 -0.42 -0.45 0.83 -0.38
31.73    -0.29 0.70 -0.40 -0.36 0.76 -0.40
31.83    -0.27 0.66 -0.38 -0.31 0.70 -0.40
31.93    -0.27 0.64 -0.37 -0.28 0.67 -0.38
32.03    -0.28 0.65 -0.36 -0.28 0.65 -0.37
32.13    -0.30 0.67 -0.37 -0.29 0.65 -0.37
32.23    -0.31 0.70 -0.40 -0.30 0.67 -0.38
32.33    -0.30 0.76 -0.45 -0.30 0.71 -0.41
32.43    -0.27 0.82 -0.55 -0.29 0.76 -0.47
32.53    -0.17 0.82 -0.64 -0.25 0.81 -0.56
32.63    -0.02 0.69 -0.67 -0.15 0.78 -0.63
32.73    0.24 0.34 -0.58 0.02 0.62 -0.64
32.83    0.31 0.27 -0.59 0.27 0.28 -0.53
32.93    -0.04 0.91 -0.86 0.17 0.52 -0.68
33.03    -0.35 1.32 -0.96 -0.08 0.91 -0.84
33.13    -0.64 1.52 -0.88 -0.36 1.26 -0.90
33.23    -0.84 1.50 -0.66 -0.62 1.44 -0.82
33.33    -0.89 1.27 -0.37 -0.79 1.41 -0.61
33.43    -0.79 0.88 -0.10 -0.83 1.19 -0.36
33.53    -0.62 0.51 0.12 -0.74 0.85 -0.11
33.63    -0.62 0.58 0.04 -0.65 0.62 0.03
33.73    -0.65 0.80 -0.15 -0.65 0.68 -0.03
33.83    -0.60 0.90 -0.30 -0.63 0.80 -0.17
33.93    -0.48 0.88 -0.39 -0.57 0.86 -0.29
34.03    -0.36 0.79 -0.42 -0.47 0.84 -0.37
34.13    -0.30 0.71 -0.41 -0.38 0.78 -0.40
34.23    -0.27 0.66 -0.39 -0.32 0.71 -0.40
34.33    -0.27 0.64 -0.37 -0.29 0.67 -0.39
34.43    -0.28 0.64 -0.36 -0.28 0.65 -0.37
34.53    -0.29 0.66 -0.37 -0.28 0.65 -0.37
34.63    -0.30 0.69 -0.39 -0.29 0.67 -0.37
34.73    -0.31 0.75 -0.44 -0.30 0.70 -0.40
34.83    -0.28 0.81 -0.53 -0.30 0.75 -0.45
34.93    -0.20 0.82 -0.63 -0.26 0.80 -0.54
35.03    -0.04 0.71 -0.67 -0.17 0.79 -0.62
35.13    0.22 0.38 -0.60 -0.00 0.64 -0.64
35.23    0.40 0.11 -0.51 0.26 0.29 -0.53
35.33    -0.00 0.85 -0.85 0.20 0.46 -0.65
35.43    -0.32 1.28 -0.96 -0.04 0.86 -0.83
35.53    -0.61 1.51 -0.90 -0.32 1.22 -0.90
35.63    -0.83 1.51 -0.69 -0.59 1.43 -0.83
35.73    -0.89 1.30 -0.41 -0.78 1.42 -0.64
35.83    -0.80 0.93 -0.13 -0.83 1.22 -0.39
35.93    -0.64 0.54 0.10 -0.75 0.89 -0.13
36.03    -0.61 0.55 0.06 -0.65 0.63 0.03
36.13    -0.65 0.79 -0.14 -0.65 0.67 -0.02
36.23    -0.60 0.90 -0.30 -0.64 0.79 -0.16
36.33    -0.48 0.88 -0.40 -0.57 0.86 -0.29
36.43    -0.36 0.79 -0.42 -0.47 0.84 -0.37
36.53    -0.30 0.71 -0.41 -0.38 0.78 -0.40
36.63    -0.27 0.66 -0.39 -0.32 0.71 -0.40
36.73    -0.27 0.64 -0.37 -0.29 0.67 -0.39
36.83    -0.28 0.64 -0.36 -0.28 0.65 -0.37
36.93    -0.29 0.66 -0.37 -0.28 0.65 -0.37
37.03    -0.30 0.69 -0.39 -0.29 0.67 -0.37
37.13    -0.31 0.75 -0.44 -0.30 0.70 -0.40
37.23    -0.28 0.81 -0.53 -0.30 0.75 -0.45
37.33    -0.20 0.82 -0.63 -0.26 0.80 -0.54
37.43    -0.05 0.73 -0.67 -0.17 0.79 -0.62
37.53    0.19 0.43 -0.62 -0.02 0.66 -0.64
37.63    0.45 0.00 -0.44 0.24 0.31 -0.53
37.73    0.04 0.79 -0.82 0.22 0.42 -0.63
37.83    -0.28 1.24 -0.96 -0.01 0.82 -0.81
37.93    -0.58 1.50 -0.92 -0.29 1.19 -0.90
38.03    -0.81 1.52 -0.72 -0.57 1.41 -0.85
38.13    -0.89 1.33 -0.44 -0.76 1.43 -0.67
38.23    -0.82 0.97 -0.16 -0.83 1.25 -0.42
38.33    -0.65 0.57 0.08 -0.77 0.92 -0.16
38.43    -0.61 0.53 0.08 -0.66 0.64 0.02
38.53    -0.65 0.77 -0.12 -0.65 0.66 -0.01
38.63    -0.62 0.89 -0.27 -0.64 0.78 -0.14
38.73    -0.51 0.89 -0.38 -0.59 0.86 -0.27
38.83    -0.38 0.80 -0.42 -0.49 0.85 -0.36
38.93    -0.31 0.72 -0.41 -0.39 0.79 -0.40
39.03    -0.28 0.67 -0.39 -0.32 0.73 -0.40
39.13    -0.27 0.64 -0.37 -0.29 0.68 -0.39
39.23    -0.28 0.64 -0.36 -0.28 0.65 -0.37
39.33    -0.29 0.66 -0.36 -0.28 0.65 -0.37
39.43    -0.30 0.69 -0.38 -0.29 0.66 -0.37
39.53    -0.31 0.73 -0.43 -0.30 0.69 -0.39
39.63    -0.29 0.80 -0.51 -0.30 0.74 -0.44
39.73    -0.22 0.83 -0.61 -0.27 0.79 -0.52
39.83    -0.07 0.74 -0.67 -0.19 0.80 -0.60
39.93    0.16 0.47 -0.63 -0.04 0.68 -0.64
40.03    0.45 0.00 -0.43 0.22 0.35 -0.54
40.13    0.07 0.73 -0.80 0.24 0.39 -0.61
40.23    -0.25 1.21 -0.95 0.01 0.78 -0.80
40.33    -0.55 1.48 -0.93 -0.27 1.16 -0.90
40.43    -0.79 1.53 -0.74 -0.54 1.40 -0.86
40.53    -0.89 1.36 -0.47 -0.75 1.44 -0.69
40.63    -0.83 1.01 -0.18 -0.83 1.27 -0.45
40.73    -0.67 0.61 0.06 -0.78 0.96 -0.18
40.83    -0.60 0.50 0.10 -0.67 0.66 0.01
40.93    -0.65 0.75 -0.10 -0.64 0.65 -0.00
41.03    -0.62 0.89 -0.27 -0.64 0.77 -0.13
41.13    -0.51 0.89 -0.38 -0.59 0.85 -0.26
41.23    -0.38 0.80 -0.42 -0.49 0.85 -0.36
41.33    -0.31 0.72 -0.41 -0.39 0.79 -0.40
41.43    -0.28 0.67 -0.39 -0.32 0.72 -0.40
41.53    -0.27 0.64 -0.37 -0.29 0.68 -0.39
41.63    -0.28 0.64 -0.36 -0.28 0.65 -0.37
41.73    -0.29 0.66 -0.36 -0.28 0.65 -0.37
41.83    -0.30 0.69 -0.38 -0.29 0.66 -0.37
41.93    -0.31 0.73 -0.43 -0.30 0.69 -0.39
42.03    -0.29 0.80 -0.51 -0.30 0.74 -0.44
42.13    -0.22 0.83 -0.61 -0.27 0.79 -0.52
42.23    -0.07 0.74 -0.67 -0.19 0.80 -0.60
42.33    0.13 0.51 -0.64 -0.05 0.70 -0.64
42.43    0.45 0.00 -0.42 0.20 0.39 -0.56
42.53    0.10 0.67 -0.78 0.25 0.35 -0.59
42.63    -0.22 1.17 -0.95 0.04 0.73 -0.78
42.73    -0.52 1.46 -0.94 -0.24 1.12 -0.90
42.83    -0.77 1.54 -0.77 -0.51 1.38 -0.87
42.93    -0.89 1.38 -0.50 -0.73 1.44 -0.71
43.03    -0.84 1.05 -0.21 -0.83 1.30 -0.47
43.13    -0.69 0.65 0.04 -0.79 1.00 -0.21
43.23    -0.59 0.48 0.11 -0.68 0.68 -0.00
43.33    -0.65 0.73 -0.08 -0.64 0.64 0.01
43.43    -0.62 0.88 -0.26 -0.64 0.76 -0.12
43.53    -0.53 0.90 -0.36 -0.60 0.85 -0.25
43.63    -0.40 0.82 -0.42 -0.51 0.86 -0.35
43.73    -0.32 0.74 -0.42 -0.41 0.80 -0.40
43.83    -0.28 0.68 -0.40 -0.34 0.74 -0.40
43.93    -0.27 0.65 -0.38 -0.30 0.69 -0.39
44.03    -0.28 0.64 -0.36 -0.28 0.66 -0.38
44.13    -0.29 0.65 -0.36 -0.28 0.65 -0.37
44.23    -0.30 0.68 -0.38 -0.29 0.66 -0.37
44.33    -0.31 0.72 -0.42 -0.30 0.69 -0.39
44.43    -0.30 0.78 -0.49 -0.30 0.73 -0.43
44.53    -0.24 0.83 -0.59 -0.28 0.78 -0.50
44.63    -0.11 0.77 -0.67 -0.21 0.80 -0.59
44.73    0.10 0.55 -0.65 -0.08 0.72 -0.64
44.83    0.45 0.00 -0.42 0.17 0.43 -0.57
44.93    0.14 0.61 -0.75 0.27 0.32 -0.58
45.03    -0.19 1.13 -0.94 0.07 0.70 -0.76
45.13    -0.49 1.44 -0.95 -0.21 1.09 -0.89
45.23    -0.75 1.54 -0.79 -0.49 1.37 -0.88
45.33    -0.88 1.41 -0.53 -0.71 1.45 -0.73
45.43    -0.85 1.09 -0.24 -0.82 1.32 -0.50
45.53    -0.70 0.68 0.02 -0.79 1.03 -0.24
45.63    -0.59 0.47 0.12 -0.68 0.70 -0.02
45.73    -0.65 0.71 -0.06 -0.64 0.63 0.01
45.83    -0.63 0.87 -0.24 -0.64 0.75 -0.10
45.93    -0.53 0.90 -0.36 -0.60 0.84 -0.24
46.03    -0.40 0.82 -0.42 -0.51 0.86 -0.34
46.13    -0.32 0.74 -0.42 -0.41 0.80 -0.39
46.23    -0.28 0.68 -0.40 -0.34 0.74 -0.40
46.33    -0.27 0.65 -0.38 -0.30 0.69 -0.39
46.43    -0.28 0.64 -0.36 -0.28 0.66 -0.38
46.53    -0.29 0.65 -0.36 -0.28 0.65 -0.37
46.63    -0.30 0.68 -0.38 -0.29 0.66 -0.37
46.73    -0.31 0.72 -0.42 -0.30 0.69 -0.39
46.83    -0.30 0.78 -0.49 -0.30 0.73 -0.43
46.93    -0.24 0.83 -0.59 -0.28 0.78 -0.50
47.03    -0.11 0.77 -0.67 -0.21 0.80 -0.59
47.13    0.08 0.58 -0.66 -0.09 0.73 -0.64
47.23    0.44 0.00 -0.42 0.14 0.47 -0.59
47.33    0.17 0.55 -0.72 0.28 0.30 -0.56
47.43    -0.16 1.08 -0.93 0.09 0.65 -0.75
47.53    -0.46 1.42 -0.96 -0.18 1.05 -0.88
47.63    -0.73 1.54 -0.81 -0.46 1.35 -0.89
47.73    -0.88 1.43 -0.55 -0.70 1.45 -0.75
47.83    -0.86 1.13 -0.27 -0.82 1.34 -0.52
47.93    -0.72 0.72 -0.00 -0.80 1.06 -0.26
48.03    -0.59 0.46 0.13 -0.70 0.73 -0.03
48.13    -0.64 0.69 -0.04 -0.64 0.62 0.02
48.23    -0.63 0.86 -0.23 -0.65 0.73 -0.09
48.33    -0.56 0.90 -0.35 -0.62 0.84 -0.22
48.43    -0.43 0.84 -0.42 -0.53 0.86 -0.33
48.53    -0.33 0.75 -0.42 -0.43 0.82 -0.39
48.63    -0.29 0.69 -0.40 -0.35 0.75 -0.40
48.73    -0.27 0.65 -0.38 -0.30 0.69 -0.39
48.83    -0.27 0.64 -0.37 -0.28 0.66 -0.38
48.93    -0.29 0.65 -0.36 -0.28 0.65 -0.37
49.03    -0.30 0.67 -0.37 -0.29 0.66 -0.37
49.13    -0.31 0.71 -0.41 -0.30 0.68 -0.38
49.23    -0.30 0.77 -0.47 -0.30 0.72 -0.42
49.33    -0.26 0.83 -0.57 -0.29 0.77 -0.49
49.43    -0.14 0.80 -0.66 -0.23 0.80 -0.57
49.53    0.05 0.61 -0.66 -0.11 0.75 -0.64
49.63    0.44 0.00 -0.43 0.10 0.51 -0.61
49.73    0.21 0.48 -0.69 0.28 0.28 -0.55
49.83    -0.13 1.04 -0.91 0.12 0.62 -0.73
49.93    -0.44 1.40 -0.96 -0.15 1.01 -0.88
50.03    -0.71 1.54 -0.83 -0.43 1.33 -0.90
50.13    -0.87 1.45 -0.58 -0.68 1.45 -0.77
50.23    -0.87 1.17 -0.29 -0.81 1.36 -0.55
50.33    -0.74 0.77 -0.03 -0.81 1.10 -0.29
50.43    -0.59 0.47 0.13 -0.71 0.76 -0.05
50.53    -0.64 0.66 -0.02 -0.64 0.62 0.02
50.63    -0.64 0.85 -0.21 -0.65 0.72 -0.07
50.73    -0.56 0.90 -0.35 -0.62 0.83 -0.21
50.83    -0.43 0.84 -0.42 -0.53 0.86 -0.33
50.93    -0.33 0.75 -0.42 -0.43 0.82 -0.39
51.03    -0.29 0.69 -0.40 -0.35 0.75 -0.40
51.13    -0.27 0.65 -0.38 -0.30 0.69 -0.39
51.23    -0.27 0.64 -0.37 -0.28 0.66 -0.38
51.33    -0.29 0.65 -0.36 -0.28 0.65 -0.37
51.43    -0.30 0.67 -0.37 -0.29 0.66 -0.37
51.53    -0.31 0.71 -0.41 -0.30 0.68 -0.38
51.63    -0.30 0.77 -0.47 -0.30 0.72 -0.42
51.73    -0.26 0.83 -0.57 -0.29 0.77 -0.49
51.83    -0.14 0.80 -0.66 -0.23 0.80 -0.57
51.94    0.08 0.58 -0.66 -0.10 0.74 -0.64
52.04    0.44 0.00 -0.42 0.13 0.47 -0.59
52.14    0.32 0.31 -0.64 0.34 0.20 -0.51
52.24    0.05 0.87 -0.92 0.22 0.48 -0.70
52.34    -0.15 1.20 -1.05 0.04 0.86 -0.90
52.44    -0.31 1.37 -1.06 -0.14 1.15 -1.01
52.54    -0.42 1.38 -0.96 -0.29 1.31 -1.01
52.64    -0.45 1.24 -0.78 -0.39 1.31 -0.92
52.74    -0.40 1.00 -0.59 -0.42 1.18 -0.76
52.84    -0.35 0.82 -0.47 -0.39 0.99 -0.60
52.94    -0.37 0.85 -0.48 -0.37 0.88 -0.51
53.04    -0.40 0.91 -0.51 -0.38 0.88 -0.50
53.14    -0.41 0.93 -0.52 -0.40 0.91 -0.51
53.24    -0.42 0.94 -0.52 -0.41 0.93 -0.52
53.34    -0.42 0.94 -0.53 -0.41 0.94 -0.52
53.44    -0.42 0.94 -0.53 -0.42 0.94 -0.52
53.54    -0.42 0.94 -0.53 -0.42 0.94 -0.52
53.64    -0.42 0.94 -0.53 -0.42 0.94 -0.53
53.74    -0.42 0.94 -0.53 -0.42 0.94 -0.53
53.85    -0.42 0.94 -0.53 -0.42 0.94 -0.53
53.95    -0.42 0.94 -0.53 -0.42 0.94 -0.53
54.05    -0.42 0.94 -0.53 -0.42 0.94 -0.53
54.15    -0.42 0.94 -0.53 -0.42 0.94 -0.53
54.25    -0.42 0.94 -0.53 -0.42 0.94 -0.53
54.35    -0.42 0.94 -0.53 -0.42 0.94 -0.53
54.45    -0.42 0.94 -0.53 -0.42 0.94 -0.53
54.55    -0.42 0.94 -0.53 -0.42 0.94 -0.53
54.65    -0.42 0.94 -0.53 -0.42 0.94 -0.53
54.75    -0.42 0.94 -0.53 -0.42 0.94 -0.53
54.85    -0.42 0.94 -0.53 -0.42 0.94 -0.53
54.95    -0.42 0.94 -0.53 -0.42 0.94 -0.53
55.05    -0.42 0.94 -0.53 -0.42 0.94 -0.53
55.15    -0.42 0.94 -0.53 -0.42 0.94 -0.53
55.25    -0.42 0.94 -0.53 -0.42 0.94 -0.53
55.35    -0.42 0.94 -0.53 -0.42 0.94 -0.53
55.45    -0.42 0.94 -0.53 -0.42 0.94 -0.53
55.55    -0.42 0.94 -0.53 -0.42 0.94 -0.53
55.65    -0.42 0.94 -0.53 -0.42 0.94 -0.53
55.75    -0.42 0.94 -0.53 -0.42 0.94 -0.53
55.85    -0.42 0.94 -0.53 -0.42 0.94 -0.53
55.95    -0.42 0.94 -0.53 -0.42 0.94 -0.53
56.05    -0.42 0.94 -0.53 -0.42 0.94 -0.53
56.15    -0.42 0.94 -0.53 -0.42 0.94 -0.53
56.25    -0.42 0.94 -0.53 -0.42 0.94 -0.53
56.35    -0.42 0.94 -0.53 -0.42 0.94 -0.53
56.45    -0.42 0.94 -0.53 -0.42 0.94 -0.53
56.55    -0.42 0.94 -0.53 -0.42 0.94 -0.53
56.65    -0.42 0.94 -0.53 -0.42 0.94 -0.53
56.75    -0.42 0.94 -0.53 -0.42 0.94 -0.53
56.85    -0.42 0.94 -0.53 -0.42 0.94 -0.53
56.95    -0.42 0.94 -0.53 -0.42 0.94 -0.53
57.05    -0.42 0.94 -0.53 -0.42 0.94 -0.53
57.15    -0.42 0.94 -0.53 -0.42 0.94 -0.53
57.25    -0.42 0.94 -0.53 -0.42 0.94 -0.53
57.35    -0.42 0.94 -0.53 -0.42 0.94 -0.53
57.45    -0.42 0.94 -0.53 -0.42 0.94 -0.53
57.55    -0.42 0.94 -0.53 -0.42 0.94 -0.53
57.65    -0.42 0.94 -0.53 -0.42 0.94 -0.53
57.75    -0.42 0.94 -0.53 -0.42 0.94 -0.53
57.85    -0.42 0.94 -0.53 -0.42 0.94 -0.53
57.95    -0.42 0.94 -0.53 -0.42 0.94 -0.53
58.05    -0.42 0.94 -0.53 -0.42 0.94 -0.53
58.15    -0.42 0.94 -0.53 -0.42 0.94 -0.53
58.25    -0.42 0.94 -0.53 -0.42 0.94 -0.53
58.35    -0.42 0.94 -0.53 -0.42 0.94 -0.53
58.45    -0.42 0.94 -0.53 -0.42 0.94 -0.53
58.55    -0.42 0.94 -0.53 -0.42 0.94 -0.53
58.65    -0.42 0.94 -0.53 -0.42 0.94 -0.53
58.75    -0.42 0.94 -0.53 -0.42 0.94 -0.53
58.85    -0.42 0.94 -0.53 -0.42 0.94 -0.53
58.95    -0.42 0.94 -0.53 -0.42 0.94 -0.53
59.05    -0.42 0.94 -0.53 -0.42 0.94 -0.53
59.15    -0.42 0.94 -0.53 -0.42 0.94 -0.53
59.25    -0.42 0.94 -0.53 -0.42 0.94 -0.53
59.35    -0.42 0.94 -0.53 -0.42 0.94 -0.53
59.45    -0.42 0.94 -0.53 -0.42 0.94 -0.53
59.55    -0.42 0.94 -0.53 -0.42 0.94 -0.53
59.65    -0.42 0.94 -0.53 -0.42 0.94 -0.53
59.75    -0.42 0.94 -0.53 -0.42 0.94 -0.53
59.85    -0.42 0.94 -0.53 -0.42 0.94 -0.53
59.95    -0.42 0.94 -0.53 -0.42 0.94 -0.53
60.05    -0.42 0.94 -0.53 -0.42 0.94 -0.53
60.15    -0.42 0.94 -0.53 -0.42 0.94 -0.53
60.25    -0.42 0.94 -0.53 -0.42 0.94 -0.53
60.35    -0.42 0.94 -0.53 -0.42 0.94 -0.53
60.45    -0.42 0.94 -0.53 -0.42 0.94 -0.53
60.55    -0.42 0.94 -0.53 -0.42 0.94 -0.53
60.65    -0.42 0.94 -0.53 -0.42 0.94 -0.53
60.75    -0.42 0.94 -0.53 -0.42 0.94 -0.53
60.85    -0.42 0.94 -0.53 -0.42 0.94 -0.53
60.95    -0.42 0.94 -0.53 -0.42 0.94 -0.53
61.05    -0.42 0.94 -0.53 -0.42 0.94 -0.53
61.15    -0.42 0.94 -0.53 -0.42 0.94 -0.53
61.25    -0.42 0.94 -0.53 -0.42 0.94 -0.53
61.35    -0.42 0.94 -0.53 -0.42 0.94 -0.53
61.45    -0.42 0.94 -0.53 -0.42 0.94 -0.53
61.55    -0.42 0.94 -0.53 -0.42 0.94 -0.53
61.65    -0.42 0.94 -0.53 -0.42 0.94 -0.53
61.75    -0.42 0.94 -0.53 -0.42 0.94 -0.53
61.85    -0.42 0.94 -0.53 -0.42 0.94 -0.53
61.95    -0.42 0.94 -0.53 -0.42 0.94 -0.53
62.05    -0.42 0.94 -0.53 -0.42 0.94 -0.53
62.15    -0.42 0.94 -0.53 -0.42 0.94 -0.53
62.25    -0.42 0.94 -0.53 -0.42 0.94 -0.53
62.35    -0.42 0.94 -0.53 -0.42 0.94 -0.53
62.45    -0.42 0.94 -0.53 -0.42 0.94 -0.53
62.55    -0.42 0.94 -0.53 -0.42 0.94 -0.53
62.65    -0.42 0.94 -0.53 -0.42 0.94 -0.53
62.75    -0.42 0.94 -0.53 -0.42 0.94 -0.53
