  -2.0000000e+00  -3.0000000e+00
  -2.0000000e+00   3.0000000e+00
  -2.0000000e+00  -2.3643980e+00
  -2.0000000e+00   1.6930327e+00
  -2.0000000e+00  -1.0516256e+00
  -2.0000000e+00   1.0490594e+00
  -2.0000000e+00  -4.1098262e-01
  -2.0000000e+00   3.1607704e-01
  -2.0000000e+00  -1.7392119e+00
  -2.0000000e+00   2.3566560e+00
  -1.3666660e+00   3.0000000e+00
  -1.3534737e+00  -3.0000000e+00
  -1.3514359e+00  -1.5813296e+00
  -1.3478219e+00  -1.4446748e-01
  -1.3468223e+00   7.4608874e-01
  -1.3239569e+00   2.2419506e+00
  -1.1763116e+00   1.5079887e+00
  -1.1574530e+00  -2.2884032e+00
  -1.1519471e+00  -8.8733624e-01
  -8.1007197e-01   2.8606482e-01
  -7.4462770e-01   3.0000000e+00
  -6.7367992e-01  -3.0000000e+00
  -6.5593012e-01   2.2526216e+00
  -6.3979717e-01  -1.6090118e+00
  -5.6418990e-01   9.6960191e-01
  -5.4706566e-01  -3.9713210e-01
  -3.2803180e-01  -2.2905980e+00
  -3.0205543e-01   1.5977981e+00
  -2.4974946e-01  -1.0170742e+00
  -1.0183411e-01   3.0000000e+00
  -9.7283778e-02   2.7716548e-01
   2.8165154e-02  -3.0000000e+00
   6.7585286e-02   2.2842132e+00
   1.9460527e-01  -1.6600437e+00
   2.4790217e-01   9.4534823e-01
   2.7866360e-01  -3.9405178e-01
   4.9645917e-01  -2.3013799e+00
   5.1475008e-01   1.5831063e+00
   5.8490016e-01   3.0000000e+00
   5.9278200e-01  -1.0333885e+00
   6.5617632e-01   2.7540016e-01
   7.1837837e-01  -3.0000000e+00
   7.5783414e-01   2.2759001e+00
   1.0689964e+00  -1.6732939e+00
   1.0971836e+00   9.4487207e-01
   1.1272818e+00  -3.8533584e-01
   1.2864267e+00   3.0000000e+00
   1.2903776e+00  -2.2947897e+00
   1.2967008e+00   1.5770730e+00
   1.3633752e+00  -3.0000000e+00
   1.3752956e+00  -1.0439545e+00
   1.3902241e+00   2.3010940e+00
   1.3940697e+00   2.9653518e-01
   2.0000000e+00   3.2363264e-01
   2.0000000e+00   2.3425572e+00
   2.0000000e+00  -1.0217035e+00
   2.0000000e+00   1.6631790e+00
   2.0000000e+00  -2.3479786e+00
   2.0000000e+00  -3.6001169e-01
   2.0000000e+00   9.9234749e-01
   2.0000000e+00  -1.6946776e+00
   2.0000000e+00  -3.0000000e+00
   2.0000000e+00   3.0000000e+00
