  -2.0000000e+00  -3.0000000e+00
  -2.0000000e+00  -2.1414805e+00
  -2.0000000e+00  -1.3222734e+00
  -2.0000000e+00  -4.0721878e-01
  -2.0000000e+00   4.0917998e-01
  -2.0000000e+00   1.3246285e+00
  -2.0000000e+00   2.1426683e+00
  -2.0000000e+00   3.0000000e+00
  -1.0384848e+00  -1.0543324e+00
  -1.0379372e+00   1.0518996e+00
  -1.0283322e+00  -3.0000000e+00
  -1.0278561e+00   3.0000000e+00
  -7.4628185e-01  -1.0369884e-03
  -6.3529137e-01   1.9944657e+00
  -6.3499643e-01  -1.9954502e+00
   2.4980018e-17  -3.0000000e+00
   9.4368957e-17  -9.2293578e-01
  -1.8318680e-16   9.2166651e-01
  -1.5404344e-16   3.0000000e+00
   6.3499643e-01  -1.9954502e+00
   6.3529137e-01   1.9944657e+00
   7.4628185e-01  -1.0369884e-03
   1.0278561e+00   3.0000000e+00
   1.0283322e+00  -3.0000000e+00
   1.0379372e+00   1.0518996e+00
   1.0384848e+00  -1.0543324e+00
   2.0000000e+00  -3.0000000e+00
   2.0000000e+00  -2.1414805e+00
   2.0000000e+00  -1.3222734e+00
   2.0000000e+00  -4.0721878e-01
   2.0000000e+00   4.0917998e-01
   2.0000000e+00   1.3246285e+00
   2.0000000e+00   2.1426683e+00
   2.0000000e+00   3.0000000e+00
