  -2.0000000e+00  -2.1527441e+00
  -2.0000000e+00   2.1480529e+00
  -2.0000000e+00  -4.3233428e-01
  -2.0000000e+00  -1.3253559e+00
  -2.0000000e+00   4.4077394e-01
  -2.0000000e+00   1.3099081e+00
  -2.0000000e+00  -3.0000000e+00
  -2.0000000e+00   3.0000000e+00
  -1.2044485e+00   3.0000000e+00
  -1.2032784e+00  -3.0000000e+00
  -1.0414710e+00  -9.5797761e-01
  -9.8339949e-01   1.9514981e+00
  -9.7992566e-01  -1.9874347e+00
  -9.7786663e-01   9.6019574e-01
  -9.7239514e-01   3.8748048e-04
  -4.2242113e-01   3.0000000e+00
  -4.1392953e-01  -3.0000000e+00
  -1.2121473e-01  -1.3115033e+00
   2.2972099e-02   2.1445559e+00
   2.9828707e-02  -4.7450729e-01
   3.0764523e-02   1.3050458e+00
   4.6488237e-02   4.1213392e-01
   1.2801532e-01  -2.0884823e+00
   4.2725862e-01  -3.0000000e+00
   4.6361571e-01   3.0000000e+00
   9.5487645e-01  -1.1642514e+00
   1.0229818e+00   1.9097782e+00
   1.0366040e+00   8.5542757e-01
   1.0471428e+00  -1.7118862e-01
   1.1080369e+00  -2.0749982e+00
   1.2297503e+00   3.0000000e+00
   1.2339540e+00  -3.0000000e+00
   2.0000000e+00  -3.0000000e+00
   2.0000000e+00   3.0000000e+00
   2.0000000e+00  -8.5614584e-01
   2.0000000e+00   1.1651310e+00
   2.0000000e+00   1.7669596e-01
   2.0000000e+00   2.0884675e+00
   2.0000000e+00  -1.8953120e+00
