  -2.0000000e+00   2.2552093e+00
  -2.0000000e+00  -1.5335796e+00
  -2.0000000e+00  -2.7357922e-02
  -2.0000000e+00   1.4775224e+00
  -2.0000000e+00  -7.9443825e-01
  -2.0000000e+00   7.0830399e-01
  -2.0000000e+00  -2.2777359e+00
  -2.0000000e+00  -3.0000000e+00
  -2.0000000e+00   3.0000000e+00
  -1.3564671e+00   2.1996253e+00
  -1.3100255e+00  -9.5722254e-02
  -1.3085944e+00  -1.5458228e+00
  -1.2573099e+00  -3.0000000e+00
  -1.2484758e+00   1.3494140e+00
  -1.1915096e+00   3.0000000e+00
  -9.8694463e-01  -8.2440808e-01
  -9.8305641e-01   6.1554294e-01
  -9.8221998e-01  -2.2689293e+00
  -6.9825906e-01   2.1544557e+00
  -4.4977260e-01  -1.1315152e-01
  -4.4904931e-01  -1.5455335e+00
  -4.2613251e-01  -3.0000000e+00
  -4.1971479e-01   1.3345922e+00
  -3.9765370e-01   3.0000000e+00
   6.9388939e-17  -2.2633341e+00
   2.4980018e-17  -8.2954838e-01
  -6.6613381e-17   5.9771834e-01
   1.9428903e-17   2.1643261e+00
   3.9765370e-01   3.0000000e+00
   4.1971479e-01   1.3345922e+00
   4.2613251e-01  -3.0000000e+00
   4.4904931e-01  -1.5455335e+00
   4.4977260e-01  -1.1315152e-01
   6.9825906e-01   2.1544557e+00
   9.8221998e-01  -2.2689293e+00
   9.8305641e-01   6.1554294e-01
   9.8694463e-01  -8.2440808e-01
   1.1915096e+00   3.0000000e+00
   1.2484758e+00   1.3494140e+00
   1.2573099e+00  -3.0000000e+00
   1.3085944e+00  -1.5458228e+00
   1.3100255e+00  -9.5722254e-02
   1.3564671e+00   2.1996253e+00
   2.0000000e+00  -3.0000000e+00
   2.0000000e+00   3.0000000e+00
   2.0000000e+00  -2.2777359e+00
   2.0000000e+00   7.0830399e-01
   2.0000000e+00  -7.9443825e-01
   2.0000000e+00   1.4775224e+00
   2.0000000e+00  -2.7357922e-02
   2.0000000e+00  -1.5335796e+00
   2.0000000e+00   2.2552093e+00
